0.000000 1.000000 1.000000 1.000000
0.025000 0.995434 0.994962 0.996377
0.050000 0.995434 0.994962 0.990958
0.075000 0.995434 0.989967 0.989884
0.100000 0.994550 0.989342 0.989884
0.125000 0.994550 0.989342 0.989884
0.150000 0.990930 0.989342 0.989784
0.175000 0.990272 0.989342 0.989191
0.200000 0.989796 0.989342 0.989191
0.225000 0.989442 0.988881 0.989191
0.250000 0.988494 0.988881 0.989191
0.275000 0.988494 0.988881 0.989191
0.300000 0.988494 0.988881 0.988285
0.325000 0.988494 0.988881 0.988092
0.350000 0.988361 0.988881 0.987426
0.375000 0.988246 0.987960 0.986798
0.400000 0.987277 0.987323 0.985413
0.425000 0.987220 0.987323 0.983119
0.450000 0.985915 0.986366 0.982477
0.475000 0.985915 0.985774 0.980241
0.500000 0.985915 0.984992 0.978412
0.525000 0.985915 0.982427 0.976433
0.550000 0.985915 0.980983 0.972581
0.575000 0.985915 0.978829 0.969403
0.600000 0.985915 0.976053 0.968088
0.625000 0.985915 0.974085 0.965614
0.650000 0.985915 0.969697 0.961933
0.675000 0.984947 0.965674 0.957557
0.700000 0.984050 0.962801 0.947875
0.725000 0.983311 0.959019 0.940480
0.750000 0.983311 0.952903 0.931777
0.775000 0.982556 0.944892 0.921975
0.800000 0.981435 0.930174 0.905805
0.825000 0.980777 0.915094 0.889020
0.850000 0.976680 0.896252 0.860639
0.875000 0.974339 0.867027 0.803165
0.900000 0.968172 0.810820 0.650030
0.925000 0.955579 0.582094 0.000000
0.950000 0.899674 0.000000 0.000000
0.975000 0.742781 0.000000 0.000000
1.000000 0.000000 0.000000 0.000000
