0.000000 1.000000 1.000000 1.000000
0.025000 1.000000 1.000000 1.000000
0.050000 1.000000 0.939655 0.944882
0.075000 0.954545 0.939655 0.944882
0.100000 0.933333 0.939655 0.944882
0.125000 0.933333 0.939655 0.944882
0.150000 0.933333 0.939655 0.944882
0.175000 0.933333 0.939655 0.944882
0.200000 0.933333 0.939655 0.944882
0.225000 0.933333 0.938462 0.937500
0.250000 0.933333 0.931677 0.931677
0.275000 0.933333 0.931677 0.911602
0.300000 0.933333 0.910615 0.909091
0.325000 0.933333 0.907692 0.902778
0.350000 0.933333 0.900943 0.893617
0.375000 0.929204 0.890830 0.875486
0.400000 0.925620 0.886179 0.866426
0.425000 0.919708 0.862676 0.852843
0.450000 0.919708 0.862676 0.846395
0.475000 0.904762 0.843137 0.821326
0.500000 0.903846 0.824242 0.785340
0.525000 0.902439 0.798883 0.777778
0.550000 0.890805 0.776623 0.756881
0.575000 0.875676 0.765281 0.735608
0.600000 0.875648 0.742597 0.696911
0.625000 0.866995 0.723404 0.660211
0.650000 0.859155 0.687379 0.642504
0.675000 0.855856 0.647266 0.595588
0.700000 0.834746 0.632890 0.523039
0.725000 0.819277 0.585438 0.443425
0.750000 0.793233 0.501845 0.274056
0.775000 0.764912 0.403442 0.120000
0.800000 0.757576 0.266218 0.000000
0.825000 0.734177 0.116303 0.000000
0.850000 0.717718 0.000000 0.000000
0.875000 0.673973 0.000000 0.000000
0.900000 0.617073 0.000000 0.000000
0.925000 0.201863 0.000000 0.000000
0.950000 0.092124 0.000000 0.000000
0.975000 0.000000 0.000000 0.000000
1.000000 0.000000 0.000000 0.000000
