0.000000 1.000000 1.000000 1.000000
0.025000 1.000000 1.000000 1.000000
0.050000 1.000000 0.974026 0.974026
0.075000 0.969231 0.974026 0.974026
0.100000 0.969231 0.974026 0.974026
0.125000 0.969231 0.974026 0.974026
0.150000 0.969231 0.974026 0.974026
0.175000 0.969231 0.974026 0.974026
0.200000 0.969231 0.974026 0.974026
0.225000 0.969231 0.974026 0.974026
0.250000 0.969231 0.974026 0.974026
0.275000 0.969231 0.974026 0.970588
0.300000 0.969231 0.964497 0.962567
0.325000 0.969231 0.961957 0.946602
0.350000 0.969231 0.945274 0.937500
0.375000 0.969231 0.935780 0.933610
0.400000 0.969231 0.931624 0.920578
0.425000 0.969231 0.920319 0.920578
0.450000 0.969231 0.917603 0.909091
0.475000 0.956835 0.905263 0.899054
0.500000 0.952703 0.903654 0.887574
0.525000 0.948718 0.890966 0.870166
0.550000 0.933735 0.874269 0.864230
0.575000 0.920455 0.859890 0.843521
0.600000 0.918478 0.844560 0.823799
0.625000 0.915000 0.829268 0.796178
0.650000 0.915000 0.800905 0.781563
0.675000 0.909091 0.784188 0.752788
0.700000 0.895455 0.752964 0.721649
0.725000 0.886957 0.733706 0.678627
0.750000 0.875519 0.699828 0.631136
0.775000 0.858268 0.643293 0.574784
0.800000 0.852273 0.602210 0.480480
0.825000 0.831541 0.502237 0.390687
0.850000 0.815700 0.437500 0.282080
0.875000 0.801303 0.288485 0.158514
0.900000 0.755224 0.152696 0.148786
0.925000 0.702703 0.140291 0.000000
0.950000 0.400300 0.000000 0.000000
0.975000 0.101449 0.000000 0.000000
1.000000 0.000000 0.000000 0.000000
