0.000000 1.000000 1.000000 1.000000
0.025000 0.966667 0.977273 0.964286
0.050000 0.966667 0.967391 0.951049
0.075000 0.966292 0.952555 0.951049
0.100000 0.945833 0.952555 0.951049
0.125000 0.945833 0.952555 0.951049
0.150000 0.945833 0.952555 0.950437
0.175000 0.945833 0.948229 0.947631
0.200000 0.945833 0.948229 0.944015
0.225000 0.944444 0.944444 0.944015
0.250000 0.943333 0.942913 0.928328
0.275000 0.942598 0.942913 0.907295
0.300000 0.941828 0.927176 0.889495
0.325000 0.934177 0.904000 0.881398
0.350000 0.934118 0.894273 0.873563
0.375000 0.932018 0.882273 0.859705
0.400000 0.920892 0.873275 0.846979
0.425000 0.900935 0.867371 0.838329
0.450000 0.882353 0.848321 0.811462
0.475000 0.865169 0.836032 0.799380
0.500000 0.859091 0.821698 0.774056
0.525000 0.846591 0.793403 0.747051
0.550000 0.830892 0.786184 0.722928
0.575000 0.811955 0.756430 0.690819
0.600000 0.791618 0.728352 0.651500
0.625000 0.750265 0.701743 0.611436
0.650000 0.736264 0.669035 0.551347
0.675000 0.703772 0.631183 0.433728
0.700000 0.678053 0.581184 0.153081
0.725000 0.644201 0.515746 0.000000
0.750000 0.603118 0.289199 0.000000
0.775000 0.540258 0.137157 0.000000
0.800000 0.450795 0.000000 0.000000
0.825000 0.185706 0.000000 0.000000
0.850000 0.000000 0.000000 0.000000
0.875000 0.000000 0.000000 0.000000
0.900000 0.000000 0.000000 0.000000
0.925000 0.000000 0.000000 0.000000
0.950000 0.000000 0.000000 0.000000
0.975000 0.000000 0.000000 0.000000
1.000000 0.000000 0.000000 0.000000
