0.000000 1.000000 1.000000 1.000000
0.025000 0.965909 0.967033 0.964602
0.050000 0.965909 0.967033 0.964602
0.075000 0.965909 0.955882 0.947674
0.100000 0.957627 0.945770 0.947631
0.125000 0.940397 0.945770 0.947631
0.150000 0.938534 0.945770 0.947631
0.175000 0.938534 0.945770 0.947631
0.200000 0.938534 0.945770 0.945534
0.225000 0.938534 0.945770 0.942308
0.250000 0.938534 0.945770 0.929795
0.275000 0.938534 0.941061 0.922720
0.300000 0.938534 0.927176 0.922207
0.325000 0.938534 0.921450 0.914508
0.350000 0.938534 0.921450 0.899408
0.375000 0.934354 0.909344 0.893640
0.400000 0.919028 0.903896 0.885831
0.425000 0.907721 0.893591 0.876543
0.450000 0.907473 0.882751 0.854768
0.475000 0.896839 0.872228 0.836983
0.500000 0.891509 0.860534 0.830910
0.525000 0.875184 0.833029 0.807365
0.550000 0.865465 0.825000 0.782865
0.575000 0.851175 0.809061 0.759732
0.600000 0.831296 0.790751 0.729155
0.625000 0.789766 0.764582 0.687595
0.650000 0.782378 0.732212 0.652656
0.675000 0.752212 0.704859 0.583532
0.700000 0.718552 0.661597 0.393328
0.725000 0.688442 0.609662 0.166362
0.750000 0.647641 0.517036 0.000000
0.775000 0.574135 0.147957 0.000000
0.800000 0.474372 0.000000 0.000000
0.825000 0.176269 0.000000 0.000000
0.850000 0.000000 0.000000 0.000000
0.875000 0.000000 0.000000 0.000000
0.900000 0.000000 0.000000 0.000000
0.925000 0.000000 0.000000 0.000000
0.950000 0.000000 0.000000 0.000000
0.975000 0.000000 0.000000 0.000000
1.000000 0.000000 0.000000 0.000000
