Pedestrian -1 -1 -2.1504 341.4606 187.3648 415.6245 335.6984 1.7301 0.6544 0.5996 -2.9206 1.9193 8.9428 -2.4586 0.1191
Pedestrian -1 -1 -3.2688 926.4565 172.6165 962.2267 215.9317 1.7604 0.6759 1.2630 13.7705 1.7511 29.8323 -2.8406 0.1093
Cyclist -1 -1 0.8418 0.0000 93.9915 161.4612 329.1709 1.6563 0.4800 1.4169 -4.2499 1.1012 5.4569 0.2034 0.1815
Cyclist -1 -1 -3.2824 926.1624 172.4370 974.2061 215.6667 1.7489 0.6535 1.7141 13.9668 1.7324 29.7490 -2.8478 0.1732
Cyclist -1 -1 0.1869 892.4467 172.5134 927.4400 204.0316 1.7599 0.6269 1.7523 17.0160 1.7412 41.0270 0.5771 0.1472
Cyclist -1 -1 1.1592 1076.8138 179.2323 1133.3735 246.1338 1.6785 0.6111 1.6562 13.0498 1.8558 19.1355 1.7499 0.1043
Cyclist -1 -1 -3.0409 690.1432 170.7053 725.0381 207.5014 1.7868 0.6878 1.6450 4.7752 1.6828 35.5586 -2.9090 0.1004
Car -1 -1 -1.7721 876.9964 185.3958 984.2986 253.9716 1.4803 1.6465 4.2980 8.0819 1.8447 18.6725 -1.3702 0.8978
Car -1 -1 -1.6223 845.6155 168.9908 891.1622 215.5620 2.0886 1.8030 4.6519 12.3613 1.9157 34.8423 -1.2846 0.7354
Car -1 -1 -2.4328 255.3416 176.0928 517.7038 292.3894 1.6063 1.6572 3.8815 -3.6431 1.6656 11.5818 -2.7319 0.7178
Car -1 -1 0.3276 667.9336 172.4437 720.0871 193.1477 1.5398 1.5982 3.6403 6.3945 1.5096 55.1597 0.4420 0.1318
Car -1 -1 1.7295 654.8593 162.8275 691.0937 189.1576 1.5512 1.6029 4.1696 3.9171 0.9609 44.7234 1.8161 0.1291
