Pedestrian -1 -1 1.8553 550.3043 181.5406 567.6743 217.7194 1.8659 0.6632 0.9906 -2.7205 2.3308 38.0307 1.7837 0.2311
Pedestrian -1 -1 1.6398 424.6368 163.3178 455.5090 247.9700 1.8334 0.6279 0.5509 -3.7994 1.6272 15.9464 1.4089 0.1908
Pedestrian -1 -1 0.6421 392.9817 146.6351 436.5641 238.5489 1.7737 0.6043 0.5902 -3.9187 1.2681 14.3106 0.3790 0.1540
Pedestrian -1 -1 0.5098 686.1057 170.9335 704.7943 205.3559 1.7882 0.5526 0.8094 4.4568 1.6888 37.9411 0.6254 0.1529
Pedestrian -1 -1 -1.8668 560.0925 190.7805 571.4687 218.0553 1.7742 0.5469 0.7941 -2.9755 2.9792 48.0161 -1.9291 0.1323
Pedestrian -1 -1 2.3943 699.4558 171.9123 723.0306 213.6587 1.8006 0.5909 0.8473 4.3944 1.7604 31.6039 2.5305 0.1167
Pedestrian -1 -1 -1.0372 704.4559 164.9862 726.2401 208.9287 1.7969 0.6373 0.6834 4.3354 1.4755 29.9683 -0.8954 0.1107
Pedestrian -1 -1 1.4365 103.8247 116.9907 185.1490 311.8463 1.7480 0.5841 0.5903 -4.5009 1.2472 6.8839 0.8747 0.1077
Car -1 -1 1.4313 655.8616 187.0118 704.1091 224.7643 1.6170 1.7225 4.1493 3.2497 2.3378 34.6004 1.5234 0.8048
Car -1 -1 1.4913 837.0048 174.2957 977.1827 370.0689 1.8895 1.2322 2.3398 3.2276 1.9090 8.2744 1.8496 0.1077
