Pedestrian -1 -1 2.5074 593.8422 170.9704 619.8694 221.3630 1.7276 0.7000 0.6117 0.1643 1.3677 25.0869 2.5087 0.7559
Pedestrian -1 -1 -1.4541 424.4168 177.1596 478.8425 295.2812 1.6987 0.7133 0.8040 -2.2724 1.6376 10.7611 -1.6632 0.4537
Pedestrian -1 -1 0.6976 1021.5126 210.8781 1179.8749 374.0000 1.7204 0.6357 0.7208 3.6053 1.9566 5.2989 1.2660 0.3114
Pedestrian -1 -1 -1.7313 768.2530 191.8407 813.9474 307.6606 1.6027 0.5196 0.7148 2.6852 1.7589 10.3820 -1.4902 0.2515
Pedestrian -1 -1 1.7682 928.6525 190.4748 1000.6066 365.4976 1.5896 0.5184 0.6697 3.4906 1.6836 6.9881 2.2107 0.2446
Pedestrian -1 -1 0.5707 1063.4275 125.5015 1145.2371 261.5416 1.7465 0.5874 0.6964 6.7047 1.0289 9.6560 1.1598 0.2298
Pedestrian -1 -1 1.5623 757.2079 153.1576 778.5733 212.6548 1.8410 0.6403 1.1771 5.2635 0.9651 22.8674 1.7810 0.2012
Pedestrian -1 -1 -2.6300 779.8693 172.8770 813.6036 240.1826 1.7790 0.6658 0.6402 5.2567 1.5523 19.4461 -2.3747 0.1898
Pedestrian -1 -1 0.8184 1068.4744 216.8341 1238.0000 374.0000 1.7649 0.6843 0.7700 3.5082 2.0106 4.5384 1.4426 0.1860
Pedestrian -1 -1 0.6125 0.0000 143.9105 51.2327 240.6344 1.7133 0.5703 0.5820 -10.5228 1.0487 13.0243 -0.0624 0.1484
Pedestrian -1 -1 1.0072 733.8445 185.8019 808.1025 282.8181 1.4599 0.5149 1.3393 2.6646 1.5349 11.5878 1.2227 0.1108
Cyclist -1 -1 1.2429 738.7834 186.6176 799.3347 282.5787 1.4522 0.5194 1.3832 2.6512 1.5416 11.6609 1.4560 0.7769
Cyclist -1 -1 -1.3517 425.5684 173.8125 491.9008 293.0634 1.6738 0.6317 1.7562 -2.1822 1.5672 10.9644 -1.5494 0.2965
Cyclist -1 -1 1.5745 758.9999 154.9732 779.7834 211.7849 1.7450 0.6234 1.7132 5.3371 0.9313 22.9653 1.7953 0.2197
