Pedestrian -1 -1 -2.6401 176.7604 203.9945 242.0390 284.8549 1.7315 0.7282 1.0528 -8.7248 2.2436 15.9474 -3.1396 0.2253
Pedestrian -1 -1 0.0980 829.4044 120.2078 910.7939 283.8663 1.5913 0.4152 0.7487 2.6942 0.9967 7.3276 0.4336 0.1620
Cyclist -1 -1 0.2720 180.2691 202.5193 250.9805 283.1810 1.7109 0.7206 1.2386 -8.5936 2.1938 15.9744 -0.2206 0.1172
Car -1 -1 0.1824 34.1894 185.4901 224.5978 244.8508 1.4756 1.6285 4.1128 -12.7080 1.5942 19.5987 -0.3920 0.9073
Car -1 -1 -1.1925 507.3192 170.8041 577.0356 208.6150 1.5504 1.6515 4.1774 -2.5426 1.1128 31.6898 -1.2770 0.8053
Car -1 -1 2.1314 323.9111 179.8764 394.8795 209.7841 1.4952 1.6394 4.1121 -12.7533 1.4149 38.0996 1.8054 0.5503
Car -1 -1 1.6530 552.6959 167.2947 580.3298 190.2385 1.4865 1.5694 3.8829 -2.3103 0.5669 48.5019 1.6008 0.2769
Car -1 -1 1.1674 158.1102 182.9088 227.0667 213.8263 1.4795 1.6002 3.9562 -20.7343 1.5553 36.3683 0.6472 0.2345
Car -1 -1 -0.3486 151.2953 184.0925 225.7195 211.8253 1.6146 1.5675 3.6446 -25.2856 1.7813 44.0726 -0.8720 0.2109
Car -1 -1 -1.3641 579.0836 167.4354 606.0657 186.0229 1.6375 1.6614 4.1551 -0.7367 0.3989 65.4768 -1.3802 0.1833
Car -1 -1 1.6939 604.7466 166.8907 629.0550 186.3359 1.6010 1.6191 3.9421 1.3782 0.3986 61.2041 1.7115 0.1801
Car -1 -1 1.7645 623.3731 165.5204 648.6055 183.4478 1.6674 1.6552 4.2609 3.3966 0.1815 69.0741 1.8086 0.1752
