Car -1 -1 1.3412 708.8187 179.7771 809.4540 239.9884 1.4170 1.6788 4.4236 3.8803 1.6283 19.7364 1.5317 0.8272
Car -1 -1 3.3562 313.2577 181.2797 404.0472 216.1931 1.5365 1.5928 3.6955 -11.5585 1.9369 33.2466 3.0237 0.7377
Car -1 -1 1.5957 632.0392 178.5181 693.4059 237.0409 1.5039 1.6133 3.9585 1.5270 1.6851 20.9826 1.6665 0.6648
Car -1 -1 -1.9676 238.8961 196.6434 373.0310 270.3450 1.4613 1.6141 3.8921 -7.4936 2.1023 17.4916 -2.3675 0.5925
Car -1 -1 -2.1906 384.9096 163.6066 641.7512 307.5024 1.9464 1.7803 4.7578 -1.8651 1.8217 12.0838 -2.3417 0.5791
Car -1 -1 -1.7427 108.2501 191.4258 177.3937 234.6151 1.4707 1.6199 4.0369 -18.4450 2.2532 28.3498 -2.3154 0.5776
Car -1 -1 3.4381 242.7434 184.2142 336.7018 215.3218 1.5365 1.6466 4.1614 -16.6040 2.1437 37.4764 3.0234 0.4205
Car -1 -1 1.4775 89.2591 183.8044 142.2410 221.8169 1.5382 1.6039 4.0299 -22.3055 2.0623 32.4461 0.8789 0.3966
Car -1 -1 -2.7693 775.7882 179.5822 921.4127 232.8293 1.4979 1.6124 4.0348 7.3873 1.7274 22.6733 -2.4588 0.3292
Car -1 -1 -2.6405 769.8555 139.0079 889.3926 181.7114 1.5265 1.6256 4.1339 8.3549 0.3170 27.8305 -2.3518 0.2615
