Pedestrian -1 -1 0.6155 995.2626 140.0381 1109.9945 319.0469 1.7735 0.7106 0.7625 4.7150 1.3641 7.6074 1.1495 0.8612
Pedestrian -1 -1 -1.6356 537.5192 168.5292 559.3412 224.7038 1.7963 0.6566 0.7467 -1.7563 1.3826 23.3844 -1.7150 0.6889
Pedestrian -1 -1 -1.4758 686.6364 171.5869 709.9490 223.5277 1.7220 0.7018 0.9806 3.2682 1.3944 24.3678 -1.3491 0.6215
Pedestrian -1 -1 -2.3448 916.5253 173.0741 981.7427 272.0442 1.6784 0.7121 0.7492 6.0730 1.5368 12.6514 -1.9107 0.5342
Pedestrian -1 -1 -1.4444 663.8514 173.2775 685.3248 224.2041 1.6870 0.6281 0.8335 2.4523 1.4157 24.2681 -1.3500 0.4830
Pedestrian -1 -1 -1.5420 612.4311 171.7061 623.8076 203.6356 1.7906 0.6271 0.7763 0.9475 1.2422 40.6850 -1.5239 0.4161
Pedestrian -1 -1 0.3528 1102.2289 127.7167 1161.9650 233.2391 1.6520 0.4964 0.6525 8.5622 0.8113 11.6528 0.9707 0.2831
Pedestrian -1 -1 1.1102 705.2043 178.2697 745.9155 257.2862 1.7864 0.6218 0.8359 2.8470 1.7146 16.7287 1.2706 0.2820
Cyclist -1 -1 -0.6999 721.0955 165.9919 750.0123 195.8362 1.7444 0.5549 1.7459 7.9716 0.8387 42.6592 -0.5212 0.4349
Cyclist -1 -1 -1.4763 685.7036 172.1798 708.8277 225.0705 1.7434 0.6867 1.0515 3.2198 1.4373 24.2632 -1.3511 0.1225
Car -1 -1 2.2406 0.0000 200.3442 416.7766 374.0000 1.5061 1.6410 4.0321 -2.7125 1.6755 4.2992 1.6973 0.8626
Car -1 -1 1.5375 61.4723 196.0157 105.0199 231.5299 1.5525 1.5839 3.8958 -25.3457 2.3031 35.0764 0.9101 0.4329
