Pedestrian -1 -1 1.9859 132.5885 181.1815 288.7000 374.0000 1.6280 0.6698 0.7603 -2.6429 1.6275 4.8389 1.5013 0.8853
Pedestrian -1 -1 -1.8210 793.6158 156.4887 840.9384 250.6083 1.7155 0.6317 0.9374 4.0218 1.2609 13.5675 -1.5434 0.8345
Pedestrian -1 -1 -1.0954 943.7619 153.3892 1020.3550 288.3257 1.6472 0.6947 0.5549 4.8290 1.3054 9.2103 -0.6295 0.8117
Pedestrian -1 -1 -1.4373 577.3619 164.1760 607.1458 236.5808 1.7468 0.6240 0.9642 -0.2527 1.3300 17.8417 -1.4566 0.7818
Pedestrian -1 -1 1.6721 429.1237 159.3517 480.9829 287.3421 1.8187 0.6617 1.0750 -2.2194 1.5053 10.7730 1.4679 0.7478
Pedestrian -1 -1 1.4666 549.3761 162.8574 577.3904 225.1414 1.9166 0.7746 1.0129 -1.2360 1.3441 22.6648 1.4075 0.7411
Pedestrian -1 -1 1.9103 517.6016 163.0129 549.8901 232.0792 1.8436 0.6151 0.9185 -1.8785 1.3513 19.6912 1.8111 0.6576
Pedestrian -1 -1 0.2817 211.6520 170.0201 298.5757 328.7790 1.5856 0.4755 0.7094 -3.6310 1.4723 7.4640 -0.1635 0.6135
Pedestrian -1 -1 1.4014 540.1448 164.5812 556.5232 205.6874 1.8944 0.6073 0.9555 -2.5021 1.1156 33.6391 1.3227 0.5302
Pedestrian -1 -1 1.7868 700.3971 155.4933 729.2315 218.7234 1.8490 0.6699 0.9740 3.3845 1.0896 21.5773 1.9354 0.4334
Pedestrian -1 -1 -1.7931 620.0874 167.0046 638.9173 211.8932 1.7760 0.5952 0.7732 1.1055 1.2035 28.8542 -1.7602 0.4020
Cyclist -1 -1 1.0879 687.5533 171.3005 755.1124 253.1341 1.6668 0.6122 1.9124 2.5347 1.4603 15.6322 1.2405 0.4424
Cyclist -1 -1 1.7167 558.4240 167.9605 577.8890 211.3654 1.6886 0.5464 1.7203 -1.3421 1.1629 28.8255 1.6655 0.4121
Cyclist -1 -1 1.6824 428.4988 161.4013 481.4940 288.5694 1.8016 0.6566 1.2006 -2.2235 1.5182 10.8020 1.4783 0.2326
Cyclist -1 -1 -1.4284 577.6958 162.8571 608.4661 237.0855 1.7882 0.6317 1.0363 -0.2313 1.3402 17.8554 -1.4465 0.1070
