Pedestrian -1 -1 -0.1625 138.5613 178.1997 176.7654 231.2388 1.8237 0.7116 1.0465 -16.0570 2.0179 25.5431 -0.7192 0.6902
Pedestrian -1 -1 2.6327 659.3590 159.9339 690.4031 215.6374 1.7905 0.5852 0.8325 2.0773 1.3755 23.6274 2.7187 0.4991
Pedestrian -1 -1 0.2338 344.9084 176.3842 359.9795 201.8784 1.7664 0.5015 0.8993 -18.0064 2.0146 50.3690 -0.1082 0.4250
Pedestrian -1 -1 -2.7092 672.1351 159.8607 703.1395 212.9438 1.7842 0.5909 0.8918 2.6172 1.3478 24.7310 -2.6055 0.3564
Pedestrian -1 -1 0.1527 412.6434 159.8751 438.1741 217.5210 1.8233 0.6817 0.6996 -5.9730 1.4131 23.1921 -0.0971 0.2436
Cyclist -1 -1 -2.5573 662.0557 160.9954 723.4160 222.6787 1.8236 0.5924 1.8483 2.4781 1.4734 22.1474 -2.4480 0.7053
Cyclist -1 -1 2.2252 406.9721 171.0452 424.4473 192.8205 1.8111 0.5241 1.6561 -16.4072 1.6610 60.8746 1.9627 0.2953
Cyclist -1 -1 1.2305 646.8237 168.7909 679.6525 220.0960 1.7486 0.6581 1.5831 1.8176 1.6105 25.4396 1.3003 0.2602
Cyclist -1 -1 0.2331 344.4194 176.2596 359.4044 201.7482 1.7655 0.5126 0.8906 -18.0403 2.0050 50.3601 -0.1095 0.1082
Car -1 -1 -1.3913 420.6121 175.5097 531.5093 258.6296 1.5950 1.6931 4.0602 -2.8661 1.6617 16.0063 -1.5665 0.9435
Car -1 -1 1.9747 235.5329 186.3219 323.3757 229.7770 1.4695 1.6207 3.9513 -12.5775 2.0227 27.6231 1.5507 0.8258
Car -1 -1 -1.5251 585.5599 172.7451 613.1693 196.7253 1.4912 1.6145 4.0641 -0.6844 1.4847 46.9204 -1.5400 0.5286
