Pedestrian -1 -1 -0.1158 622.8335 168.7499 634.4314 191.9596 1.7829 0.4762 0.8451 1.4110 1.4680 55.6993 -0.0910 0.3258
Pedestrian -1 -1 1.9084 297.4671 162.7314 337.8873 223.3059 1.8025 0.6369 1.6753 -9.0655 1.5016 22.3184 1.5264 0.1256
Cyclist -1 -1 -1.3614 301.6706 162.7952 337.1983 220.2258 1.7123 0.6807 1.7052 -9.0490 1.4128 22.4082 -1.7414 0.2820
Cyclist -1 -1 -0.1158 622.8335 168.7499 634.4314 191.9596 1.7829 0.4762 0.8451 1.4110 1.4680 55.6993 -0.0910 0.1215
Car -1 -1 -1.4374 472.7196 179.1554 542.6885 235.6591 1.6109 1.6810 4.0425 -3.2151 1.8302 23.0444 -1.5752 0.9342
Car -1 -1 -1.7682 683.3269 178.9102 800.0349 260.4614 1.5007 1.6603 4.0566 2.6420 1.6495 15.6354 -1.6048 0.8751
Car -1 -1 -1.8451 738.7895 179.0681 945.0737 320.4004 1.5214 1.5836 3.7784 2.8344 1.6226 9.8217 -1.5733 0.8522
Car -1 -1 -2.0617 818.6892 174.9392 1242.0000 375.0000 1.5075 1.6581 4.3409 2.6479 1.5269 4.4297 -1.5528 0.7969
Car -1 -1 1.6058 508.3603 182.0636 547.6358 219.5908 1.5530 1.6417 4.1325 -3.7352 2.0020 33.0231 1.4935 0.7521
Car -1 -1 -1.6540 648.8307 178.3535 689.9359 213.3598 1.4444 1.5241 3.4127 2.5464 1.7018 32.0162 -1.5760 0.6852
Car -1 -1 -1.7390 664.2497 178.8570 734.7048 229.5856 1.4924 1.6156 4.0602 2.8075 1.7078 23.7837 -1.6237 0.6270
Car -1 -1 -1.2716 630.7299 177.8581 675.9194 204.8987 1.4854 1.5872 3.8834 2.5667 1.7951 42.5057 -1.2122 0.2717
Car -1 -1 3.2223 491.7474 174.7830 552.1688 197.6948 1.5514 1.6371 4.0302 -6.0814 1.6876 49.9047 3.1013 0.2585
