Pedestrian -1 -1 1.9175 635.4708 162.4580 663.6133 213.5083 1.8599 0.7302 1.0664 1.6435 1.2041 26.3898 1.9807 0.5635
Pedestrian -1 -1 1.2229 945.5077 103.7616 1029.6707 255.5751 1.8790 0.6414 1.0460 4.9567 0.9309 9.3063 1.7004 0.4496
Pedestrian -1 -1 0.5662 1116.0334 136.4663 1224.0000 370.0000 1.5795 0.4407 0.6821 3.0175 1.3842 3.5539 1.2295 0.3180
Pedestrian -1 -1 1.4618 203.7570 133.4232 253.3890 264.8086 1.7450 0.5383 0.7654 -5.3023 1.1215 9.8537 0.9838 0.2593
Pedestrian -1 -1 -0.9610 150.5229 130.8645 227.2338 271.9984 1.6419 0.4509 0.7541 -5.1044 1.0662 8.6171 -1.4774 0.2210
Pedestrian -1 -1 1.9729 563.2597 167.2066 578.6199 201.1068 1.8280 0.5786 0.7785 -1.8665 1.1126 38.5865 1.9267 0.1920
Pedestrian -1 -1 0.8516 1072.8114 117.6777 1203.0287 321.4417 1.7848 0.6962 0.6672 4.8653 1.2362 6.5552 1.4692 0.1891
Cyclist -1 -1 1.8843 635.1367 162.5087 663.7221 213.2983 1.8437 0.7307 1.1974 1.6386 1.1921 26.3526 1.9474 0.1902
Cyclist -1 -1 1.1631 920.7728 112.7387 1009.7141 253.6679 1.8464 0.6411 1.2743 4.9629 0.9603 9.9095 1.6168 0.1424
Cyclist -1 -1 2.1095 153.0374 130.7972 231.4513 270.3550 1.6377 0.4690 0.8305 -5.1159 1.0561 8.7133 1.5967 0.1107
Cyclist -1 -1 0.2985 1119.9941 140.2262 1224.0000 370.0000 1.5613 0.4296 0.6902 3.0257 1.3836 3.5521 0.9633 0.1106
Car -1 -1 -1.6734 667.3702 160.1295 705.6337 197.0246 2.0211 1.7472 4.4449 4.6543 0.9066 40.9593 -1.5594 0.7539
Car -1 -1 1.8667 1100.8849 178.9366 1224.0000 245.2360 1.5360 1.6121 3.7803 14.3882 1.5014 18.1205 2.5308 0.2203
Car -1 -1 1.2089 640.5865 166.8150 687.4119 192.3169 1.5781 1.6418 4.2252 3.7788 0.7326 46.0046 1.2920 0.1854
