Pedestrian -1 -1 -1.4621 406.8425 169.2079 437.0850 242.8791 1.8115 0.6779 0.5917 -4.5243 1.5104 18.0004 -1.7103 0.5660
Pedestrian -1 -1 2.1678 976.2986 143.6947 1020.9666 220.9047 1.6882 0.5673 0.7333 8.8789 0.8628 16.1251 2.6592 0.4843
Pedestrian -1 -1 -1.3279 539.2628 172.2287 559.0430 212.8732 1.7906 0.7437 0.6698 -2.3412 1.3831 32.0345 -1.4054 0.3619
Pedestrian -1 -1 -2.0230 482.8202 180.4771 522.6961 250.1494 1.6850 0.7082 0.7889 -2.4959 1.6615 17.8956 -2.1651 0.3063
Pedestrian -1 -1 0.5878 192.4393 139.4923 247.2835 253.2163 1.6998 0.5583 0.5229 -5.8990 1.0732 11.0383 0.1016 0.2375
Pedestrian -1 -1 1.6518 400.4910 168.6205 429.4352 241.9463 1.8600 0.6572 1.0103 -4.8954 1.5345 18.7739 1.3947 0.2363
Pedestrian -1 -1 -1.4155 741.5724 131.8182 760.9789 180.3972 1.8954 0.6772 0.5573 5.9126 -0.0432 28.4210 -1.2169 0.2162
Pedestrian -1 -1 -1.4474 681.7983 177.4681 701.7499 223.7283 1.8005 0.6888 0.8713 3.5661 1.6446 28.4615 -1.3292 0.2162
Pedestrian -1 -1 2.5135 115.9049 132.6617 168.7019 228.0890 1.6223 0.4338 0.6494 -8.0827 0.7933 12.5911 1.9472 0.1735
Cyclist -1 -1 -1.7670 500.8360 179.9748 538.1682 249.9927 1.6656 0.6346 1.4937 -2.0909 1.6306 17.8941 -1.8871 0.2969
Cyclist -1 -1 -1.8537 817.5947 193.5563 907.0475 354.0493 1.5144 0.4135 1.6701 2.7126 1.6599 7.7442 -1.5332 0.1992
Cyclist -1 -1 -1.6121 477.6438 180.3928 505.2304 250.0943 1.6868 0.6375 0.8655 -2.7773 1.6612 17.8684 -1.7696 0.1050
Car -1 -1 -1.8453 705.7689 157.5401 837.9261 262.6487 1.8868 1.5985 3.8529 3.3170 1.4580 14.8659 -1.6349 0.9019
Car -1 -1 -1.5539 543.2306 179.7742 573.6152 207.9823 1.5421 1.6600 4.0697 -2.4513 1.4486 41.3403 -1.6179 0.3426
Car -1 -1 -1.6741 663.6288 182.2740 715.5881 224.9143 1.4972 1.5316 3.7639 3.2476 1.5295 27.1760 -1.5615 0.1828
