Pedestrian -1 -1 0.8702 920.1631 166.6008 996.9648 280.8142 1.8318 0.6939 0.9735 5.7886 1.7318 12.1300 1.3051 0.9011
Pedestrian -1 -1 2.2785 1042.4757 159.3281 1107.9561 253.0100 1.6963 0.5999 0.8866 8.6352 1.4517 13.4810 2.8377 0.3519
Pedestrian -1 -1 -0.2597 673.8127 176.8709 685.5843 198.7598 1.7458 0.4824 0.8453 5.5737 2.0706 57.9650 -0.1648 0.2870
Pedestrian -1 -1 2.0146 733.2931 174.1498 751.2621 213.5032 1.7361 0.4910 0.8168 5.8907 1.7954 32.3350 2.1925 0.2470
Pedestrian -1 -1 -3.2214 726.2579 174.3094 738.2471 197.1227 1.8968 0.5098 0.9496 10.1956 2.0195 60.3223 -3.0552 0.1925
Pedestrian -1 -1 2.3132 838.7516 175.2448 883.3936 227.3006 1.7373 0.7346 1.3459 8.5793 1.8219 24.7810 2.6421 0.1202
Pedestrian -1 -1 -2.0255 677.8632 171.6790 699.9287 202.0201 1.7720 0.6845 1.5685 4.6582 1.7038 42.9921 -1.9188 0.1002
Cyclist -1 -1 -1.7664 680.1201 172.3076 697.6052 202.6277 1.7696 0.6888 1.8359 4.6619 1.7381 43.0549 -1.6597 0.3961
Cyclist -1 -1 2.2753 1016.1608 136.0513 1108.6453 229.1971 1.6603 0.6149 1.5380 8.3434 1.0047 13.3917 2.8225 0.2070
Cyclist -1 -1 -1.5815 848.9637 173.7309 871.5966 224.9177 1.7062 0.7114 1.5573 8.5898 1.7379 24.9282 -1.2539 0.1560
Cyclist -1 -1 1.2249 870.2697 132.2269 905.1122 186.6675 1.7979 0.5741 1.6577 9.4265 0.4566 24.6593 1.5861 0.1495
Cyclist -1 -1 1.7492 734.5967 174.4467 749.5402 213.9881 1.7472 0.5173 0.8693 5.8973 1.8202 32.4174 1.9269 0.1122
Car -1 -1 0.8037 1167.8805 190.9477 1242.0000 217.9892 1.5180 1.6751 4.0755 37.5952 2.7097 45.4076 1.4915 0.2458
Car -1 -1 -1.0310 177.3368 180.2428 239.3281 206.6888 1.5617 1.6151 3.9750 -25.4154 2.0512 45.7461 -1.5359 0.1345
