Pedestrian -1 -1 2.4586 857.8702 155.2415 896.9443 199.4105 1.6566 0.5372 1.3687 10.1627 0.9964 27.5373 2.8084 0.3255
Cyclist -1 -1 2.5212 854.3863 155.5482 897.5296 199.8944 1.6630 0.5392 1.5152 10.0996 1.0144 27.5186 2.8692 0.7267
Car -1 -1 -1.8199 748.4608 163.5138 899.0294 262.1721 1.7156 1.7660 4.7596 4.1253 1.5536 14.9367 -1.5564 0.9230
Car -1 -1 1.9520 166.3154 186.2269 403.3893 318.0440 1.4900 1.6547 4.2275 -4.5305 1.7282 10.7065 1.5598 0.9109
Car -1 -1 2.2241 0.0000 202.6391 273.2128 375.0000 1.4478 1.6175 3.9297 -4.6538 1.7812 6.0825 1.5916 0.8591
Car -1 -1 1.7394 526.7850 173.3083 570.5663 204.7202 1.5354 1.6172 3.9609 -3.1552 1.5605 37.3655 1.6553 0.7682
Car -1 -1 -1.7376 724.4206 175.6992 805.7957 233.4910 1.5207 1.6414 4.1188 4.4095 1.6132 21.2746 -1.5367 0.7400
Car -1 -1 -1.7686 707.6849 172.5068 768.3793 215.1057 1.4886 1.5509 3.5244 4.6740 1.4768 26.9947 -1.5996 0.7102
Car -1 -1 -1.6615 701.5482 173.4794 746.7485 209.2357 1.4914 1.6181 3.9654 4.9897 1.5215 32.1930 -1.5096 0.4759
Car -1 -1 1.4108 686.8697 167.5654 730.0668 198.3123 1.5303 1.6134 4.0248 5.0821 1.2674 37.9422 1.5426 0.2312
Car -1 -1 1.6389 589.5920 171.0004 609.4450 188.3129 1.4985 1.5220 3.7510 -0.9304 1.3384 64.3648 1.6242 0.2114
