Pedestrian -1 -1 -2.2832 655.6610 167.2315 672.7397 199.0133 1.7942 0.6260 0.7633 3.0608 1.4772 41.2245 -2.2100 0.1590
Pedestrian -1 -1 2.9659 430.9581 163.1463 463.5679 196.2048 1.7491 0.6255 1.6255 -8.7818 1.2358 38.7759 2.7444 0.1229
Cyclist -1 -1 -1.9409 862.5129 149.6888 932.0833 249.8781 1.8554 0.6088 1.9171 5.6054 1.4268 14.3193 -1.5754 0.9272
Cyclist -1 -1 2.9484 431.1089 162.2264 464.0127 195.6553 1.7690 0.6119 1.6390 -8.7684 1.2070 38.7902 2.7273 0.2416
Cyclist -1 -1 -1.7852 1110.1298 162.6004 1149.0389 228.9184 1.7513 0.5079 1.6927 14.2823 1.4809 19.9299 -1.1708 0.1143
Cyclist -1 -1 -2.0573 853.4565 128.4237 893.3661 181.5952 1.7898 0.5224 1.7948 9.1365 0.2946 25.2102 -1.7133 0.1143
Car -1 -1 -1.5829 572.7112 173.5742 677.6673 280.6384 1.7273 1.6979 4.6804 0.1933 1.7440 14.0099 -1.5706 0.9216
Car -1 -1 1.4795 595.5121 170.9745 621.2517 191.6002 1.5025 1.5893 3.9131 -0.1823 1.3659 54.5811 1.4758 0.2030
Car -1 -1 2.4891 0.0000 76.6853 258.2364 253.1021 1.5391 1.5768 3.8199 -6.2127 0.7005 8.3486 1.8645 0.1830
Car -1 -1 1.6764 400.0263 177.1741 439.6935 209.4944 1.5614 1.5780 3.9834 -9.8624 1.7988 37.5004 1.4206 0.1324
