Pedestrian -1 -1 2.6622 770.5188 136.1900 901.5088 322.5999 1.8842 0.7269 1.1287 2.4110 1.4380 7.6014 2.9594 0.8937
Pedestrian -1 -1 -1.9645 837.5098 180.2018 873.0101 252.6424 1.7801 0.6457 0.6229 6.2218 1.7744 17.6997 -1.6307 0.1933
Pedestrian -1 -1 -1.9918 401.6148 134.2080 443.5646 222.1263 1.7678 0.5437 0.8607 -3.8447 0.8386 14.7180 -2.2397 0.1506
Pedestrian -1 -1 -2.2160 768.1799 158.3634 827.0087 261.7215 1.7571 0.6522 0.7996 3.3541 1.3824 12.5084 -1.9585 0.1171
Pedestrian -1 -1 1.0872 836.4082 134.3975 892.6341 234.8348 1.7020 0.5444 0.9538 4.5237 0.9224 12.4869 1.4287 0.1162
Car -1 -1 1.2725 817.4341 146.4572 873.2830 180.5083 1.6938 1.6139 4.1852 12.5787 0.0018 37.2779 1.5972 0.1357
Car -1 -1 0.8947 0.0000 121.9802 166.1666 298.6907 2.3858 1.9992 5.6668 -10.1533 1.5974 10.9924 0.1651 0.1176
Car -1 -1 0.1594 595.0646 155.5824 688.4460 190.8314 1.5258 1.6283 3.9886 1.6599 0.4487 31.8176 0.2130 0.1040
Car -1 -1 -1.1936 498.2625 135.7956 581.6487 194.4336 1.6214 1.4716 3.0234 -1.9112 0.3869 21.2054 -1.2798 0.1039
Car -1 -1 -2.5362 288.4029 203.5941 448.4404 268.0554 1.5254 1.6020 3.8553 -6.3650 2.1903 18.9854 -2.8534 0.1012
