Pedestrian -1 -1 3.0687 205.7788 169.6907 251.9567 243.3226 1.8394 0.6482 1.0092 -9.7210 1.5709 18.1986 2.5870 0.8862
Pedestrian -1 -1 0.2497 558.8573 154.6015 600.9402 222.8890 1.8394 0.7600 1.0048 -0.7204 1.1434 19.5186 0.2153 0.8425
Pedestrian -1 -1 3.4782 236.1978 175.5358 276.2113 236.4877 1.6960 0.6014 0.8650 -9.9015 1.5594 20.0167 3.0268 0.7428
Pedestrian -1 -1 0.7830 323.7728 161.1064 369.2807 227.8255 1.8064 0.7382 0.9452 -7.2241 1.2829 19.6728 0.4381 0.5314
Pedestrian -1 -1 0.5576 389.5727 155.6995 444.5417 233.3272 1.8076 0.7191 1.0540 -4.5406 1.2317 16.9596 0.3026 0.5253
Pedestrian -1 -1 1.1086 198.2759 173.9781 230.1882 236.1381 1.8469 0.6589 0.5811 -11.8819 1.6547 21.4391 0.6105 0.4926
Pedestrian -1 -1 -0.3926 275.6188 167.1689 354.6205 240.6201 1.6992 0.5006 1.7095 -7.0393 1.3924 17.1284 -0.7742 0.1544
Pedestrian -1 -1 1.7007 1011.0442 135.7866 1045.2651 197.8440 1.7315 0.6484 1.7201 12.3093 0.4855 20.5996 2.2345 0.1282
Cyclist -1 -1 -0.2648 1084.0765 125.4543 1196.8103 211.8463 1.7774 0.7349 1.8003 11.4286 0.6465 15.2106 0.3714 0.8729
Cyclist -1 -1 -0.5203 993.9294 137.1706 1068.9915 198.6416 1.7615 0.6329 1.7967 12.3686 0.5214 20.5866 0.0157 0.8522
Cyclist -1 -1 -0.2696 275.7416 166.9824 355.8749 240.7727 1.7124 0.4990 1.7274 -7.0261 1.4003 17.1248 -0.6507 0.7204
Cyclist -1 -1 -1.3556 864.2734 153.9135 891.3704 200.5211 1.7462 0.5864 1.9437 10.5850 0.7516 27.4590 -0.9898 0.6082
Cyclist -1 -1 0.5576 389.5727 155.6995 444.5417 233.3272 1.8076 0.7191 1.0540 -4.5406 1.2317 16.9596 0.3026 0.1727
Cyclist -1 -1 3.5001 235.8172 176.5694 279.1564 237.1497 1.6893 0.6233 0.9445 -9.8878 1.5813 20.0649 3.0502 0.1467
Car -1 -1 -1.3255 336.4103 181.6520 484.4696 277.1062 1.4177 1.5867 3.7546 -3.2669 1.4426 12.4215 -1.5747 0.9188
Car -1 -1 1.5850 472.8654 169.0028 495.3002 190.3968 1.5410 1.5932 4.0297 -9.0287 0.7141 53.0345 1.4191 0.6268
