Pedestrian -1 -1 1.2203 828.3868 162.1720 866.0450 232.7553 1.8483 0.6878 0.8985 6.3046 1.5689 19.3545 1.5300 0.3156
Cyclist -1 -1 -1.4534 0.0000 130.5212 33.8777 218.7362 1.7287 0.4779 1.8334 -12.4889 0.8995 15.0383 -2.1378 0.3665
Car -1 -1 -1.8624 746.0023 176.7274 930.0448 300.3105 1.5573 1.5729 3.8168 3.2243 1.6278 11.1323 -1.5887 0.8805
Car -1 -1 -1.7550 676.7213 181.3000 741.5513 227.3658 1.4169 1.5557 3.4876 3.2631 1.7265 24.6282 -1.6255 0.8736
Car -1 -1 3.7078 0.0000 183.6800 303.6351 302.7500 1.4218 1.5543 3.7451 -6.3096 1.5772 9.5439 3.1361 0.8614
Car -1 -1 -2.0196 830.5146 184.8298 1242.0000 375.0000 1.4849 1.5663 3.8158 3.1710 1.6188 6.1270 -1.5626 0.8229
Car -1 -1 3.5454 174.9946 179.8921 401.3015 257.4354 1.5103 1.6414 3.9841 -6.6272 1.6655 15.0331 3.1363 0.8046
Car -1 -1 0.2761 380.7874 172.5725 504.4980 220.4288 1.5662 1.6035 3.8001 -5.6695 1.5573 24.5074 0.0506 0.7179
Car -1 -1 -2.7871 303.9656 177.7286 461.1390 233.8727 1.4444 1.5783 3.7592 -6.1535 1.5832 19.6036 -3.0879 0.6961
Car -1 -1 -0.2532 729.9440 180.9302 827.9936 216.9013 1.5289 1.6315 3.9375 7.3854 1.8964 31.9273 -0.0285 0.5363
Car -1 -1 -1.5576 469.1975 176.4159 509.5903 214.7326 1.4981 1.5847 3.7217 -5.1169 1.6588 30.5312 -1.7227 0.4153
Car -1 -1 -0.0741 723.8796 173.3899 808.4534 205.8620 1.4980 1.5898 3.8218 7.3375 1.5246 34.3607 0.1341 0.3675
Car -1 -1 0.3441 353.9836 184.1621 493.0093 234.9637 1.4674 1.5910 3.8385 -5.7376 1.8317 22.2437 0.0939 0.3294
