Pedestrian -1 -1 1.8113 937.3152 140.7129 980.9803 221.4040 1.7129 0.5616 1.4314 7.7275 1.0310 16.0464 2.2527 0.1486
Pedestrian -1 -1 -1.6030 946.9815 141.5985 963.2709 182.8727 1.8839 0.6516 0.7904 15.9435 0.4577 33.4235 -1.1614 0.1282
Pedestrian -1 -1 0.0702 297.9939 163.5476 318.6908 205.9029 1.7369 0.5246 0.7575 -12.5612 1.3557 29.9559 -0.3239 0.1270
Pedestrian -1 -1 -2.1180 415.7513 171.5579 437.1095 209.3686 1.8526 0.6546 0.9052 -9.1734 1.7894 35.9002 -2.3669 0.1255
Cyclist -1 -1 2.2430 920.6165 141.8875 992.2452 221.0159 1.6789 0.5814 1.5709 7.5974 1.0222 15.9162 2.6809 0.2799
Cyclist -1 -1 -3.1620 815.3298 139.9344 879.3680 201.4923 1.7856 0.7204 1.7865 7.0137 0.8311 21.5276 -2.8513 0.1418
Car -1 -1 -1.7858 707.1744 165.0005 823.6141 245.2326 1.5820 1.6703 4.1015 3.2952 1.4275 16.2914 -1.5905 0.9461
Car -1 -1 1.7334 454.4353 177.4076 529.0757 238.3710 1.6709 1.6198 3.9724 -3.5594 1.8231 22.0601 1.5746 0.9182
Car -1 -1 -1.4318 552.7414 171.6806 602.2106 211.4320 1.6868 1.6716 4.2748 -1.4492 1.6374 32.8217 -1.4761 0.9172
Car -1 -1 -1.3953 685.0636 175.0059 739.5803 213.5291 1.4370 1.5620 3.7191 4.1494 1.5303 29.1469 -1.2559 0.5904
Car -1 -1 1.8034 482.1036 175.5242 537.9461 210.8030 1.5096 1.6389 4.1564 -4.5832 1.6414 33.3458 1.6674 0.2431
