Pedestrian -1 -1 -1.5072 1103.3187 157.5292 1134.6797 231.4497 1.7361 0.5814 0.7034 12.2287 1.3765 17.3990 -0.9029 0.1517
Pedestrian -1 -1 -3.5311 1043.2462 159.3777 1071.4180 215.0739 1.7489 0.6734 0.5459 14.2265 1.3261 23.0299 -2.9838 0.1179
Car -1 -1 2.1187 359.3552 181.6040 532.9519 268.9329 1.5645 1.6720 4.2575 -3.4001 1.7826 15.6672 1.9077 0.9245
Car -1 -1 1.8795 608.9208 181.8653 685.3608 223.4205 1.4429 1.7000 4.6213 1.5275 1.8309 28.5796 1.9316 0.9196
Car -1 -1 -1.5212 820.9163 179.9289 882.7102 239.8320 1.6686 1.6689 4.5319 7.7678 1.9190 23.0804 -1.2012 0.8977
Car -1 -1 1.7919 680.0985 182.5104 730.3868 214.8229 1.4893 1.6822 4.1480 4.8820 2.0125 36.8274 1.9220 0.7805
Car -1 -1 1.3142 851.8052 183.5190 896.7233 210.7262 1.5107 1.5958 3.9040 15.8943 2.1861 43.6564 1.6607 0.1987
Car -1 -1 1.4356 1076.8010 175.9886 1169.5640 234.2765 1.4628 1.5738 3.9536 14.3647 1.5613 20.4521 2.0407 0.1546
Car -1 -1 0.8475 753.6203 185.1691 804.8235 207.0354 1.5124 1.6065 3.8389 12.6638 2.4750 54.3051 1.0748 0.1465
Car -1 -1 -0.3291 718.4044 183.0847 790.3602 208.5905 1.5394 1.6483 4.1395 9.0501 2.2007 45.5185 -0.1347 0.1333
