Pedestrian -1 -1 0.2077 202.2065 190.5414 217.8945 217.5362 1.7136 0.6978 0.7626 -25.9847 2.8728 46.8279 -0.2967 0.3320
Cyclist -1 -1 0.2077 202.2065 190.5414 217.8945 217.5362 1.7136 0.6978 0.7626 -25.9847 2.8728 46.8279 -0.2967 0.1078
Car -1 -1 1.9668 172.6024 193.3354 366.6017 308.8155 1.6208 1.6598 3.9681 -5.8405 2.0425 12.8379 1.5470 0.9292
Car -1 -1 1.8722 319.9804 195.2815 431.7981 264.4276 1.4434 1.5682 3.9763 -5.8465 2.0759 18.3420 1.5671 0.9048
Car -1 -1 1.8152 387.3512 191.4008 466.1678 242.9115 1.4191 1.5540 3.8691 -5.8333 2.0656 23.2028 1.5710 0.8685
Car -1 -1 1.7835 433.4606 190.3174 495.3051 230.0716 1.3911 1.6150 4.0676 -5.8269 2.1451 29.0902 1.5870 0.8422
Car -1 -1 -0.3240 812.3651 160.9391 949.8567 205.4918 1.4819 1.6147 4.1330 9.2145 1.0859 24.8585 0.0268 0.8073
Car -1 -1 -1.6351 671.6776 175.6001 716.2491 216.1344 1.6131 1.6261 4.0632 3.5098 1.7395 31.0588 -1.5242 0.6472
Car -1 -1 -1.6308 660.6552 176.8209 698.1505 208.7418 1.4974 1.6259 4.0539 3.4112 1.7092 36.4065 -1.5386 0.6387
Car -1 -1 1.7866 475.7877 187.7780 524.9590 221.6096 1.5319 1.6290 4.0751 -5.5308 2.3324 36.5966 1.6370 0.6265
Car -1 -1 -0.6818 776.5701 169.3784 875.5173 206.3646 1.4728 1.6018 3.8172 9.0025 1.3348 30.2030 -0.3952 0.4679
Car -1 -1 2.6863 809.3221 154.7277 924.3697 197.3207 1.5580 1.6301 3.7902 9.6742 0.8953 27.4260 3.0219 0.4544
Car -1 -1 1.3176 718.6807 167.4389 759.6060 192.9682 1.6377 1.6565 4.3558 8.5951 1.2907 48.5216 1.4916 0.3834
Car -1 -1 1.5259 751.0056 169.3623 789.2950 202.9543 1.4719 1.5496 3.8966 7.3786 1.3192 33.6630 1.7394 0.3337
Car -1 -1 -0.6626 1080.8140 144.2412 1191.8574 178.3591 1.4890 1.5663 3.8873 23.5017 0.2406 32.3447 -0.0384 0.3063
Car -1 -1 1.1908 637.0623 179.6429 680.9423 205.4763 1.5482 1.5391 3.6931 3.0657 2.0029 46.2828 1.2560 0.2837
