Pedestrian -1 -1 -1.6024 809.4957 142.6128 821.3284 178.4886 1.8195 0.5562 0.8166 10.8086 -0.1034 36.3727 -1.3139 0.1971
Pedestrian -1 -1 0.0510 790.8906 165.5716 847.0751 248.1419 1.6811 0.5743 1.1051 4.4564 1.3788 14.8445 0.3385 0.1636
Pedestrian -1 -1 -2.4360 52.5048 181.8817 80.7782 222.8110 1.8213 0.5411 0.8691 -24.2111 1.8854 31.7737 -3.0808 0.1600
Pedestrian -1 -1 -0.3825 0.0000 201.3221 29.1749 272.7332 1.6894 0.6126 0.6425 -14.7460 2.2162 17.3998 -1.0752 0.1597
Pedestrian -1 -1 -1.5445 834.7769 123.9774 862.0563 228.8113 1.6870 0.4176 1.4305 4.1399 0.7791 12.1166 -1.2210 0.1307
Cyclist -1 -1 -1.9022 821.7180 128.1415 880.1648 234.4341 1.6888 0.3986 1.6813 4.1210 0.8586 12.0708 -1.5790 0.5474
Cyclist -1 -1 -1.0000 417.7745 171.1111 443.1585 199.6122 1.7419 0.6247 1.8738 -10.8997 1.1694 44.1952 -1.2384 0.3264
Cyclist -1 -1 0.0510 790.8906 165.5716 847.0751 248.1419 1.6811 0.5743 1.1051 4.4564 1.3788 14.8445 0.3385 0.1257
Car -1 -1 -2.4140 46.1945 189.3745 113.4482 210.8385 1.5596 1.6291 3.9995 -39.4741 2.2410 53.1907 -3.0481 0.1397
Car -1 -1 -1.6720 169.2143 170.6954 197.5292 191.9988 1.8766 1.7938 4.4673 -38.5318 1.0141 64.6078 -2.2059 0.1161
Car -1 -1 1.4278 538.3324 164.1060 568.0909 186.7963 1.6229 1.6457 4.1238 -3.8952 0.4516 52.7572 1.3564 0.1135
Car -1 -1 -0.8204 394.6538 170.6549 447.4567 191.1397 1.5442 1.6516 4.1038 -14.3738 0.8033 55.4917 -1.0706 0.1122
Car -1 -1 1.4521 644.1714 166.7181 666.7944 185.1681 1.7330 1.6836 4.3840 4.8953 0.4396 68.6370 1.5248 0.1004
