Pedestrian -1 -1 -0.5451 832.1738 144.7333 866.1913 199.6244 1.8144 0.6286 0.8876 7.9914 0.8853 24.2551 -0.2306 0.1684
Pedestrian -1 -1 -0.7736 136.0372 148.7306 161.2533 190.4146 1.7789 0.6336 0.6652 -19.9790 0.7498 31.1866 -1.3396 0.1357
Pedestrian -1 -1 -1.1798 756.4023 164.9209 774.8798 204.9297 1.8300 0.5722 0.8177 7.1895 1.4675 33.4993 -0.9707 0.1232
Pedestrian -1 -1 1.5670 688.8728 181.7784 709.2535 241.1569 1.7060 0.5848 0.5827 2.5606 1.9720 21.1478 1.6849 0.1231
Pedestrian -1 -1 -2.7032 808.3021 164.4595 834.5381 216.4052 1.7952 0.6686 0.6676 7.4010 1.5055 25.4047 -2.4234 0.1215
Pedestrian -1 -1 2.1561 1071.1051 167.7677 1125.9153 243.7585 1.8521 0.6128 1.1464 12.1973 1.7285 18.0883 2.7412 0.1160
Cyclist -1 -1 2.3960 1063.8724 173.6613 1130.1335 246.3511 1.7819 0.6138 1.3151 12.1630 1.8030 18.1034 2.9794 0.1269
Car -1 -1 2.1277 18.1073 185.9373 191.5557 254.4529 1.5803 1.7990 4.3929 -13.5896 1.9788 19.7221 1.5305 0.8884
Car -1 -1 1.8920 394.8280 183.3032 430.1224 203.4355 1.5557 1.6225 4.0859 -16.4006 2.4552 60.0004 1.6259 0.4818
Car -1 -1 1.9584 275.4836 193.7685 326.3922 218.5729 1.4749 1.6843 4.1953 -20.7612 2.9444 48.5698 1.5560 0.1677
Car -1 -1 2.3224 0.0000 190.0753 51.0500 233.2929 1.4365 1.6133 4.0051 -23.8714 2.1452 27.6396 1.6147 0.1370
Car -1 -1 -1.2331 28.5257 168.4095 95.0776 199.7276 1.6155 1.6212 4.0847 -29.8779 1.3866 39.4085 -1.8787 0.1341
Car -1 -1 2.0321 209.2733 183.8632 274.3428 214.2585 1.5349 1.5690 4.0301 -20.3153 2.1752 39.9177 1.5637 0.1216
