Pedestrian -1 -1 0.2983 0.0000 199.1103 20.7737 297.6523 1.6559 0.4443 0.7228 -10.9142 2.1293 12.6523 -0.4032 0.1994
Cyclist -1 -1 1.1463 882.1282 166.6131 934.1119 226.8815 1.7016 0.7159 1.8287 8.7214 1.5258 21.2973 1.5295 0.1649
Car -1 -1 1.8925 271.0492 180.4385 379.1732 244.8021 1.7353 1.7284 4.5590 -8.6840 1.9946 22.3138 1.5249 0.9121
Car -1 -1 1.7239 458.8361 183.1472 490.9753 207.2521 1.6308 1.6952 4.1382 -9.8478 2.4128 52.6958 1.5397 0.5548
Car -1 -1 1.8174 414.0584 184.9980 462.5486 215.6117 1.5241 1.6378 4.0852 -9.3919 2.2256 39.6026 1.5855 0.5218
Car -1 -1 -2.1821 936.4818 70.9391 1242.0000 375.0000 2.0572 1.7590 4.4894 5.0494 1.3799 7.0482 -1.5806 0.4483
Car -1 -1 1.8631 371.4940 188.2373 408.7763 208.8608 1.5125 1.6899 4.3914 -17.7608 2.8047 58.3904 1.5687 0.3338
Car -1 -1 1.4668 515.9987 177.4191 539.9608 196.1529 1.4929 1.5887 4.0148 -6.9491 1.8906 60.6669 1.3529 0.1909
Car -1 -1 1.5985 603.1407 177.8462 621.1955 194.7919 1.5308 1.6052 3.9533 0.2117 2.0180 68.3568 1.6012 0.1833
Car -1 -1 1.6439 501.0050 181.9340 530.8248 208.5515 1.5028 1.5309 3.7876 -5.7293 2.0811 43.9888 1.5147 0.1667
Car -1 -1 2.0006 0.0000 0.0000 655.5652 375.0000 1.5063 1.5961 3.9406 -0.9013 0.9269 3.9390 1.7884 0.1594
