Pedestrian -1 -1 -1.4336 456.6509 156.1881 539.6705 360.4453 1.7262 0.6202 0.9676 -0.9999 1.5224 6.4563 -1.5782 0.9037
Pedestrian -1 -1 -1.0012 505.1021 165.3621 569.0931 261.4352 1.6670 0.6137 1.2030 -1.2689 1.4060 12.9384 -1.0948 0.1439
Pedestrian -1 -1 -0.3445 841.7333 177.0888 874.7679 249.8089 1.7947 0.6880 0.5809 6.3288 1.7121 17.7908 -0.0068 0.1336
Pedestrian -1 -1 -0.2315 1101.9552 118.1748 1188.5413 232.1961 1.8089 0.6154 1.0182 8.8656 0.8218 11.6959 0.4060 0.1259
Pedestrian -1 -1 2.6141 922.8015 150.5222 1016.5432 252.7781 1.6528 0.5418 1.2876 5.9948 1.1699 11.7353 3.0773 0.1045
Cyclist -1 -1 -1.1396 499.9103 168.2390 565.6357 266.0469 1.6681 0.5856 1.5763 -1.3312 1.4607 12.8945 -1.2382 0.2030
Cyclist -1 -1 -3.3592 886.2556 146.2280 1002.4944 250.5540 1.6771 0.5509 1.6680 5.5886 1.1278 11.8089 -2.9256 0.1367
Cyclist -1 -1 -1.4814 457.6400 153.1097 537.8340 354.9618 1.6970 0.6351 0.9707 -1.0016 1.4685 6.4417 -1.6264 0.1112
Car -1 -1 -1.3946 536.9330 142.4538 623.0298 207.7319 1.6511 1.6977 4.3245 -0.6246 0.6904 20.1424 -1.4230 0.1569
Car -1 -1 -2.7554 524.2296 160.2028 618.8569 195.3843 1.5506 1.6322 4.0423 -1.5548 0.6575 32.6027 -2.8007 0.1252
Car -1 -1 -2.5974 277.7388 204.7002 442.7457 268.1801 1.5150 1.6012 3.9351 -6.5715 2.2082 18.9957 -2.9241 0.1184
Car -1 -1 1.3648 776.3972 196.3529 883.8914 270.1462 1.5183 1.6813 4.1424 5.4050 1.9624 17.5974 1.6591 0.1003
