Pedestrian -1 -1 0.1020 311.6103 141.7401 331.4160 196.7488 1.8479 0.7190 0.5573 -9.8989 0.8031 24.6579 -0.2762 0.3179
Cyclist -1 -1 1.1924 1086.8458 135.0002 1186.8118 259.2971 1.6804 0.5457 1.7815 7.6835 1.1690 10.6818 1.8027 0.3086
Car -1 -1 -1.9389 720.3204 181.7840 1043.1556 375.0000 1.6269 1.6727 4.3097 2.4886 1.7536 7.9884 -1.6489 0.9273
Car -1 -1 3.5260 205.6992 190.7834 414.9821 265.9491 1.5424 1.6460 3.9648 -6.5850 1.9614 16.0200 3.1412 0.8437
Car -1 -1 2.1296 0.0000 212.2319 399.3678 375.0000 1.4271 1.5642 3.7508 -2.6886 1.7663 4.3095 1.5979 0.8276
Car -1 -1 -1.6678 641.0085 182.7237 676.7112 211.2183 1.5050 1.6460 4.1817 2.7377 2.1045 41.6883 -1.6033 0.8187
Car -1 -1 3.6183 0.6595 194.3753 344.6342 304.8385 1.5227 1.6712 4.3115 -6.6472 1.8864 11.2447 3.0943 0.8141
Car -1 -1 0.3573 387.5191 185.3717 507.9037 228.8312 1.4757 1.6021 3.9507 -5.8881 1.9486 26.1748 0.1376 0.6220
Car -1 -1 -2.6592 250.5342 188.8938 416.3853 252.9915 1.5120 1.5926 3.6599 -7.0882 1.9469 18.5356 -3.0203 0.4709
Car -1 -1 -2.8518 407.5618 189.7570 512.2275 229.3584 1.4607 1.5637 3.7362 -5.8967 2.1474 28.3530 -3.0556 0.4199
Car -1 -1 0.1237 432.9387 168.6269 534.2416 209.1449 2.0896 1.9039 5.0976 -6.6683 1.8719 38.2813 -0.0480 0.3796
Car -1 -1 0.4164 418.5464 186.8675 513.5995 222.6148 1.4580 1.5511 3.7661 -6.3037 2.0931 31.5099 0.2200 0.3588
Car -1 -1 3.2987 452.2261 187.1209 532.4845 218.3810 1.4850 1.5856 3.7290 -5.8317 2.2092 35.8041 3.1379 0.3034
Car -1 -1 -1.5074 417.1797 171.1749 444.8204 194.0026 1.4966 1.5867 3.9592 -12.2430 1.3868 49.3896 -1.7494 0.2702
