Pedestrian -1 -1 0.1851 273.1388 187.3481 398.8999 374.0000 1.6972 0.7043 0.9791 -2.4716 1.7562 6.6525 -0.1647 0.9015
Pedestrian -1 -1 -3.3999 888.9675 159.7645 987.8442 301.2227 1.6851 0.6536 0.9716 4.1269 1.4275 8.9530 -2.9846 0.8967
Pedestrian -1 -1 -0.2816 1109.3730 137.4955 1192.7651 278.0769 1.8320 0.7105 0.7247 7.4409 1.2599 9.8162 0.3490 0.2969
Pedestrian -1 -1 -3.4083 938.2620 169.2175 984.2701 235.7539 1.7633 0.7575 0.9430 9.7196 1.4389 19.4928 -2.9564 0.2467
Pedestrian -1 -1 -0.3934 758.1045 160.7150 795.6614 225.8223 1.7464 0.5356 0.8533 4.7513 1.1900 19.5992 -0.1638 0.1656
Pedestrian -1 -1 1.4038 1153.1394 110.2606 1238.0000 339.4878 1.7871 0.5300 0.8992 5.0700 1.2331 6.1192 2.0695 0.1529
Pedestrian -1 -1 0.5365 939.3154 161.4161 1077.0769 374.0000 1.7619 0.6533 0.6366 2.8983 1.6295 5.2245 1.0160 0.1194
Pedestrian -1 -1 -0.6529 884.0879 158.5282 918.7415 219.4179 1.7616 0.5609 0.7561 8.8004 1.0981 21.1500 -0.2681 0.1059
Cyclist -1 -1 -1.0271 1049.0341 150.2934 1098.4790 204.4377 1.7194 0.5026 1.8012 15.3881 0.7295 23.4306 -0.4561 0.1163
Car -1 -1 -0.8734 993.1619 144.1425 1122.4281 195.7553 1.9190 1.7898 4.5868 17.9321 0.5311 28.2718 -0.3172 0.1559
Car -1 -1 -0.1382 157.9011 146.3117 320.9935 208.4839 1.6318 1.6545 4.0036 -10.3946 0.7094 20.6686 -0.6040 0.1150
Car -1 -1 2.0966 1013.3275 153.5745 1141.8910 204.7607 1.4980 1.6056 4.0223 15.0047 0.6819 22.6469 2.6715 0.1135
