Pedestrian -1 -1 -1.9012 702.3643 165.0404 724.6967 209.4540 1.8128 0.7203 0.7148 4.2399 1.4942 29.8666 -1.7621 0.6716
Pedestrian -1 -1 -0.0843 945.3397 132.2936 1101.9353 255.9003 1.6245 0.8080 1.8488 5.7272 1.0918 10.2215 0.4140 0.1209
Cyclist -1 -1 1.5448 522.1616 171.9397 537.2881 215.3941 1.8564 0.6127 1.7643 -3.5804 1.8177 31.7371 1.4329 0.8473
Cyclist -1 -1 1.6425 476.2677 168.8842 510.5951 248.3585 1.8585 0.7031 1.9382 -2.9121 1.7660 17.8664 1.4825 0.7911
Cyclist -1 -1 1.6855 443.4169 172.4618 478.1618 252.4315 1.8162 0.6062 1.8858 -3.6145 1.8077 17.3503 1.4823 0.7870
Cyclist -1 -1 -0.1573 948.6111 131.0137 1113.4417 253.4843 1.6142 0.8139 1.9004 5.8276 1.0631 10.2146 0.3486 0.3574
Car -1 -1 2.0549 0.0000 184.1644 307.6110 375.0000 1.6277 1.6237 3.8952 -4.9421 1.7846 7.9947 1.5155 0.9273
Car -1 -1 1.7814 405.2477 181.3607 483.9712 232.9837 1.4991 1.6276 4.4872 -5.4114 1.8083 23.9437 1.5609 0.8529
Car -1 -1 -2.0668 832.1409 182.3584 1242.0000 375.0000 1.4789 1.5278 3.5603 2.5935 1.5606 4.3835 -1.5626 0.7910
Car -1 -1 1.8486 501.2122 180.6729 546.8245 208.7696 1.5203 1.5904 4.1288 -5.0276 2.0037 42.4097 1.7308 0.5995
Car -1 -1 -1.5926 641.6964 176.9349 669.4642 203.0259 1.5227 1.6206 3.9068 2.7538 1.7871 44.7100 -1.5320 0.4281
