Pedestrian -1 -1 1.6095 910.9849 103.0746 942.0184 188.0633 1.8663 0.6193 0.8529 7.1329 0.3343 16.3597 2.0144 0.3920
Pedestrian -1 -1 0.8621 784.6210 174.6538 827.7215 228.5647 1.7697 0.6417 1.4156 6.6050 1.8331 24.5111 1.1216 0.1038
Cyclist -1 -1 -2.2795 782.2554 174.6181 829.7210 227.7979 1.7408 0.6124 1.6722 6.6068 1.8033 24.5605 -2.0204 0.1838
Car -1 -1 1.7879 446.5926 162.5313 558.2029 259.9745 2.0166 1.7157 4.2634 -2.4436 1.8033 17.1203 1.6474 0.9358
Car -1 -1 3.5583 133.3450 173.4136 410.7410 262.1862 1.4878 1.6521 4.2017 -5.9534 1.4989 12.9420 3.1344 0.9287
Car -1 -1 -1.7377 701.4868 165.9834 801.4058 253.2605 1.7758 1.6029 3.7128 3.0649 1.6364 16.5443 -1.5586 0.9162
Car -1 -1 1.6317 534.0798 175.2701 585.1620 220.7541 1.4794 1.5750 3.8696 -1.7640 1.5720 25.6125 1.5630 0.7358
Car -1 -1 1.6272 550.2764 168.7923 593.2381 207.4417 1.5921 1.6592 4.1710 -1.6645 1.4252 31.8094 1.5748 0.4605
Car -1 -1 1.7673 565.6954 168.6841 613.5662 201.4088 1.5824 1.6678 4.2318 -1.0204 1.3811 37.1124 1.7396 0.3753
Car -1 -1 -0.3219 593.1635 167.5354 652.6847 192.7059 1.6239 1.6086 3.6241 0.8175 1.2811 47.8588 -0.3053 0.2254
