Pedestrian -1 -1 0.7508 734.1971 171.6651 765.4707 228.8605 1.7263 0.5320 0.7975 4.2635 1.6907 22.2535 0.9369 0.2071
Pedestrian -1 -1 0.6857 714.7224 173.1475 756.2154 231.5556 1.6907 0.5621 1.1114 3.6844 1.7000 21.4923 0.8524 0.1953
Pedestrian -1 -1 -2.1089 414.5710 170.5136 440.9505 222.1162 1.7246 0.6393 0.6278 -6.2485 1.6467 24.5596 -2.3560 0.1678
Pedestrian -1 -1 -1.2347 810.6934 176.6400 840.2388 234.5790 1.7431 0.6995 0.6507 6.5953 1.8626 22.2337 -0.9507 0.1589
Pedestrian -1 -1 -1.6048 232.0844 162.7613 259.9112 228.4336 1.7661 0.6633 0.6577 -10.0652 1.4951 19.8492 -2.0690 0.1521
Cyclist -1 -1 1.1591 720.2180 173.3896 757.1038 232.5646 1.7005 0.5488 1.4301 3.7724 1.7173 21.5050 1.3297 0.2062
Cyclist -1 -1 1.0438 731.4566 171.8344 764.7374 230.9474 1.7657 0.5661 1.0126 4.1794 1.7356 22.1221 1.2273 0.1120
Car -1 -1 3.1394 160.0323 186.4026 364.9344 269.4564 1.6805 1.6745 4.0966 -7.9932 2.0263 16.7615 2.7001 0.9324
Car -1 -1 1.6664 444.0933 186.5079 505.5740 235.8897 1.4564 1.6594 4.2272 -4.5720 1.9647 24.6592 1.4844 0.8646
Car -1 -1 1.4492 462.1165 176.0996 490.1475 197.5230 1.5258 1.5959 3.9656 -10.1081 1.7794 54.1622 1.2653 0.4910
Car -1 -1 -2.1372 544.9473 158.9921 609.6600 193.5423 2.3732 2.0223 5.5536 -2.4787 1.4214 52.4119 -2.1846 0.1932
Car -1 -1 2.6477 667.4254 176.5891 756.6952 212.0172 1.5772 1.6268 3.8354 4.7437 1.7602 33.8512 2.7851 0.1827
Car -1 -1 -0.8792 819.7915 131.9670 1043.2834 228.7712 1.5283 1.6210 3.8329 5.7558 0.8831 12.9792 -0.4703 0.1627
