Pedestrian -1 -1 -2.2089 800.4214 182.3290 819.0430 218.7686 1.8286 0.7013 0.5911 10.1529 2.3177 36.8169 -1.9426 0.1834
Cyclist -1 -1 2.5289 881.4588 174.1190 976.5107 254.2432 1.6528 0.7511 1.7525 6.7672 1.6812 15.4464 2.9340 0.1985
Cyclist -1 -1 1.2561 1115.1210 156.2655 1242.0000 321.9937 1.7062 0.7210 2.0034 6.6506 1.5358 8.4900 1.9032 0.1803
Cyclist -1 -1 1.9169 163.3013 173.9960 188.8297 208.4447 1.7359 0.6202 1.6033 -22.4306 1.7965 37.2577 1.3780 0.1501
Car -1 -1 2.0702 74.5565 190.9151 283.0809 287.0371 1.5184 1.6919 4.1874 -8.2913 1.9294 14.2963 1.5524 0.9214
Car -1 -1 -1.5707 567.9679 179.5875 609.5093 221.3858 1.6380 1.6714 4.5432 -0.9680 1.9520 31.3096 -1.6020 0.9179
Car -1 -1 1.8764 295.8432 187.8664 390.1772 242.2054 1.5212 1.7022 4.0860 -8.5775 2.0522 23.4218 1.5285 0.8609
Car -1 -1 1.7957 391.4475 183.9355 448.4699 220.6931 1.5625 1.7147 4.1331 -8.9179 2.1176 34.0215 1.5408 0.8404
Car -1 -1 2.0069 437.4129 184.6284 490.2259 212.1461 1.5447 1.5962 4.1425 -8.9993 2.3086 44.5857 1.8084 0.3458
Car -1 -1 -1.5571 631.3309 158.0814 654.4085 181.4176 1.7412 1.7218 4.2382 2.5517 0.6393 55.9994 -1.5120 0.2823
Car -1 -1 1.5285 741.4199 172.4004 766.6497 194.2603 1.5041 1.5922 4.0551 10.2696 1.4733 51.7698 1.7229 0.2228
