Pedestrian -1 -1 1.2184 711.6923 176.3089 727.7484 211.2517 1.8583 0.5687 0.9319 5.8882 2.0478 38.9852 1.3666 0.5685
Pedestrian -1 -1 -0.4534 1164.2603 199.4157 1219.5835 286.3397 1.7831 0.7225 0.6705 12.4209 2.3690 15.4809 0.2124 0.4040
Pedestrian -1 -1 -0.6936 839.0023 169.3076 865.4874 215.6516 1.7325 0.5798 0.7571 9.1476 1.6003 27.3795 -0.3749 0.2097
Pedestrian -1 -1 -0.1095 976.8297 119.2789 1031.2996 199.6052 1.8385 0.6417 1.0573 9.2212 0.6126 17.0061 0.3802 0.1735
Car -1 -1 2.0737 192.1951 187.0470 292.2418 232.8388 1.5273 1.6380 4.0034 -13.8507 2.1058 27.3538 1.6086 0.8952
Car -1 -1 2.1246 152.1259 186.5479 256.1071 229.2043 1.5635 1.7138 4.3911 -16.8264 2.1777 30.1115 1.6184 0.6568
Car -1 -1 1.8439 384.2152 184.4519 424.9077 208.3524 1.5156 1.6529 4.1038 -14.1519 2.3496 49.8014 1.5680 0.4977
Car -1 -1 2.2685 0.0000 185.5671 55.0605 239.4335 1.5847 1.6911 4.0886 -21.0958 2.0486 24.2493 1.5579 0.3338
Car -1 -1 -0.9352 39.0183 185.6711 140.5884 232.1611 1.7186 1.5503 3.5456 -21.1456 2.2737 29.4409 -1.5539 0.2836
Car -1 -1 -0.9780 988.8489 186.2138 1064.1208 217.2278 1.5376 1.6216 3.8736 22.3218 2.2843 38.7194 -0.4590 0.1855
