Pedestrian -1 -1 -0.7764 75.5402 158.8937 142.2921 266.0486 1.6966 0.5449 0.7241 -8.2556 1.4759 11.8293 -1.3754 0.1263
Pedestrian -1 -1 -0.9122 215.1758 116.2215 256.3030 186.2453 1.8899 0.6693 0.7812 -10.3707 0.3618 19.9167 -1.3868 0.1263
Pedestrian -1 -1 0.0421 249.6334 166.3431 283.1285 237.7364 1.7209 0.5705 0.7209 -8.5141 1.5643 17.7921 -0.3987 0.1073
Cyclist -1 -1 2.1386 386.8769 149.3142 422.9511 202.9562 1.7800 0.5803 1.2933 -7.0367 0.9993 24.6434 1.8631 0.1222
Cyclist -1 -1 -2.7664 364.7823 164.7371 412.8894 212.9895 1.7304 0.5692 1.5726 -8.0737 1.4397 26.2183 -3.0626 0.1068
Car -1 -1 -0.1970 674.0414 179.9220 817.2460 225.7488 1.4255 1.6309 4.3548 4.3078 1.6651 23.5622 -0.0191 0.9189
Car -1 -1 -3.1903 642.2111 178.7685 709.7706 203.4408 1.5152 1.6189 4.1763 4.0997 1.8970 45.6298 -3.1017 0.6635
Car -1 -1 2.1128 635.9003 175.1089 683.9378 197.3009 1.4924 1.5885 3.9356 3.5390 1.6587 51.0091 2.1813 0.2493
Car -1 -1 1.3642 474.9982 184.3880 511.2996 209.6017 1.5165 1.5739 3.9585 -7.7589 2.3099 47.4741 1.2026 0.1138
Car -1 -1 1.5625 628.8528 183.3288 647.6896 202.0555 1.4820 1.5467 3.8270 2.3556 2.3989 61.1988 1.6003 0.1094
