Pedestrian -1 -1 -2.0390 560.3577 156.9847 597.3362 222.6483 1.8073 0.6616 1.0089 -0.9379 1.3709 20.4586 -2.0849 0.1956
Pedestrian -1 -1 1.2706 510.0446 167.2603 538.0904 219.7515 1.6774 0.5480 1.3247 -2.8862 1.4990 23.7706 1.1505 0.1900
Cyclist -1 -1 1.6338 513.1124 169.3163 532.5751 222.7720 1.6980 0.5398 1.5632 -2.8993 1.5860 23.7129 1.5129 0.4454
Cyclist -1 -1 -2.0167 559.4262 156.8820 596.2349 221.6320 1.7895 0.6653 1.0321 -0.9712 1.3484 20.5506 -2.0640 0.1082
Car -1 -1 -1.7823 298.6156 188.2510 389.4465 251.2763 1.4893 1.6103 3.7514 -7.5105 1.9605 20.0466 -2.1369 0.8808
Car -1 -1 -1.7555 270.2797 185.4721 338.0451 236.2644 1.5927 1.5960 3.4260 -10.8665 2.0703 25.4198 -2.1561 0.7467
Car -1 -1 -1.6425 216.5270 186.5040 254.4192 215.8578 1.4749 1.6070 3.8279 -20.9414 2.2749 40.2121 -2.1202 0.5747
Car -1 -1 -1.7668 240.9669 189.2917 301.3972 229.8640 1.4406 1.5350 3.5880 -13.7291 2.1463 29.0565 -2.2050 0.5569
Car -1 -1 -1.5399 45.5631 192.2334 109.0435 243.3829 1.5042 1.6181 3.9182 -18.3104 2.2281 24.8617 -2.1698 0.4419
Car -1 -1 -1.6100 182.4171 182.9917 206.7931 203.6014 1.6217 1.6334 3.9858 -35.1539 2.5088 60.9832 -2.1313 0.2323
Car -1 -1 1.6733 0.0000 151.1145 89.1329 375.0000 2.1132 1.8446 4.8817 -7.9369 1.9123 9.2152 0.9764 0.2298
