Pedestrian -1 -1 0.3399 730.4668 145.8057 817.0105 271.3199 1.8245 0.8346 1.0880 2.5639 1.3218 10.9168 0.5660 0.9522
Pedestrian -1 -1 0.5074 411.3244 147.5142 514.9326 293.2636 1.7573 0.8204 1.0351 -1.8528 1.3613 9.0701 0.3147 0.9206
Pedestrian -1 -1 1.1360 20.2271 176.5110 44.4531 219.6555 1.8118 0.5025 0.8292 -24.3999 1.6457 30.0955 0.4616 0.5179
Pedestrian -1 -1 -2.0522 0.0000 164.8601 42.7365 268.1888 1.7133 0.5625 0.6457 -10.1863 1.4556 12.1044 -2.7371 0.5159
Pedestrian -1 -1 1.6124 306.2081 166.1063 337.7822 249.2455 1.7858 0.6135 0.7642 -6.2934 1.4783 15.6437 1.2387 0.3713
Pedestrian -1 -1 -1.2683 973.5273 148.2387 1015.9834 213.9215 1.7348 0.5403 1.7391 10.7119 0.8843 19.4688 -0.7704 0.1650
Pedestrian -1 -1 -0.1276 422.0771 160.3084 533.0673 267.2635 1.6447 0.7047 1.6959 -2.1179 1.3359 11.4576 -0.3036 0.1388
Cyclist -1 -1 -0.0678 422.7613 159.6470 534.1030 268.3910 1.6803 0.6918 1.7300 -2.1057 1.3597 11.4639 -0.2427 0.8930
Cyclist -1 -1 1.0703 804.0253 153.1216 827.9659 184.5423 1.8116 0.5339 1.8387 12.4299 0.2344 41.7165 1.3596 0.7282
Cyclist -1 -1 -1.4057 977.6002 148.2222 1010.9284 214.5348 1.7446 0.5309 1.7699 10.6925 0.8970 19.4576 -0.9083 0.5509
Cyclist -1 -1 -0.8543 1175.9235 139.1135 1224.0000 191.0261 1.7391 0.6149 1.7464 20.4976 0.3542 24.1193 -0.1547 0.5366
Car -1 -1 -0.9960 0.0000 198.6310 358.7783 370.0000 1.4506 1.5757 3.9654 -3.1345 1.6206 4.5687 -1.5641 0.7547
Car -1 -1 -0.6054 1194.1433 147.6507 1224.0000 202.7807 1.4793 1.6043 3.8851 19.3950 0.5994 20.0630 0.1569 0.3821
Car -1 -1 -0.0454 426.0368 159.8599 538.2704 267.2926 1.6664 0.7580 1.7463 -2.0498 1.3479 11.5185 -0.2149 0.1136
