Pedestrian -1 -1 -1.8432 880.9789 142.6592 906.7207 192.4363 1.8041 0.6477 0.9409 10.6391 0.4341 26.1249 -1.4588 0.6200
Pedestrian -1 -1 0.0006 578.4772 169.5701 592.2527 196.0068 1.8000 0.4942 0.9378 -1.3412 1.0571 48.3951 -0.0252 0.3464
Pedestrian -1 -1 -0.4333 516.5204 169.5766 532.0751 196.4991 1.8264 0.5814 0.8982 -5.5275 1.0867 48.4427 -0.5444 0.3321
Pedestrian -1 -1 -1.2784 924.8374 141.7089 942.8978 177.6820 1.8467 0.7121 0.5955 17.1168 -0.1472 36.8227 -0.8447 0.2171
Pedestrian -1 -1 -0.3223 504.5423 169.1864 518.6736 195.3494 1.8190 0.5421 0.8554 -6.5467 1.0337 49.5842 -0.4510 0.1948
Pedestrian -1 -1 0.5186 453.8000 178.2679 470.1666 206.3428 1.8533 0.6066 0.8844 -9.5248 1.7073 47.0962 0.3219 0.1755
Pedestrian -1 -1 1.2418 630.7667 170.1041 647.5450 196.6384 1.7495 0.6160 1.6806 2.2878 1.0654 47.5049 1.2913 0.1179
Cyclist -1 -1 3.0905 626.1254 169.9501 653.2187 196.7641 1.7899 0.6079 1.7892 2.3249 1.0870 47.4978 3.1408 0.7694
Cyclist -1 -1 -1.0801 395.2070 180.8563 420.9596 214.1112 1.7236 0.5171 1.8263 -10.4721 1.7444 37.6089 -1.3479 0.4591
Cyclist -1 -1 -0.1480 572.4153 172.2853 598.1634 196.9838 1.7319 0.5981 1.7523 -1.3927 1.1572 50.0210 -0.1740 0.2733
Car -1 -1 2.6007 888.1901 147.2944 1009.3615 186.6154 1.5225 1.6278 4.1268 13.7214 0.2383 28.3736 3.0486 0.8539
Car -1 -1 -1.3541 523.7108 177.6894 565.1984 204.6341 1.5412 1.6560 4.0121 -3.5930 1.3818 42.5359 -1.4361 0.5430
Car -1 -1 1.8011 345.5783 181.9434 386.8658 207.2427 1.5312 1.6188 3.9687 -15.1648 1.6288 45.0712 1.4803 0.3033
