Pedestrian -1 -1 -3.2780 732.3416 127.6283 762.6683 205.5094 1.6668 0.4870 0.5842 2.9360 0.6992 15.6958 -3.0967 0.3072
Pedestrian -1 -1 1.5292 416.6176 174.1714 439.8271 227.5474 1.8531 0.7682 0.6674 -6.4720 1.9008 25.4977 1.2826 0.2728
Car -1 -1 -1.8069 705.9584 179.9879 843.0126 280.6657 1.5282 1.5713 3.4406 2.7384 1.6739 12.9428 -1.6041 0.9416
Car -1 -1 -1.4033 395.6663 192.5163 479.7354 256.2162 1.4283 1.5762 3.6290 -4.5214 2.0022 19.1838 -1.6324 0.9122
Car -1 -1 -1.7056 654.0447 182.4710 715.9949 233.6035 1.4841 1.5321 3.3088 2.3028 1.8169 23.2551 -1.6089 0.8560
Car -1 -1 -1.3947 453.1221 182.7521 513.5199 228.4661 1.6065 1.6458 3.9995 -4.9150 2.0216 28.2254 -1.5661 0.8445
Car -1 -1 1.6210 498.9211 182.1904 529.4702 215.3873 1.8020 1.5847 3.7716 -5.5967 2.3736 42.2015 1.4894 0.7348
Car -1 -1 -1.6251 634.4473 180.0750 668.1207 212.1101 1.6124 1.6058 3.6851 2.1519 2.0215 38.9882 -1.5710 0.6592
Car -1 -1 2.3765 0.0000 202.6670 119.5668 375.0000 1.5088 1.6220 4.0864 -4.4914 1.7386 3.4525 1.4986 0.5063
Car -1 -1 1.3036 698.9665 176.8382 751.3309 210.1062 1.5193 1.5542 3.8772 5.5521 1.7265 35.4447 1.4572 0.4719
