Pedestrian -1 -1 2.5292 844.1602 136.7458 886.4442 215.4648 1.6515 0.4466 0.7301 5.4141 0.8943 15.4504 2.8600 0.2830
Car -1 -1 1.8553 301.7440 191.4340 453.3008 287.8312 1.5181 1.6970 4.1843 -4.4300 1.9402 14.2730 1.5587 0.9297
Car -1 -1 1.7502 403.9539 182.5257 488.2655 251.4140 1.6395 1.5696 3.7992 -4.3968 1.9290 19.6399 1.5321 0.9135
Car -1 -1 -1.9186 768.7955 180.1087 1106.6776 375.0000 1.4687 1.6302 4.0816 2.8379 1.5643 7.4202 -1.5676 0.9091
Car -1 -1 -1.7753 715.4982 177.5662 844.6064 270.3600 1.4901 1.5817 3.7292 2.9974 1.5918 13.6436 -1.5645 0.8966
Car -1 -1 1.7361 453.6318 179.4292 519.7097 232.2979 1.6638 1.6316 3.9970 -4.2609 1.9121 25.2011 1.5697 0.8962
Car -1 -1 -1.6952 677.7427 178.7751 747.4725 234.0125 1.5224 1.6221 3.9293 3.0269 1.7218 22.2777 -1.5627 0.7860
Car -1 -1 -2.2657 0.0000 213.1559 104.4706 343.2616 1.4580 1.5954 3.9410 -9.3344 2.0622 9.7678 -3.0148 0.5867
Car -1 -1 -1.6901 666.8696 177.0000 721.9778 220.0749 1.5383 1.6319 4.1822 3.1856 1.7132 28.2676 -1.5797 0.4453
Car -1 -1 1.4299 527.5633 180.6945 554.3253 200.2144 1.5233 1.6433 4.2430 -5.8359 2.2042 60.3723 1.3335 0.4246
