Car -1 -1 -1.7877 695.9178 188.6839 802.0911 261.8042 1.4185 1.5447 3.4693 2.9458 1.5047 15.8707 -1.6078 0.9303
Car -1 -1 -1.3203 371.7825 183.6213 490.6663 263.4854 1.5005 1.6041 3.5302 -3.6573 1.4717 15.2828 -1.5516 0.9299
Car -1 -1 -1.1144 155.3537 189.4638 315.0992 266.8373 1.4545 1.5836 3.6571 -7.9017 1.5583 15.5450 -1.5780 0.9062
Car -1 -1 -1.3902 449.1563 181.3376 523.1724 235.2171 1.6025 1.6571 4.1121 -3.9030 1.4883 23.4464 -1.5537 0.8946
Car -1 -1 -1.7569 640.2598 179.5611 690.0939 213.4855 1.5625 1.6771 4.1688 2.7167 1.3032 35.2699 -1.6811 0.8485
Car -1 -1 -1.5495 587.4299 179.1093 611.2736 201.6598 1.5458 1.6207 3.7370 -0.5870 1.1283 51.1478 -1.5613 0.7133
Car -1 -1 -1.4219 490.2044 181.6697 535.2928 216.1909 1.5560 1.6002 3.6831 -4.5036 1.3973 34.2547 -1.5521 0.7054
Car -1 -1 -0.8898 0.0000 206.4059 304.7173 376.0000 1.4707 1.6235 4.1353 -3.6535 1.6646 4.4489 -1.5484 0.6701
Car -1 -1 -1.3165 337.5646 182.0541 412.5459 225.7682 1.4483 1.6029 3.9711 -8.2995 1.3447 25.8386 -1.6246 0.6518
Car -1 -1 -1.3944 439.9937 172.0613 478.3309 198.0543 1.4988 1.5937 3.9795 -8.9559 0.7414 43.4566 -1.5967 0.2883
Car -1 -1 -1.4260 573.1416 180.6758 599.0091 199.6986 1.4903 1.5678 3.7983 -1.7400 1.1357 58.2887 -1.4561 0.2476
