Pedestrian -1 -1 1.1995 678.2944 166.3134 697.0664 196.8298 1.7699 0.6123 1.4582 4.5479 1.3909 42.6300 1.3046 0.2403
Pedestrian -1 -1 -0.9524 1182.1243 109.1604 1242.0000 227.9402 1.6883 0.4460 1.0894 9.0043 0.7834 10.6097 -0.2621 0.1936
Pedestrian -1 -1 -0.9948 1015.8919 167.7188 1067.5054 258.3163 1.7184 0.6071 0.6601 8.3840 1.6214 14.1031 -0.4683 0.1412
Cyclist -1 -1 1.2009 678.4313 165.9453 698.0861 196.0004 1.7423 0.6043 1.6294 4.5871 1.3422 42.6905 1.3068 0.4008
Cyclist -1 -1 2.2629 290.4606 184.6385 315.2256 210.5860 1.6903 0.5682 1.7258 -20.7646 2.5015 48.7344 1.8617 0.2648
Cyclist -1 -1 -0.8985 1175.7122 114.6694 1242.0000 234.5140 1.6992 0.3961 1.5192 9.0556 0.8746 10.5752 -0.2039 0.2184
Cyclist -1 -1 -0.9779 1092.1283 123.3538 1210.0859 246.9010 1.6459 0.5125 1.6448 7.5512 0.9868 10.1333 -0.3513 0.1911
Car -1 -1 1.9055 338.0055 186.2530 382.8828 211.4700 1.5429 1.6116 3.9925 -16.6638 2.4768 48.2685 1.5744 0.6258
Car -1 -1 -1.7767 786.7113 183.1819 858.1754 233.9901 1.5207 1.5642 3.6032 6.9890 1.8940 24.1994 -1.4996 0.2906
Car -1 -1 1.6952 514.9714 183.4031 546.2729 207.1337 1.4697 1.5958 4.1432 -5.3347 2.2115 48.6215 1.5861 0.1365
