Pedestrian -1 -1 -0.0201 1036.2524 83.1433 1127.1962 298.8657 1.7751 0.6318 0.6410 4.0824 1.0373 6.3690 0.5291 0.2411
Pedestrian -1 -1 -1.8714 855.5372 136.9458 882.2952 191.9626 1.9020 0.6910 0.7460 9.0381 0.6610 25.3279 -1.5324 0.2380
Car -1 -1 -0.3604 665.9500 168.9331 858.5020 237.1545 1.4714 1.6267 4.0437 3.4089 1.3872 16.6906 -0.1631 0.9084
Car -1 -1 0.3305 116.7997 173.7025 326.3144 243.6638 1.5362 1.6503 4.0253 -9.0343 1.5579 16.9889 -0.1521 0.8701
Car -1 -1 3.6455 0.0000 182.7632 231.9224 291.8385 1.4923 1.6064 3.8017 -8.1892 1.6591 11.0830 3.0204 0.8173
Car -1 -1 3.3764 286.9514 170.3630 406.9636 213.0651 1.5639 1.6407 4.0186 -9.9687 1.4731 27.4603 3.0310 0.8079
Car -1 -1 3.7459 0.0000 196.1458 179.4026 337.6282 1.4549 1.5998 3.8979 -7.7246 1.7698 8.7439 3.0373 0.7667
Car -1 -1 -0.2130 618.0254 164.6268 731.3589 205.6812 1.4988 1.6212 4.0315 2.3709 1.1988 27.4000 -0.1281 0.7374
Car -1 -1 3.5116 187.4831 177.3200 356.6310 234.9831 1.4719 1.6009 3.8137 -9.0616 1.5984 19.4710 3.0809 0.7184
Car -1 -1 0.4795 227.2698 177.8279 378.1214 227.9549 1.4857 1.6097 4.0538 -9.5812 1.6481 22.5418 0.0815 0.4866
Car -1 -1 -1.7252 601.6434 166.6633 652.3331 204.8240 1.5140 1.5687 3.7957 0.6172 1.2687 30.6091 -1.7057 0.3373
