Pedestrian -1 -1 -1.5170 438.2308 158.8827 498.4595 289.4746 1.7160 0.7724 0.7493 -1.9809 1.5328 9.9034 -1.7104 0.4488
Pedestrian -1 -1 2.9646 348.7169 184.4353 377.4967 216.0475 1.7649 0.6212 1.4755 -14.1903 2.4395 41.3719 2.6358 0.2412
Pedestrian -1 -1 -2.4700 441.4011 155.4429 460.0017 188.5953 1.8659 0.5609 0.8745 -9.0978 0.8863 41.0515 -2.6869 0.1702
Pedestrian -1 -1 0.9438 490.3574 171.7202 536.4562 250.8849 1.7495 0.5700 0.9924 -2.2640 1.7248 16.4988 0.8087 0.1605
Cyclist -1 -1 2.9810 347.0790 184.7087 380.1046 216.1266 1.7521 0.6107 1.7190 -14.1767 2.4441 41.4177 2.6527 0.4676
Cyclist -1 -1 -1.5270 436.0706 160.0330 492.4328 288.4923 1.6770 0.7205 0.9264 -2.0401 1.5100 9.9298 -1.7255 0.2032
Cyclist -1 -1 1.2272 1149.8975 106.6152 1242.0000 303.2940 1.6391 0.5094 1.6475 5.7092 1.0875 6.8725 1.8996 0.1975
Car -1 -1 -0.1498 611.8287 166.9003 787.0860 234.8113 1.7125 1.7392 4.3930 2.2296 1.5628 19.1416 -0.0364 0.9102
Car -1 -1 2.3461 362.3594 180.4909 503.1981 234.5316 1.4896 1.6980 4.4542 -5.5264 1.7572 22.8959 2.1113 0.8547
Car -1 -1 -0.4921 584.1754 178.2494 691.8752 221.2213 1.5235 1.6062 3.7991 1.0348 1.7414 27.5269 -0.4557 0.2839
