Car -1 -1 -2.0131 777.9484 197.3209 1114.7507 375.0000 1.4587 1.5699 3.5676 2.9729 1.7708 7.3552 -1.6443 0.8956
Car -1 -1 -0.2271 795.6310 181.0840 987.7970 255.1342 1.6236 1.6815 3.9652 6.5018 1.8320 17.1476 0.1288 0.8926
Car -1 -1 -0.3879 802.8683 195.4276 1049.5564 275.7089 1.4875 1.6447 4.2937 6.2371 1.9731 14.6708 0.0058 0.8245
Car -1 -1 3.5758 78.7319 178.5425 346.5804 282.6354 1.5789 1.5990 3.5384 -6.4590 1.6804 11.9315 3.0885 0.7978
Car -1 -1 -0.2018 722.8539 176.1970 862.9833 231.2592 1.8288 1.7806 4.4417 6.2130 1.9497 25.0534 0.0377 0.7945
Car -1 -1 0.6136 0.0000 176.4175 248.6659 361.8795 1.5663 1.6165 3.6922 -5.8376 1.6060 7.0439 -0.0602 0.7579
Car -1 -1 -2.8681 395.9287 181.6913 502.3048 222.0720 1.6449 1.6807 4.1261 -6.8469 2.0337 30.7600 -3.0858 0.7360
Car -1 -1 0.3487 291.9230 171.1363 457.3434 232.3629 1.7144 1.7246 4.2776 -6.8558 1.6667 21.1446 0.0383 0.6513
Car -1 -1 0.2949 324.3740 187.8291 454.2520 236.4965 1.5003 1.5853 3.7505 -7.1707 2.0055 23.5257 0.0016 0.4546
Car -1 -1 3.8145 0.0000 233.0825 98.8340 375.0000 1.4473 1.5927 3.8273 -5.7873 1.9216 4.5015 2.9338 0.4401
Car -1 -1 3.1774 434.0840 176.4156 524.6959 210.9594 1.6484 1.7379 4.3258 -6.4740 1.8315 35.8361 2.9995 0.2779
