Pedestrian -1 -1 0.1234 383.7356 185.5276 395.3258 207.3069 1.8165 0.5430 0.8759 -18.6347 2.8929 60.9185 -0.1726 0.3662
Pedestrian -1 -1 1.5694 692.9048 120.9484 715.4057 184.5995 1.8314 0.6432 0.9308 2.7242 0.3383 21.2597 1.6951 0.2354
Pedestrian -1 -1 -2.3390 253.6533 185.0430 289.9599 222.6705 1.7950 0.6845 1.6160 -16.6414 2.4041 35.4218 -2.7757 0.1374
Cyclist -1 -1 -2.3263 252.7255 184.7897 290.7516 222.6026 1.8032 0.6754 1.7518 -16.6567 2.4005 35.4451 -2.7631 0.4696
Cyclist -1 -1 -2.4602 638.0289 174.0832 675.0792 213.2714 1.7556 0.5826 1.7131 2.0910 1.8138 33.1650 -2.3984 0.4189
Cyclist -1 -1 1.5694 692.9048 120.9484 715.4057 184.5995 1.8314 0.6432 0.9308 2.7242 0.3383 21.2597 1.6951 0.1501
Car -1 -1 -1.5225 495.7605 181.1950 546.4492 229.7772 1.6330 1.6882 4.1495 -3.3091 1.9714 27.1121 -1.6435 0.9269
Car -1 -1 1.8424 314.6364 189.2404 388.1263 231.5825 1.4859 1.7076 4.2467 -10.3909 2.1984 29.1795 1.5027 0.8189
Car -1 -1 1.8002 391.3498 187.5078 429.2609 212.1344 1.5203 1.6122 3.9932 -13.5334 2.5567 48.9803 1.5316 0.5909
Car -1 -1 1.6865 578.0162 179.1575 609.7992 204.1866 1.5163 1.6107 4.0383 -1.0335 1.9442 46.8461 1.6640 0.4485
Car -1 -1 -1.5175 538.7926 140.1945 595.5338 192.1953 1.5011 1.5802 3.8043 -1.3208 0.5587 22.7318 -1.5751 0.3879
Car -1 -1 3.3644 114.9650 194.3399 179.8417 216.0989 1.5351 1.6322 3.9107 -35.3240 3.2205 55.1535 2.7967 0.2117
