Pedestrian -1 -1 -1.6034 208.7861 161.2316 283.5244 344.9256 1.7574 0.6561 1.0165 -3.7565 1.5649 7.4727 -2.0614 0.9315
Pedestrian -1 -1 -1.9326 714.1057 162.3346 752.8812 238.3920 1.6989 0.5846 0.9150 2.9963 1.2720 16.5477 -1.7615 0.9019
Pedestrian -1 -1 -2.4857 530.0221 163.7143 598.6846 261.0907 1.7619 0.7554 1.0574 -0.7417 1.4414 13.6046 -2.5447 0.8805
Pedestrian -1 -1 -2.1078 787.3185 164.2815 892.4991 364.3293 1.7008 0.5925 0.7641 2.1022 1.5558 6.5469 -1.8147 0.8667
Pedestrian -1 -1 -2.0385 851.4532 150.2185 978.9908 356.8683 1.7244 0.6652 0.9919 2.7553 1.4647 6.5146 -1.6585 0.8365
Pedestrian -1 -1 2.4525 1099.6010 148.4152 1211.1141 270.9417 1.7439 0.7813 1.0526 8.1340 1.2743 10.6396 3.0882 0.7956
Pedestrian -1 -1 -3.1942 993.8149 153.6476 1052.8773 270.6606 1.6770 0.5518 0.7195 6.2245 1.2791 10.6988 -2.6832 0.7841
Pedestrian -1 -1 -2.1218 127.5029 170.9458 223.3964 319.6802 1.6659 0.6999 0.7337 -5.0948 1.5490 8.5242 -2.6530 0.7702
Pedestrian -1 -1 -1.4718 430.7623 174.4390 451.9682 225.2115 1.7961 0.6874 0.6201 -5.7576 1.5474 25.7587 -1.6948 0.7015
Pedestrian -1 -1 2.3462 939.8946 151.5312 1003.7420 247.7309 1.7011 0.6224 0.8511 6.7256 1.1724 13.1334 2.8062 0.6787
Cyclist -1 -1 1.8659 501.5828 171.4527 539.9235 231.3937 1.7834 0.6963 1.8116 -2.5127 1.4856 22.3234 1.7498 0.6379
Cyclist -1 -1 2.4786 1103.9252 147.4380 1214.7880 271.2863 1.7653 0.7464 1.0613 8.1799 1.2811 10.6220 3.1177 0.1145
Cyclist -1 -1 2.3100 940.5030 150.7312 1007.3768 246.5266 1.6901 0.6260 0.9304 6.7639 1.1485 13.1303 2.7724 0.1074
Cyclist -1 -1 -1.8812 762.8098 157.0802 860.3677 366.9430 1.7708 0.5602 0.9829 1.8387 1.5661 6.5642 -1.6244 0.1055
