Pedestrian -1 -1 -3.4267 983.4105 132.7093 1034.3044 229.7818 1.7794 0.6288 0.6850 7.4554 1.0439 13.6015 -2.9346 0.1725
Pedestrian -1 -1 -0.7842 831.0644 163.8964 867.1863 227.8885 1.7228 0.5520 0.7833 6.5287 1.4820 19.8461 -0.4714 0.1645
Pedestrian -1 -1 -0.7543 887.3936 158.1382 952.8600 231.5671 1.6898 0.4149 1.5729 7.2929 1.3515 17.0713 -0.3573 0.1155
Cyclist -1 -1 -0.7819 887.5732 157.6025 950.9102 231.7083 1.7042 0.4129 1.5415 7.2726 1.3538 17.0713 -0.3859 0.2089
Cyclist -1 -1 1.4531 926.4169 154.3132 963.5618 233.1646 1.6573 0.5419 1.6349 7.3685 1.2680 16.0239 1.8767 0.1938
Car -1 -1 -1.8166 634.3933 181.1717 749.8024 261.7699 1.5066 1.6110 3.7321 1.6158 1.7123 15.8537 -1.7180 0.9138
Car -1 -1 1.8768 0.0000 117.7447 362.7822 375.0000 1.8807 1.7661 4.7267 -3.5587 1.5778 6.4517 1.3892 0.8666
Car -1 -1 -1.4819 408.7221 181.2336 468.6131 231.8172 1.5678 1.6811 3.8034 -5.9045 1.8821 25.0251 -1.7119 0.8605
Car -1 -1 -1.7335 586.8303 180.7650 646.9440 226.4922 1.5245 1.6165 3.7819 0.1392 1.8399 26.7368 -1.7291 0.7809
Car -1 -1 -1.8109 606.2280 178.4618 684.0878 235.9094 1.5883 1.5947 3.4252 0.9506 1.7750 22.1409 -1.7695 0.7479
Car -1 -1 -1.5917 570.6429 179.9584 601.0129 209.2788 1.5009 1.5853 3.8073 -1.4087 1.9125 39.8197 -1.6274 0.6079
Car -1 -1 1.6229 435.7685 162.8633 484.0764 215.4492 2.3048 1.9696 5.3557 -7.1043 1.8672 34.4164 1.4204 0.2282
