Pedestrian -1 -1 1.1471 838.8632 174.7158 870.3120 217.7430 1.7666 0.6198 1.6761 10.3020 1.8480 30.5614 1.4687 0.1399
Cyclist -1 -1 1.0696 836.8936 175.7281 871.1470 218.1301 1.7383 0.6299 1.6989 10.2870 1.8641 30.5911 1.3905 0.2319
Cyclist -1 -1 1.6994 996.2273 164.9307 1027.4679 227.1474 1.7543 0.5992 1.7255 11.7817 1.5312 21.2157 2.2000 0.2222
Car -1 -1 -1.7794 733.8625 174.4960 849.1089 259.2084 1.8287 1.7695 4.7958 4.3072 1.8757 18.0824 -1.5502 0.9399
Car -1 -1 1.8738 293.0641 191.9837 448.5220 291.3257 1.5039 1.6263 4.0320 -4.3816 1.9214 13.7142 1.5693 0.9123
Car -1 -1 2.0577 73.5184 199.6894 369.6474 360.6598 1.4624 1.5867 3.8656 -4.5972 1.8765 9.1630 1.6035 0.9068
Car -1 -1 -1.7083 718.7448 185.8602 783.4293 237.5903 1.5330 1.5910 3.9051 4.6312 2.0085 24.3673 -1.5236 0.8194
Car -1 -1 2.2991 0.0000 201.9025 193.2840 375.0000 1.4473 1.6037 3.7986 -4.5000 1.7055 4.4800 1.5410 0.7847
Car -1 -1 1.6555 539.3259 185.0881 575.8771 215.4081 1.5417 1.6983 4.2037 -2.9236 2.2646 40.5016 1.5833 0.5468
Car -1 -1 -1.7709 704.4715 183.5561 760.0408 223.9698 1.5244 1.5657 3.6538 4.9816 1.9980 30.0510 -1.6089 0.4334
Car -1 -1 1.6412 598.5790 181.9152 619.1130 199.5101 1.5441 1.6428 4.0969 -0.0984 2.4196 67.5828 1.6393 0.2745
Car -1 -1 1.9580 558.2515 186.5474 605.1693 212.3950 1.5064 1.6340 3.9984 -1.8024 2.4301 46.4926 1.9189 0.2277
Car -1 -1 -1.7130 694.7983 185.8020 738.7376 219.9496 1.5146 1.5858 3.8260 5.1368 2.1839 35.3636 -1.5706 0.2201
