Pedestrian -1 -1 0.3167 330.5784 138.1905 354.8618 187.7943 1.7922 0.5228 0.7034 -9.7975 0.5402 26.3404 -0.0363 0.2423
Pedestrian -1 -1 -2.0633 866.8158 158.6346 884.2974 193.3563 1.9240 0.7214 0.5930 14.8036 1.1364 40.3236 -1.7140 0.2280
Car -1 -1 -1.7984 692.9706 181.8390 834.2365 274.1928 1.4150 1.6118 4.1948 2.6412 1.6112 13.5948 -1.6116 0.9400
Car -1 -1 -1.6294 663.1829 175.2913 710.0745 214.7431 1.4551 1.6201 3.7531 2.9497 1.5590 28.7538 -1.5288 0.8052
Car -1 -1 -2.5328 45.0336 187.8159 360.2380 298.2968 1.4557 1.6013 3.9057 -6.0183 1.7008 10.7877 -3.0317 0.7906
Car -1 -1 -2.4543 0.0000 193.9534 252.4663 342.2418 1.4701 1.6174 4.0449 -6.5696 1.7378 8.2702 -3.1101 0.7608
Car -1 -1 0.4594 207.0773 180.6343 413.7410 257.1725 1.5773 1.6406 3.9217 -6.6082 1.7608 16.0244 0.0735 0.7208
Car -1 -1 0.5049 116.2141 181.4529 382.7277 270.3207 1.5080 1.6500 4.1407 -6.5954 1.6787 13.3568 0.0537 0.6339
Car -1 -1 3.3090 405.6966 173.6811 506.4324 208.7743 1.5172 1.6378 4.1734 -6.8343 1.5555 32.1387 3.1007 0.6097
Car -1 -1 0.4166 368.5794 180.9265 499.0339 227.0656 1.5187 1.6328 4.1438 -6.1908 1.8156 25.3290 0.1787 0.4926
Car -1 -1 -1.6729 654.1822 173.5932 697.4260 209.1985 1.5674 1.6182 3.8052 2.9829 1.6043 33.7553 -1.5861 0.3464
Car -1 -1 -1.3728 487.2294 175.9882 530.2335 207.0539 1.5740 1.5823 3.7743 -5.4381 1.7517 38.8767 -1.5113 0.3316
