Pedestrian -1 -1 -1.4841 100.6523 173.2701 136.7287 251.0261 1.8016 0.6494 0.6967 -11.7391 1.8121 17.1817 -2.0765 0.2307
Pedestrian -1 -1 -1.4692 464.6620 175.4288 478.6586 207.7406 1.8114 0.7207 0.6049 -7.8608 1.9586 40.8317 -1.6586 0.2298
Pedestrian -1 -1 1.5713 133.5848 175.8570 164.0927 250.5793 1.8469 0.6431 0.7877 -11.7900 1.9259 18.3770 1.0072 0.2037
Pedestrian -1 -1 0.9111 0.0000 196.9328 46.6580 358.8047 1.5803 0.4111 0.6358 -6.2867 1.8366 7.3933 0.2239 0.1269
Pedestrian -1 -1 -1.5543 671.8220 195.3970 688.6678 239.8975 1.7517 0.6680 0.5861 2.7903 2.6704 29.0607 -1.4606 0.1246
Car -1 -1 1.9110 147.6080 183.3925 421.9492 375.0000 1.6625 1.6016 3.8160 -3.4645 1.8137 8.3802 1.5291 0.9403
Car -1 -1 1.7441 451.5923 183.1634 524.4106 231.4911 1.4655 1.7552 4.3172 -4.1582 1.8536 24.9680 1.5802 0.9249
Car -1 -1 1.6643 483.7654 177.3271 527.5718 215.5432 1.6308 1.6348 3.9606 -4.7904 1.8500 33.2773 1.5219 0.8298
Car -1 -1 2.0103 522.6115 175.7484 568.4438 198.4858 1.5008 1.5979 4.0941 -4.4786 1.7121 50.3789 1.9217 0.4306
Car -1 -1 1.3922 669.7521 154.2217 707.3339 180.6272 1.5282 1.5890 3.8830 4.6807 0.4502 43.7507 1.4979 0.1505
