Pedestrian -1 -1 -1.5365 402.0935 170.3012 435.6307 251.3032 1.7411 0.6927 0.6323 -4.2516 1.6866 15.8912 -1.7944 0.5138
Pedestrian -1 -1 1.8521 1127.6721 133.1582 1242.0000 371.0643 1.8017 0.7618 1.0119 4.9391 1.5015 6.0676 2.5111 0.4633
Pedestrian -1 -1 0.3938 830.7274 158.1417 893.4549 254.5965 1.8012 0.7398 0.9462 4.8610 1.5268 14.0613 0.7194 0.3550
Pedestrian -1 -1 -1.5354 897.1779 156.5515 943.9055 281.4606 1.6875 0.5871 0.6136 4.3168 1.4676 10.1460 -1.1444 0.2599
Car -1 -1 -1.3445 393.3810 183.0776 538.0773 285.0208 1.5286 1.6540 4.4220 -2.5359 1.7523 13.5117 -1.5275 0.9239
Car -1 -1 -1.3117 233.4355 180.0323 485.7832 354.1030 1.4818 1.6326 4.1251 -2.6056 1.5865 8.4008 -1.6047 0.9151
Car -1 -1 -1.6965 662.9930 180.2823 719.8844 222.9051 1.4304 1.6002 3.9386 2.9147 1.7281 26.8885 -1.5904 0.9046
Car -1 -1 -1.9379 769.4058 175.2858 1242.0000 375.0000 1.5309 1.6293 4.0552 2.4435 1.5575 5.7293 -1.5544 0.8886
Car -1 -1 -1.7994 717.7210 180.1498 885.5854 297.6331 1.4591 1.5708 3.8114 2.6746 1.5910 11.1012 -1.5702 0.8587
Car -1 -1 -1.5250 554.1415 179.6243 587.1606 210.2672 1.6042 1.6791 4.0036 -2.2071 2.0051 40.6687 -1.5794 0.8158
Car -1 -1 -1.7533 648.1210 178.1859 691.2135 209.3456 1.5848 1.6279 4.0552 3.1745 1.8927 39.5150 -1.6743 0.6340
Car -1 -1 -1.3521 438.4551 184.4017 532.9844 251.4913 1.4495 1.5468 3.7905 -3.0604 1.7719 18.1863 -1.5172 0.2593
