Pedestrian -1 -1 0.8591 879.7289 130.0602 1022.1436 338.1125 1.9220 0.7859 1.0573 3.4065 1.4578 7.1440 1.2889 0.9311
Pedestrian -1 -1 0.9353 608.0867 136.8288 729.1902 359.9118 1.8746 0.5881 1.0729 0.5122 1.5093 6.5472 1.0116 0.8870
Pedestrian -1 -1 1.0582 728.3268 155.9146 842.5000 361.8180 1.8411 0.6551 1.0128 1.6772 1.6229 6.8947 1.2881 0.8397
Pedestrian -1 -1 0.2206 759.0067 165.9214 944.5064 370.0000 1.7410 0.6942 0.7834 1.2241 1.6781 3.6228 0.5229 0.8019
Pedestrian -1 -1 1.0456 228.2684 134.9155 303.4766 248.5448 1.7947 0.7209 1.0139 -5.6818 1.0763 11.7475 0.6079 0.7030
Pedestrian -1 -1 -2.0363 633.7429 136.4144 662.5023 197.2839 1.8685 0.7028 0.6006 1.3144 0.5168 22.1131 -1.9756 0.4770
Pedestrian -1 -1 1.1067 108.2804 148.0705 172.5313 260.6050 1.8076 0.6345 0.7486 -7.8089 1.2883 11.8161 0.5370 0.4687
Pedestrian -1 -1 0.0606 516.7524 139.4167 541.4667 201.1781 1.7379 0.7390 0.6605 -2.2041 0.5834 20.2745 -0.0438 0.4145
Pedestrian -1 -1 -1.5753 550.1243 141.7553 568.2538 188.6838 1.8995 0.7330 0.5663 -1.8978 0.3328 28.9217 -1.6380 0.3749
Pedestrian -1 -1 0.0832 320.6888 143.6688 411.8757 228.2647 1.5734 0.5698 1.6195 -4.6096 0.8900 13.6102 -0.2339 0.1747
Cyclist -1 -1 0.0892 319.5876 143.7417 412.1409 228.4198 1.5756 0.5706 1.6423 -4.6190 0.8933 13.6152 -0.2285 0.6184
Cyclist -1 -1 1.0510 728.2621 152.8022 848.1842 362.4976 1.8715 0.6789 1.0756 1.7067 1.6260 6.9172 1.2841 0.1544
Cyclist -1 -1 0.9721 608.3357 136.1456 729.0697 360.5520 1.8849 0.6017 1.0823 0.5117 1.5141 6.5531 1.0482 0.1092
Car -1 -1 0.0711 324.7143 144.4647 414.0952 228.7560 1.5704 0.5756 1.5969 -4.5593 0.9007 13.6391 -0.2422 0.1173
