Pedestrian -1 -1 2.6830 740.2715 137.2415 780.7962 215.7473 1.5988 0.4080 0.7168 3.0724 0.8739 14.9808 2.8810 0.3359
Pedestrian -1 -1 -2.5941 225.9064 133.6596 271.0580 224.0330 1.7380 0.5889 0.5703 -7.1546 0.9846 14.1915 -3.0538 0.3280
Cyclist -1 -1 2.6830 740.2715 137.2415 780.7962 215.7473 1.5988 0.4080 0.7168 3.0724 0.8739 14.9808 2.8810 0.1118
Car -1 -1 1.7226 437.4754 176.6919 506.1015 226.8955 1.5876 1.7396 4.1521 -4.7799 1.7335 25.2412 1.5368 0.9040
Car -1 -1 2.1230 0.0000 191.7128 320.1217 375.0000 1.5227 1.6208 3.9656 -4.4065 1.7538 6.8423 1.5678 0.9003
Car -1 -1 -1.7369 672.0949 177.5477 762.3492 241.6093 1.4433 1.6017 4.0979 2.5938 1.5784 18.6300 -1.6015 0.8933
Car -1 -1 -1.9481 797.5784 187.3480 1158.7651 375.0000 1.3976 1.5260 3.5666 2.8655 1.5667 6.6027 -1.5560 0.8660
Car -1 -1 -1.8332 743.1111 183.0869 906.5130 299.4306 1.4589 1.4908 3.3566 3.0385 1.6394 11.0196 -1.5722 0.8508
Car -1 -1 1.6398 476.6129 171.7639 520.0826 214.6610 1.7134 1.5746 3.7317 -4.7407 1.6702 30.7424 1.4876 0.8122
Car -1 -1 0.4845 198.6532 177.1290 356.7921 230.2184 1.4420 1.5784 3.8165 -9.4795 1.5700 20.6402 0.0585 0.7690
Car -1 -1 1.4669 646.6716 171.5559 691.2686 209.5841 1.6516 1.6389 3.8911 2.6229 1.5956 33.3008 1.5442 0.5617
Car -1 -1 1.7166 497.8597 172.7389 542.4614 207.6997 1.6651 1.6491 4.1519 -4.5136 1.6599 36.4561 1.5938 0.5282
Car -1 -1 -1.7076 660.2432 176.7576 722.6022 224.9128 1.5132 1.5998 3.8940 2.6894 1.6592 24.9607 -1.6023 0.4603
