Pedestrian -1 -1 1.6899 836.5960 118.1678 860.5381 181.2940 1.7982 0.5696 0.8670 6.9230 0.2408 21.0639 2.0035 0.1476
Pedestrian -1 -1 0.0902 988.0522 138.5104 1055.3384 263.3856 1.7613 0.6422 0.8190 6.0377 1.2773 10.6694 0.5929 0.1476
Pedestrian -1 -1 -2.0092 1144.9921 115.0285 1182.3130 179.7061 1.8944 0.6916 0.5977 16.4395 0.2011 21.4948 -1.3625 0.1445
Cyclist -1 -1 0.0588 886.0533 117.9943 971.9601 195.3775 1.6706 0.7698 1.7401 7.1590 0.4866 16.3089 0.4659 0.1666
Car -1 -1 1.9074 373.2639 169.5032 452.5700 220.9779 2.1604 1.8835 5.1374 -8.8933 2.0202 32.9123 1.6451 0.6149
Car -1 -1 2.3079 0.0000 178.1445 62.0667 305.9774 1.7497 1.6123 4.0062 -11.5147 1.8533 12.0546 1.5565 0.5136
Car -1 -1 -1.5253 592.6508 178.3154 619.1547 202.1712 1.4990 1.5974 4.0047 -0.2685 1.8803 48.2979 -1.5313 0.3381
Car -1 -1 1.5527 479.9216 182.6850 499.3057 201.6108 1.5455 1.5988 3.9315 -10.5830 2.4347 63.1554 1.3869 0.2513
Car -1 -1 2.4185 0.0000 188.3730 87.8930 375.0000 1.4486 1.6148 3.9788 -6.9947 1.6303 6.4088 1.6102 0.2286
Car -1 -1 -2.1580 798.9197 155.3853 848.4953 178.1937 1.7632 1.7108 4.3200 17.1204 0.4131 58.0926 -1.8729 0.1585
