Car -1 -1 -1.4523 456.5772 179.7247 531.2640 237.9240 1.5719 1.7074 4.2584 -3.3471 1.4247 21.5687 -1.6048 0.9496
Car -1 -1 -1.1897 51.1963 179.5332 416.3315 376.0000 1.6239 1.6281 3.9544 -3.2109 1.5852 7.0411 -1.6036 0.8966
Car -1 -1 -1.6282 559.2331 180.2950 613.9805 228.9868 1.5307 1.6397 3.6349 -0.8272 1.3772 24.4797 -1.6620 0.8136
Car -1 -1 -1.3161 394.9353 182.8414 452.8704 217.7400 1.4870 1.6171 3.8550 -8.2854 1.3870 32.5599 -1.5637 0.8028
Car -1 -1 -1.4819 500.3123 181.3388 539.6929 213.5735 1.4762 1.5766 3.5828 -4.2233 1.2998 34.7319 -1.6024 0.6936
Car -1 -1 1.8208 359.8138 180.3436 405.7289 208.7600 1.5413 1.5910 3.8402 -12.7815 1.2782 40.9456 1.5197 0.6628
Car -1 -1 2.2987 0.0000 195.0255 116.0521 376.0000 1.4533 1.6271 3.9045 -7.5217 1.5881 7.8186 1.5496 0.6419
Car -1 -1 -1.0205 0.0000 188.0101 178.2841 254.2949 1.3734 1.5728 4.0161 -12.1626 1.4491 17.1158 -1.6311 0.6361
Car -1 -1 -1.4187 415.4903 180.3533 456.6480 209.5768 1.5093 1.5959 3.9584 -9.3245 1.2593 39.1597 -1.6513 0.5131
Car -1 -1 -1.0987 258.9345 191.6305 384.2231 255.7169 1.5448 1.5781 3.8919 -7.7444 1.7401 19.7439 -1.4684 0.4473
Car -1 -1 -1.6255 526.6664 159.4063 552.7953 183.4331 1.5380 1.5451 3.5797 -4.6115 -0.1230 48.1762 -1.7205 0.3430
Car -1 -1 1.8164 231.1063 183.1276 303.4420 225.2012 1.4492 1.5503 3.7618 -12.6110 1.3784 26.7511 1.3794 0.3400
Car -1 -1 -1.6122 451.2838 179.0768 479.8494 204.9801 1.5625 1.6071 3.8956 -9.0469 1.1933 45.4397 -1.8080 0.3269
