Pedestrian -1 -1 3.1595 220.4363 160.0915 243.3965 200.5048 1.8211 0.4723 0.9255 -16.8712 0.8573 32.7842 2.6826 0.4669
Pedestrian -1 -1 -0.4710 217.8109 165.4732 238.4740 198.2749 1.8181 0.5474 0.8769 -20.9572 0.9306 40.3292 -0.9525 0.1592
Pedestrian -1 -1 -2.1631 122.2448 172.5898 146.6966 212.6839 1.7471 0.6045 0.7231 -20.6316 1.3598 31.7179 -2.7410 0.1404
Cyclist -1 -1 3.2689 220.4759 159.2129 245.8454 199.8759 1.8342 0.4937 0.9778 -16.8218 0.8298 32.7993 2.7933 0.1210
Car -1 -1 0.0333 117.1403 183.9057 290.8613 240.0686 1.4518 1.6202 4.1631 -11.1536 1.5267 20.3687 -0.4676 0.8876
Car -1 -1 -1.2767 524.0966 172.3779 581.8500 207.4397 1.5358 1.6441 3.9058 -2.2052 1.1372 33.5484 -1.3469 0.8410
Car -1 -1 2.0470 327.3549 180.0102 391.3613 209.4458 1.4764 1.5878 3.9588 -12.7640 1.4026 38.1034 1.7208 0.4348
Car -1 -1 1.5024 555.0605 165.6815 582.1198 188.1629 1.5038 1.5956 3.9327 -2.3124 0.4464 50.0942 1.4517 0.1857
Car -1 -1 1.3388 0.0000 171.9267 43.7974 201.7214 1.5350 1.6277 3.9621 -31.8064 1.0426 38.8527 0.6512 0.1620
Car -1 -1 -1.3174 578.5308 167.8284 606.8447 186.3754 1.6349 1.6360 4.0503 -0.7268 0.4302 65.4799 -1.3333 0.1620
