Pedestrian -1 -1 2.0394 404.4206 162.3508 462.5086 249.2216 1.9110 0.8657 1.1520 -3.9544 1.5134 16.2101 1.8063 0.8418
Pedestrian -1 -1 1.6710 395.8307 168.4636 415.0153 217.1745 1.8846 0.6549 0.7184 -7.8561 1.4204 27.7604 1.3999 0.4593
Pedestrian -1 -1 1.0149 764.0667 130.0033 842.1833 264.5293 1.8413 0.7136 0.9002 2.7963 1.1518 10.2069 1.2765 0.1958
Pedestrian -1 -1 1.1249 807.4808 135.7974 886.6713 285.5824 1.7847 0.6003 0.9122 2.9806 1.2537 8.9110 1.4391 0.1927
Pedestrian -1 -1 1.2095 694.1260 135.9057 735.6588 227.0094 1.7971 0.5592 0.8800 2.1911 0.9191 14.4312 1.3591 0.1537
Pedestrian -1 -1 -1.9903 572.3928 151.3469 585.7595 179.5243 1.8726 0.6559 0.7333 -1.7419 -0.0649 47.4895 -2.0247 0.1454
Pedestrian -1 -1 -1.4643 157.1409 193.7077 192.0182 275.5728 1.6512 0.5508 0.6769 -9.0523 1.9375 14.8145 -2.0018 0.1293
Cyclist -1 -1 1.1528 775.3154 129.1772 857.2010 268.7468 1.8452 0.6476 1.2457 2.9104 1.1684 10.0051 1.4295 0.1530
Cyclist -1 -1 2.1058 405.8121 162.4965 464.8550 249.0884 1.9089 0.8525 1.1484 -3.9242 1.5136 16.2575 1.8751 0.1287
Car -1 -1 -1.6767 537.8273 163.8981 584.8652 208.4462 1.9650 1.7530 4.5358 -2.1590 1.2342 33.5651 -1.7386 0.7233
Car -1 -1 1.3759 525.0815 168.7221 569.3015 199.9489 1.5893 1.6111 4.1191 -3.1881 0.9913 38.1815 1.2950 0.5300
