Pedestrian -1 -1 2.3246 935.1121 111.2032 1081.3671 324.6236 1.8079 0.6803 0.9972 3.5707 1.2860 6.5963 2.8017 0.4470
Pedestrian -1 -1 1.3988 376.4815 123.1564 408.7642 205.3740 1.8349 0.6105 0.6228 -5.0293 0.7261 16.5151 1.1074 0.1556
Pedestrian -1 -1 -3.2140 1088.1132 151.2588 1163.5168 301.3712 1.7726 0.6394 0.7055 6.3373 1.5180 8.9712 -2.6150 0.1372
Pedestrian -1 -1 -1.7032 1150.4254 166.6450 1214.1678 282.5848 1.7503 0.6922 0.6811 8.9372 1.6569 11.3578 -1.0497 0.1311
Cyclist -1 -1 3.6046 121.7885 184.5452 260.6755 305.6965 1.5436 0.4739 1.5388 -5.5552 1.7028 9.5218 3.0881 0.1638
Car -1 -1 1.7310 420.1681 188.6947 539.8399 275.9013 1.3824 1.6356 4.3962 -2.4703 1.7482 14.4399 1.5636 0.8907
Car -1 -1 -1.4691 501.7748 182.8750 564.6396 232.2302 1.4012 1.6066 4.1832 -2.4478 1.7560 23.4251 -1.5728 0.8589
Car -1 -1 -1.6609 670.5168 175.3284 723.0533 216.5334 1.4712 1.6356 4.2040 3.2645 1.5754 28.1353 -1.5472 0.8079
Car -1 -1 -1.7560 642.8566 173.5378 680.1438 199.1062 1.5309 1.6156 4.0216 3.1594 1.5762 45.4007 -1.6874 0.4495
Car -1 -1 -1.7542 704.0272 175.0422 817.5551 256.3953 1.5246 1.6368 4.0361 3.0620 1.5786 15.6508 -1.5654 0.2660
