Car -1 -1 1.9667 129.5585 187.2642 375.6473 335.8576 1.5964 1.6153 3.9166 -4.7280 1.8385 10.1169 1.5388 0.9441
Car -1 -1 1.8688 328.1371 183.4945 458.3889 267.9258 1.5558 1.5935 4.0075 -4.6230 1.8192 15.8183 1.5882 0.9245
Car -1 -1 -1.7963 725.0232 179.5667 844.9109 258.0782 1.4704 1.6183 4.1601 3.6462 1.6386 15.9514 -1.5765 0.8920
Car -1 -1 -1.8948 779.8088 183.2292 982.3974 305.3954 1.4523 1.5929 3.8400 3.7443 1.6360 10.8215 -1.5711 0.8894
Car -1 -1 1.8163 406.5854 183.6524 496.3764 241.0400 1.4522 1.6037 4.0846 -4.5586 1.7994 21.1032 1.6055 0.8780
Car -1 -1 -2.1397 912.2845 189.2155 1242.0000 375.0000 1.4626 1.5901 4.0649 3.7787 1.6299 5.3113 -1.5482 0.8067
Car -1 -1 1.7431 510.0230 176.4799 553.3447 210.1119 1.6226 1.6080 3.6774 -4.0111 1.8189 37.1022 1.6357 0.7982
Car -1 -1 -1.7417 706.6177 177.0200 787.2150 237.9826 1.5850 1.6174 3.9501 3.8293 1.7181 21.0079 -1.5646 0.7597
Car -1 -1 1.7155 528.1866 175.4718 565.6461 204.3985 1.5786 1.6167 3.8721 -3.6326 1.7375 41.7125 1.6287 0.5789
Car -1 -1 -1.6535 699.7904 177.2050 751.8068 222.2418 1.5182 1.5728 3.5896 4.1467 1.6896 26.5218 -1.5007 0.5511
Car -1 -1 -1.7056 686.7024 175.0473 734.0078 211.4799 1.5139 1.5575 3.9088 4.3706 1.6180 32.1703 -1.5724 0.3798
Car -1 -1 0.8852 1060.0913 169.1822 1175.5679 214.3184 1.5186 1.5103 3.5161 18.1838 1.3954 26.0878 1.4883 0.3586
