Pedestrian -1 -1 0.6460 58.6254 157.1897 166.3232 305.4386 1.8480 0.5270 1.0324 -6.3725 1.5591 9.0991 0.0531 0.7870
Pedestrian -1 -1 -1.9199 835.9420 178.7380 871.4830 250.3985 1.7761 0.6875 0.5737 6.2227 1.7340 17.8114 -1.5878 0.1482
Pedestrian -1 -1 0.9815 847.8475 153.0223 918.6157 253.9359 1.6236 0.5157 1.2268 4.6627 1.1832 12.0265 1.3444 0.1412
Pedestrian -1 -1 -1.9841 416.7493 147.8923 455.6906 229.7798 1.6358 0.4904 0.8343 -3.5330 0.9861 14.6000 -2.2144 0.1335
Pedestrian -1 -1 1.7004 66.7626 150.4901 112.7456 246.5627 1.6970 0.5642 0.8972 -9.5126 1.1686 13.0126 1.0828 0.1292
Pedestrian -1 -1 0.7514 246.2215 175.3199 311.6161 256.6024 1.5326 0.5044 1.1136 -6.3809 1.4366 13.7445 0.3273 0.1058
Cyclist -1 -1 0.9698 841.1788 148.8029 920.3243 248.6432 1.6017 0.5056 1.4746 4.6453 1.0949 12.1146 1.3292 0.2439
Cyclist -1 -1 0.7514 246.2215 175.3199 311.6161 256.6024 1.5326 0.5044 1.1136 -6.3809 1.4366 13.7445 0.3273 0.1119
Cyclist -1 -1 1.8145 62.2970 144.2331 124.4179 241.0670 1.6832 0.5783 1.4702 -9.4738 1.0544 13.0749 1.2011 0.1013
Car -1 -1 0.6184 225.8250 215.4346 384.1428 277.1101 1.4664 1.6018 3.7691 -8.2136 2.4843 19.3644 0.2242 0.1017
Car -1 -1 1.6230 547.2574 156.7737 614.1411 216.3230 1.4978 1.6457 4.2801 -0.6197 0.9026 19.9378 1.5944 0.1014
