Car -1 -1 -1.6706 540.9091 175.5167 617.3599 241.6366 1.6424 1.7090 3.8742 -0.9319 1.4026 19.8938 -1.7172 0.9603
Car -1 -1 -1.2365 91.1324 193.7071 285.3144 296.5521 1.4173 1.5949 3.9695 -6.9715 1.5889 12.3396 -1.7418 0.9303
Car -1 -1 -1.3311 257.9452 184.7903 354.2306 241.1698 1.4667 1.5883 4.2695 -8.6775 1.4568 20.9261 -1.7200 0.8848
Car -1 -1 -1.5636 443.1122 180.5657 497.1452 231.1449 1.5623 1.6505 3.5119 -4.6329 1.4198 24.0768 -1.7520 0.8759
Car -1 -1 -1.4483 346.2250 183.7621 396.8392 218.8239 1.4792 1.6621 4.2510 -10.6589 1.4190 32.5681 -1.7625 0.8258
Car -1 -1 -1.2822 227.9168 166.9115 301.3007 215.6749 1.9551 1.6997 4.2767 -14.7493 1.2223 31.0596 -1.7225 0.7996
Car -1 -1 -1.2015 143.5401 185.1190 259.9326 241.4226 1.5518 1.6705 4.2007 -12.2947 1.5503 22.0029 -1.7061 0.4907
Car -1 -1 -1.0238 0.0000 173.7762 95.4685 272.7007 1.5514 1.6066 3.9011 -11.4981 1.3732 13.3214 -1.7259 0.4819
Car -1 -1 -0.9458 0.0000 200.0612 82.1678 376.0000 1.5027 1.6113 3.9184 -6.1790 1.6642 5.6928 -1.7488 0.4066
Car -1 -1 1.5249 380.5869 179.8785 412.9053 207.5145 1.5094 1.6043 3.9134 -12.2075 1.2190 41.3684 1.2393 0.3731
Car -1 -1 1.7175 341.4274 178.6026 371.1380 200.1494 1.5719 1.5871 3.7740 -19.0220 1.0906 54.4410 1.3825 0.2867
