Pedestrian -1 -1 1.3744 632.1067 157.4187 666.0844 233.2349 1.7944 0.6675 0.8325 1.1155 1.2257 17.4577 1.4320 0.8876
Pedestrian -1 -1 -1.4549 10.8853 176.0852 114.4333 374.0000 1.6592 0.6060 0.8658 -4.6345 1.6181 6.1592 -2.0861 0.8007
Pedestrian -1 -1 -1.9892 0.0000 159.7161 83.3042 342.6991 1.6511 0.5079 0.8713 -5.5524 1.4559 6.9076 -2.6538 0.6680
Pedestrian -1 -1 -1.8200 84.6441 143.4776 158.7650 306.9304 1.7003 0.5150 0.7405 -5.3351 1.3061 7.9092 -2.4039 0.5944
Pedestrian -1 -1 -1.7221 349.6128 163.8170 376.7670 220.3539 1.8369 0.7142 0.9931 -7.9714 1.2635 23.9411 -2.0454 0.5731
Pedestrian -1 -1 1.9035 643.2031 149.7576 675.5146 221.3181 1.7935 0.5896 0.8517 1.4660 0.9991 18.5085 1.9763 0.3434
Pedestrian -1 -1 -0.0992 600.6992 182.8642 648.5117 266.4182 1.7092 0.6770 0.9345 0.4385 1.7398 15.0770 -0.0763 0.3231
Pedestrian -1 -1 0.1655 1.0653 149.3471 72.9705 293.1761 1.7512 0.6315 0.6241 -7.2318 1.3611 9.1694 -0.4940 0.2825
Cyclist -1 -1 1.7290 365.5536 160.9140 433.2707 280.7189 1.7508 0.7760 1.7131 -3.2052 1.4513 11.3906 1.4550 0.9120
Cyclist -1 -1 2.5821 0.0000 168.8003 32.5076 214.2836 1.6976 0.5103 1.5430 -22.8979 1.2247 27.6212 1.8896 0.2752
Car -1 -1 1.8028 152.0591 184.5924 354.1733 319.5001 1.5239 1.6401 4.1670 -4.7861 1.5795 10.4149 1.3757 0.8976
