Pedestrian -1 -1 -0.3563 712.2160 189.8658 737.4732 236.4476 1.6751 0.6019 0.7473 4.2393 1.8487 26.2886 -0.1987 0.2300
Pedestrian -1 -1 -1.6898 953.8332 152.4568 1006.0184 255.1062 1.7066 0.6046 1.7240 6.5773 1.1631 12.8609 -1.2262 0.1150
Cyclist -1 -1 -1.6784 952.5186 152.6914 1004.3998 254.4088 1.6932 0.6180 1.7496 6.5660 1.1530 12.8903 -1.2164 0.2576
Car -1 -1 -1.2073 142.7804 186.6337 395.1993 324.0010 1.4855 1.6602 4.1967 -4.3663 1.5105 9.9444 -1.6114 0.9153
Car -1 -1 -1.5859 604.4619 175.5403 680.8741 248.3025 1.5956 1.6765 3.5666 0.7667 1.3846 17.5657 -1.5435 0.9108
Car -1 -1 -1.0102 58.8240 186.1552 215.7968 244.7498 1.3839 1.5779 3.9735 -12.2839 1.4125 19.0298 -1.5772 0.8763
Car -1 -1 -1.1534 225.0121 157.1100 325.9487 216.0192 1.9682 1.7382 4.2544 -11.9778 1.0303 26.1483 -1.5792 0.5953
Car -1 -1 2.3456 0.0000 192.4250 82.4993 365.0887 1.4464 1.5972 3.8692 -8.1978 1.5484 8.1151 1.5717 0.4884
Car -1 -1 -1.3914 656.2361 178.4815 694.4921 205.2603 1.4678 1.5584 3.7290 3.9090 1.0998 41.4031 -1.2983 0.4266
Car -1 -1 1.7614 719.2524 180.0541 746.0101 197.9669 1.5410 1.6028 4.1234 11.1477 1.0981 64.0491 1.9325 0.3833
Car -1 -1 1.8526 158.3720 173.6811 214.3214 202.9264 1.5194 1.6060 3.9457 -23.0768 0.9213 39.4520 1.3260 0.3066
Car -1 -1 1.7142 244.2429 186.6246 333.5604 249.5827 1.4072 1.5170 3.7343 -7.9756 1.4479 18.1543 1.3054 0.2482
