Pedestrian -1 -1 0.9513 683.3568 159.3090 706.4627 204.9861 1.8224 0.5080 0.8896 3.4017 1.2824 29.2970 1.0653 0.4191
Pedestrian -1 -1 -2.2008 756.6901 156.4080 786.2957 209.1712 1.8306 0.7314 0.7294 5.6626 1.2604 25.5124 -1.9852 0.3226
Cyclist -1 -1 1.0199 683.8917 159.8821 706.1089 205.5350 1.8171 0.4975 0.8941 3.3967 1.3011 29.2260 1.1340 0.1292
Car -1 -1 -1.8518 732.8674 179.3883 898.2551 284.3175 1.4199 1.5724 3.6635 3.1163 1.5444 11.8473 -1.6016 0.9264
Car -1 -1 1.8820 319.2189 187.4893 433.2894 262.5959 1.6003 1.5929 3.8280 -5.7425 2.0055 18.0384 1.5773 0.9250
Car -1 -1 1.8076 396.3506 187.7116 469.3914 238.6002 1.4438 1.5044 3.4526 -5.6552 1.9576 23.2036 1.5706 0.8207
Car -1 -1 -1.8490 697.3995 178.7822 801.4582 247.4905 1.4376 1.4991 3.4791 3.1579 1.5943 17.2123 -1.6714 0.8089
Car -1 -1 0.6159 0.0000 188.9946 155.2432 245.9349 1.4498 1.5204 3.5890 -14.6939 1.9068 19.6173 -0.0206 0.6513
Car -1 -1 -2.3628 955.4364 181.7126 1242.0000 375.0000 1.4810 1.5868 3.8251 3.3717 1.5473 3.4151 -1.6267 0.5750
Car -1 -1 1.4066 687.4851 177.9146 756.8057 227.5670 1.4077 1.5330 3.7614 3.3983 1.5808 22.7343 1.5524 0.4951
Car -1 -1 2.0942 109.3173 197.3058 228.9961 247.8908 1.4839 1.6356 4.3292 -15.4127 2.4205 25.4466 1.5539 0.3888
Car -1 -1 1.1279 0.0000 203.7805 92.5287 274.2430 1.4388 1.5556 3.7822 -14.6174 2.2570 17.5673 0.4412 0.3340
Car -1 -1 -1.1807 405.1921 177.8250 451.4820 202.2580 1.5531 1.6228 4.0370 -12.2659 1.9045 48.8360 -1.4259 0.2911
