Pedestrian -1 -1 -0.9826 534.4922 173.5760 554.0413 212.2575 1.6866 0.5007 0.8042 -2.9480 1.7194 31.9484 -1.0745 0.2925
Pedestrian -1 -1 -1.4664 659.9823 171.6741 675.1381 206.8437 1.7991 0.7178 0.6589 2.9412 1.7391 37.2971 -1.3889 0.1184
Pedestrian -1 -1 0.3456 328.3687 174.1625 340.9483 196.9005 1.8185 0.4747 0.8330 -22.1470 1.9244 57.9755 -0.0180 0.1146
Pedestrian -1 -1 -0.1122 634.9868 165.9211 644.7616 186.6293 1.8658 0.4991 0.8325 2.6817 1.2415 65.2850 -0.0716 0.1108
Cyclist -1 -1 -0.8851 253.2386 174.3863 288.8906 208.5539 1.7083 0.5810 1.9125 -17.4731 1.7897 37.1605 -1.3221 0.3889
Cyclist -1 -1 -0.0035 535.1821 173.8143 553.5990 211.7724 1.6649 0.5006 0.8059 -2.9464 1.7082 31.9473 -0.0953 0.1413
Car -1 -1 -1.6446 557.9689 174.5112 719.9391 330.4302 1.5893 1.6814 4.2891 0.1127 1.6167 9.5926 -1.6348 0.8517
Car -1 -1 1.5811 587.3571 171.6718 642.7803 222.4225 1.4456 1.5796 3.8641 0.1260 1.4122 22.4928 1.5859 0.3109
Car -1 -1 -1.3252 1190.8835 147.7156 1242.0000 205.3874 1.8081 1.7026 4.0050 21.4159 1.0203 24.4658 -0.6122 0.3050
Car -1 -1 1.6511 452.5932 176.8890 475.4753 195.4011 1.4775 1.5720 3.9147 -12.2321 1.8276 60.5096 1.4521 0.1522
