Pedestrian -1 -1 -1.7071 790.6249 162.0622 803.9854 195.8658 1.7817 0.5827 0.7987 10.2383 0.8113 37.6954 -1.4423 0.1881
Pedestrian -1 -1 -1.7240 367.7905 59.0997 449.0743 260.2011 1.7239 0.6126 0.8205 -1.8902 0.6849 6.5554 -1.9887 0.1775
Pedestrian -1 -1 -0.0182 563.8908 168.3407 574.9130 195.7389 1.7533 0.5347 0.6998 -2.2958 0.9765 45.5308 -0.0665 0.1626
Pedestrian -1 -1 -1.2881 985.0740 141.3351 1026.7937 212.8452 1.7756 0.5769 1.4039 10.3231 0.8047 18.2496 -0.7790 0.1576
Pedestrian -1 -1 0.9471 874.9626 157.7120 908.4763 195.5412 1.7451 0.6069 1.6688 13.5500 0.6953 33.4941 1.3299 0.1001
Cyclist -1 -1 -1.3605 381.8891 174.4686 400.7852 201.7391 1.6393 0.7289 1.8935 -13.1287 1.2781 43.4700 -1.6501 0.2496
Cyclist -1 -1 0.9570 877.4326 158.2814 911.7003 195.4063 1.7100 0.6052 1.7406 13.6767 0.6880 33.4775 1.3433 0.2473
Cyclist -1 -1 -1.5351 991.7373 141.6096 1018.1860 213.7498 1.7817 0.5516 1.5233 10.3006 0.8228 18.2524 -1.0269 0.2154
Car -1 -1 -0.3434 903.4636 161.2915 1053.2117 208.2533 1.5033 1.6525 4.1245 12.3831 0.8899 23.7224 0.1340 0.9023
Car -1 -1 1.9561 245.3649 180.7456 325.3624 219.1204 1.6162 1.7212 4.4947 -14.3921 1.6295 32.0738 1.5396 0.8108
Car -1 -1 1.5779 436.5489 173.6624 468.3149 203.1079 1.5630 1.6560 4.1374 -8.5562 1.2014 39.7175 1.3691 0.6788
Car -1 -1 -0.8322 0.0000 204.4809 308.8240 370.0000 1.4709 1.5726 3.7939 -3.1575 1.6558 3.4647 -1.5253 0.6222
