Pedestrian -1 -1 -0.6829 824.6765 153.9556 872.8044 231.1318 1.8038 0.6593 0.8787 5.6801 1.3624 17.3279 -0.3718 0.2800
Pedestrian -1 -1 -1.1162 945.5396 127.2165 1004.9403 241.1802 1.7343 0.6041 0.6874 5.7319 1.0402 11.4274 -0.6618 0.2613
Pedestrian -1 -1 -2.4965 1047.2764 145.7982 1091.7610 210.6998 1.8581 0.6585 0.8830 13.4375 1.0839 21.1848 -1.9377 0.1961
Cyclist -1 -1 -3.4327 814.1982 166.2576 887.3589 230.1587 1.7287 0.7359 1.7764 6.5760 1.5506 19.9055 -3.1187 0.2156
Car -1 -1 -1.5879 569.7308 178.7319 614.0408 223.7090 1.6613 1.6758 4.5382 -0.8307 1.9212 29.5553 -1.6164 0.9348
Car -1 -1 1.9139 272.1156 186.9875 378.9240 245.8084 1.4983 1.6643 4.0289 -8.3301 1.9575 21.3883 1.5462 0.8848
Car -1 -1 1.7892 370.2047 182.6431 432.1341 224.8750 1.5878 1.6318 4.0912 -8.6890 2.0261 30.1860 1.5107 0.8522
Car -1 -1 2.1993 0.0000 195.2463 197.2803 328.1068 1.4928 1.6533 4.2380 -8.3372 1.8991 10.9493 1.5600 0.8495
Car -1 -1 1.7709 427.5402 184.2620 472.1511 213.4140 1.4930 1.6455 4.2459 -9.0165 2.1716 40.7589 1.5541 0.5476
Car -1 -1 1.3321 447.2188 184.4008 484.9630 208.4900 1.4915 1.6017 4.0074 -9.8203 2.3088 48.8908 1.1345 0.2408
