Pedestrian -1 -1 -1.4851 466.4236 160.6805 496.3625 232.4445 1.7837 0.6784 0.9922 -3.0931 1.2674 18.3743 -1.6548 0.7705
Pedestrian -1 -1 -1.8815 644.3878 168.1533 674.6236 234.0578 1.7103 0.6360 0.6160 1.5004 1.3651 19.0129 -1.8092 0.7601
Pedestrian -1 -1 1.5210 547.1366 164.6358 561.4056 202.9732 1.8390 0.6475 0.8064 -2.3038 1.0310 34.8948 1.4505 0.6722
Pedestrian -1 -1 -0.5432 781.7327 201.1003 912.0205 374.0000 1.6838 0.5582 0.8956 2.0359 1.8633 6.1479 -0.2425 0.4447
Pedestrian -1 -1 -1.1564 703.1125 160.7876 720.9345 197.9653 1.8339 0.5504 0.9520 5.5354 0.8131 35.9801 -1.0098 0.4407
Pedestrian -1 -1 -1.9695 666.7623 164.8862 700.5940 234.0271 1.8065 0.6650 0.7260 2.1619 1.3736 19.2091 -1.8642 0.3972
Pedestrian -1 -1 0.5596 319.3374 153.0884 379.4444 250.9267 1.7307 0.5641 0.8656 -4.6215 1.2294 13.0743 0.2207 0.3931
Pedestrian -1 -1 0.1108 754.1111 175.0349 826.8471 334.6324 1.7162 0.5907 0.7452 2.0992 1.6481 8.1272 0.3498 0.3307
Pedestrian -1 -1 -1.7420 694.0558 169.0105 709.8516 205.5058 1.8600 0.6808 0.7630 5.1683 1.2243 37.0023 -1.6093 0.3161
Cyclist -1 -1 1.9770 618.9790 166.2469 644.9073 204.2750 1.8471 0.6342 1.8216 1.5274 1.1071 35.8476 2.0142 0.8015
Cyclist -1 -1 1.4103 453.9437 149.7195 476.8590 198.7532 1.7918 0.5799 1.6871 -5.1713 0.6315 27.1395 1.2189 0.2875
Cyclist -1 -1 -1.2276 703.7300 160.3436 721.4270 197.3475 1.8253 0.5742 1.0157 5.5690 0.7826 36.0131 -1.0802 0.1174
Car -1 -1 -1.9468 649.3954 174.0475 726.9283 216.1495 1.5124 1.6028 3.9946 3.2618 1.2457 27.9395 -1.8368 0.3475
Car -1 -1 1.6713 584.6186 171.6951 608.3369 190.4164 1.4920 1.5857 3.9988 -0.3510 0.7111 59.3062 1.6605 0.2584
