Pedestrian -1 -1 0.2679 447.2665 173.1409 466.3852 203.8494 1.8799 0.6040 1.0310 -9.1412 1.4308 43.6138 0.0644 0.7477
Pedestrian -1 -1 -2.0579 919.1579 136.9509 950.9161 194.9251 1.8427 0.7286 0.6032 10.6028 0.4600 22.7893 -1.6259 0.6049
Pedestrian -1 -1 -0.0919 565.6389 169.8526 580.5256 198.4308 1.8055 0.5276 0.9021 -2.0352 1.1342 44.9874 -0.1350 0.5537
Pedestrian -1 -1 -0.0635 504.4597 170.3900 519.6554 199.0458 1.8130 0.5453 0.9288 -5.9308 1.1747 45.0843 -0.1916 0.4690
Pedestrian -1 -1 -0.1354 586.1796 168.9356 614.6782 196.2964 1.7981 0.5455 1.8321 -0.3054 1.0394 46.8584 -0.1402 0.1162
Pedestrian -1 -1 -3.1762 643.9883 168.2491 672.4675 197.4756 1.8068 0.6139 1.7488 3.3062 1.0508 44.0477 -3.1001 0.1125
Cyclist -1 -1 -1.0642 383.8103 178.9446 410.8842 214.5574 1.7438 0.4949 1.7933 -10.4390 1.6690 35.5443 -1.3459 0.7005
Cyclist -1 -1 -0.1968 587.1938 169.2750 615.5023 196.2447 1.7706 0.5728 1.7997 -0.2437 1.0350 46.8734 -0.2003 0.6288
Cyclist -1 -1 -3.1850 644.7624 168.9907 673.2389 197.9654 1.7917 0.6220 1.7437 3.3551 1.0813 44.0559 -3.1078 0.5041
Cyclist -1 -1 -0.1187 564.1272 169.7248 579.9565 198.4896 1.8131 0.5026 0.9515 -2.0967 1.1353 44.8878 -0.1633 0.1009
Car -1 -1 2.5421 924.3415 142.5797 1063.3425 190.6059 1.6326 1.6689 4.0968 13.7019 0.3451 25.0714 3.0388 0.7950
Car -1 -1 -1.5320 519.8120 176.3918 551.3434 204.4026 1.4727 1.5849 3.6794 -3.8023 1.2581 39.0491 -1.6266 0.7667
