Cyclist -1 -1 1.6465 580.8497 168.9033 605.1231 224.1112 1.8363 0.7086 1.7865 -0.6173 1.7053 24.9067 1.6213 0.8603
Cyclist -1 -1 -3.0386 681.6507 173.6955 713.0191 202.5787 1.6916 0.7649 1.7820 5.1580 1.7426 42.8578 -2.9201 0.2640
Cyclist -1 -1 -1.8410 723.5582 177.2209 880.8661 333.2402 1.7754 1.3524 2.4280 2.3519 1.8409 9.5153 -1.6074 0.1439
Car -1 -1 1.7194 468.5644 169.8916 545.6841 232.9483 1.7191 1.6960 4.1281 -3.0371 1.6387 21.7419 1.5816 0.9125
Car -1 -1 -2.6693 146.6978 172.7715 386.1647 245.4445 1.4580 1.6616 4.3358 -7.2536 1.4567 15.3853 -3.1036 0.9092
Car -1 -1 -1.6828 689.9757 182.2417 794.9555 270.2724 1.4747 1.5904 3.7370 2.4541 1.6872 14.3989 -1.5184 0.8079
Car -1 -1 -1.7988 720.4130 183.9308 886.0834 335.0660 1.6497 1.4406 2.7606 2.3212 1.8165 9.4587 -1.5669 0.7981
Car -1 -1 -1.4126 514.7717 175.5533 568.7255 219.0765 1.6543 1.6183 3.8526 -2.7760 1.7729 29.6423 -1.5058 0.6837
Car -1 -1 1.5388 636.0900 175.5547 663.9408 201.3449 1.5754 1.6522 4.1337 2.5124 1.7579 46.5916 1.5918 0.5417
Car -1 -1 2.2414 0.0000 0.0000 1242.0000 375.0000 1.4568 1.5849 3.7899 -2.6571 1.6317 1.9607 1.3704 0.4804
Car -1 -1 1.7936 567.5007 167.9050 595.5702 187.1170 1.6711 1.6630 4.0893 -2.5453 1.2410 64.9209 1.7543 0.4303
