Pedestrian -1 -1 -1.2946 875.8040 164.0452 917.7288 250.0736 1.7141 0.5850 0.9109 5.9324 1.2934 14.8586 -0.9216 0.2479
Cyclist -1 -1 -1.2946 875.8040 164.0452 917.7288 250.0736 1.7141 0.5850 0.9109 5.9324 1.2934 14.8586 -0.9216 0.1385
Car -1 -1 -1.3549 370.7690 183.2045 468.5794 244.7028 1.4206 1.6009 4.0461 -4.7864 1.3753 18.6494 -1.6030 0.9110
Car -1 -1 -1.1211 92.7475 188.1879 374.9520 336.8155 1.4367 1.5688 3.6091 -4.2942 1.4818 8.8285 -1.5621 0.8977
Car -1 -1 -1.4326 457.9426 179.7203 511.3148 218.7502 1.4187 1.5582 3.6140 -4.7588 1.2200 27.9541 -1.6000 0.8842
Car -1 -1 -1.2246 318.8614 180.6376 403.5690 223.9447 1.4327 1.6200 3.9302 -8.7606 1.2823 25.7587 -1.5496 0.8245
Car -1 -1 -1.1226 169.3395 179.8550 318.9664 246.1705 1.3988 1.5933 3.9533 -8.5122 1.2869 17.1411 -1.5775 0.7185
Car -1 -1 -1.5425 576.4901 175.5821 610.7321 208.5654 1.5986 1.6461 3.7692 -0.7092 1.1328 36.7279 -1.5621 0.5588
Car -1 -1 -0.9432 0.0000 157.4953 102.4433 275.6720 1.9101 1.7588 4.5114 -12.1698 1.4632 13.9347 -1.6516 0.5041
Car -1 -1 -1.1002 229.7432 174.2837 323.9001 215.6955 1.4357 1.6006 3.8799 -12.2961 1.0578 26.8918 -1.5254 0.4771
Car -1 -1 -1.3903 450.8698 171.7940 487.2220 199.6029 1.7451 1.6478 3.9939 -9.0633 0.9040 47.1097 -1.5797 0.2614
Car -1 -1 -1.0673 449.8075 176.9603 519.0097 209.5311 1.5426 1.6215 4.1848 -6.1759 1.1527 36.2844 -1.2351 0.2327
