Pedestrian -1 -1 -1.2999 327.9030 154.0408 346.9965 192.7996 1.8144 0.6544 0.8066 -12.9545 0.9340 34.2044 -1.6595 0.2677
Pedestrian -1 -1 1.2295 428.3743 163.2356 444.5889 200.2210 1.8713 0.5635 0.8292 -8.9394 1.3850 37.0058 0.9938 0.2651
Pedestrian -1 -1 -2.9299 658.1202 167.3547 674.7209 199.9649 1.7716 0.5491 0.8114 3.0607 1.4732 39.5741 -2.8538 0.2086
Pedestrian -1 -1 0.5305 1045.0494 181.7975 1086.6775 245.4371 1.7787 0.6006 0.8255 13.0966 2.0433 20.8113 1.0850 0.1623
Cyclist -1 -1 -1.9329 813.0829 156.2841 869.5131 237.2012 1.8364 0.6140 1.9845 5.4855 1.4607 17.3814 -1.6327 0.9352
Cyclist -1 -1 -1.2832 326.7700 153.0750 346.7246 192.6992 1.8502 0.6578 0.8891 -12.9690 0.9270 34.1566 -1.6437 0.1290
Car -1 -1 -1.6164 580.1502 176.0718 664.6166 259.0466 1.6360 1.6914 4.2387 0.1141 1.7197 16.5420 -1.6107 0.9074
Car -1 -1 -1.6566 592.4481 168.7266 614.4528 186.4945 1.4949 1.5804 3.8682 -0.6189 1.1480 62.7040 -1.6667 0.3443
Car -1 -1 -1.9149 583.8395 179.9306 633.6553 209.7459 1.5098 1.5621 3.6937 -0.1550 1.9171 39.4873 -1.9194 0.1705
Car -1 -1 -2.4197 0.0000 120.9280 330.7421 321.2416 1.5243 1.6117 3.8748 -4.8111 1.1295 6.4889 -3.0384 0.1669
