Pedestrian -1 -1 -1.3431 626.2331 168.2970 652.6335 224.9958 1.7503 0.7098 0.6142 0.8822 1.6099 22.6601 -1.3054 0.2113
Pedestrian -1 -1 1.1334 929.4216 125.1200 968.6084 194.8060 1.9137 0.6678 0.9132 9.4655 0.6032 20.2702 1.5647 0.1956
Pedestrian -1 -1 0.0560 298.5995 214.6094 381.2106 375.0000 1.6041 0.4679 0.6829 -2.5175 2.0066 6.6231 -0.2956 0.1930
Car -1 -1 -1.4385 602.9454 180.0937 698.7958 257.2975 1.4827 1.6437 4.1362 1.0067 1.6701 16.4508 -1.3795 0.9568
Car -1 -1 -1.7444 848.6791 176.3103 997.9946 284.2901 1.5567 1.6587 3.8063 5.1944 1.6270 12.5634 -1.3614 0.9388
Car -1 -1 -1.3839 644.8529 180.8851 725.4531 240.3478 1.5298 1.6162 4.3007 2.2920 1.7946 21.4706 -1.2799 0.7890
Car -1 -1 -1.6008 826.7016 176.8983 866.4346 210.5806 1.4270 1.5946 3.8984 10.7768 1.6250 33.1632 -1.2897 0.7357
Car -1 -1 -1.6535 818.8058 175.8001 850.6022 200.8724 1.4880 1.5805 3.8268 14.0427 1.6818 45.3365 -1.3554 0.5933
Car -1 -1 -1.7043 845.5276 178.8563 937.3895 247.3560 1.4634 1.5627 3.8130 6.7663 1.6288 17.8003 -1.3473 0.5598
Car -1 -1 -1.5213 733.5502 177.7798 761.6566 202.5951 1.5405 1.6421 3.9280 9.1052 1.8811 47.7267 -1.3344 0.4749
