Pedestrian -1 -1 -3.2031 718.1212 181.2289 733.7991 216.3905 1.7627 0.6722 0.7455 5.8596 2.1935 36.7150 -3.0468 0.3239
Pedestrian -1 -1 1.4956 468.7329 172.3567 496.1957 242.8573 1.7438 0.5782 1.6115 -3.3671 1.7319 18.6966 1.3192 0.1074
Cyclist -1 -1 1.6553 466.7166 172.6180 494.4914 244.8856 1.7807 0.5613 1.7740 -3.3824 1.7753 18.6856 1.4779 0.8657
Car -1 -1 -1.7191 629.5863 178.9558 687.2305 221.6885 1.5117 1.6414 4.0820 1.7730 1.7686 28.2274 -1.6577 0.9158
Car -1 -1 -0.4586 794.3698 187.0746 1062.1133 278.6428 1.4551 1.6134 4.0165 5.4196 1.7240 12.6875 -0.0642 0.8732
Car -1 -1 2.5091 864.9871 183.8842 1230.6895 313.2027 1.5446 1.6657 4.1200 5.7837 1.7121 9.8631 3.0256 0.8634
Car -1 -1 -0.4062 778.1088 177.5659 1001.9705 258.0139 1.5567 1.6721 4.0082 5.6628 1.6612 15.0099 -0.0527 0.8332
Car -1 -1 3.7476 0.0000 177.7042 232.3573 332.1292 1.6088 1.6792 3.9063 -6.9194 1.6730 8.5303 3.0812 0.8204
Car -1 -1 -0.7459 1010.5953 188.4108 1242.0000 360.1923 1.4827 1.6098 3.7766 6.3143 1.6599 7.2925 -0.0529 0.7738
Car -1 -1 -2.8391 348.8919 183.0806 475.2123 230.2281 1.5450 1.6359 3.8970 -6.8167 1.9112 24.9193 -3.1040 0.6619
Car -1 -1 0.3110 302.8487 180.6119 446.7352 231.5468 1.5033 1.6071 3.9328 -7.2499 1.7525 22.3413 0.0002 0.6316
Car -1 -1 -2.8749 438.4955 180.6927 514.1531 209.3145 1.5072 1.5915 3.7841 -7.3148 1.9467 39.4663 -3.0574 0.4145
Car -1 -1 0.5608 0.0000 144.2820 321.5759 301.3130 2.1907 1.9129 5.1789 -7.4527 1.7924 11.0733 -0.0208 0.3929
Car -1 -1 -2.9069 421.6589 171.2581 505.3842 201.4382 1.4644 1.5782 3.8164 -7.2773 1.3873 35.8638 -3.1060 0.2789
