Pedestrian -1 -1 1.9659 109.7564 176.2873 130.3969 213.1676 1.8553 0.5242 1.0112 -25.1159 2.0340 36.9435 1.3720 0.2786
Pedestrian -1 -1 -0.8295 1034.8499 147.1759 1074.4070 209.5128 1.7701 0.5790 0.8132 12.8158 1.0413 20.8783 -0.2855 0.2136
Pedestrian -1 -1 1.2688 94.7114 165.3801 117.5600 207.1031 1.7922 0.6164 0.7743 -22.0194 1.4715 31.4711 0.6622 0.1812
Pedestrian -1 -1 -2.4482 804.4604 157.0743 841.6339 223.2650 1.7893 0.5634 0.8157 5.8532 1.3631 19.9974 -2.1679 0.1287
Pedestrian -1 -1 -1.2728 844.6049 172.1782 879.4695 242.4908 1.7314 0.6346 0.7887 6.3374 1.7151 18.2702 -0.9447 0.1195
Pedestrian -1 -1 -2.9485 1025.4362 140.8980 1096.1846 266.5546 1.6894 0.5537 0.7597 6.2925 1.2602 10.1583 -2.4072 0.1056
Cyclist -1 -1 1.9480 110.2070 175.9762 130.2512 212.8858 1.8585 0.5277 0.9705 -25.1127 2.0211 36.9495 1.3542 0.1160
Cyclist -1 -1 2.1121 92.9206 165.1472 123.7711 206.6600 1.7816 0.6377 1.0849 -21.9487 1.4512 31.5254 1.5077 0.1066
Car -1 -1 -1.6685 578.3353 177.8494 612.9568 208.6548 1.7037 1.6457 4.1120 -0.9306 2.0148 42.7363 -1.6907 0.4884
Car -1 -1 1.4725 672.2952 175.6788 702.1721 201.3718 1.6586 1.6189 4.0368 5.1782 1.8589 49.0444 1.5766 0.1413
Car -1 -1 -1.4532 288.1683 164.8858 315.6555 185.9646 1.8399 1.7736 4.4730 -27.8894 1.1448 65.3740 -1.8551 0.1235
Car -1 -1 1.6810 494.9439 180.3783 527.3036 205.6365 1.4850 1.5973 4.0111 -6.2425 1.9825 45.6491 1.5454 0.1060
Car -1 -1 -3.1920 1109.0995 144.2962 1242.0000 204.9376 1.7862 1.6118 3.7185 18.1160 0.9454 22.9767 -2.5307 0.1022
