Pedestrian -1 -1 0.0639 304.5055 182.5288 326.7303 225.4548 1.7158 0.6935 0.7928 -11.8917 1.6096 29.1840 -0.3202 0.3136
Cyclist -1 -1 0.0708 302.5212 181.9631 326.5538 224.5651 1.7014 0.7137 0.8543 -11.9317 1.5726 29.1764 -0.3145 0.1155
Car -1 -1 -1.1145 154.5441 173.2582 324.7116 258.9864 1.6287 1.6836 3.9504 -7.8197 1.4027 15.6296 -1.5717 0.9548
Car -1 -1 -1.3334 357.1370 183.6166 487.0877 270.4323 1.5207 1.6452 3.8482 -3.6238 1.4938 14.5148 -1.5741 0.9403
Car -1 -1 1.7055 485.2009 169.8665 544.0424 214.3174 1.5336 1.6446 4.0297 -3.4318 1.0051 26.8185 1.5792 0.8766
Car -1 -1 -1.6083 579.8160 179.0757 620.8332 216.5459 1.5697 1.6761 3.6007 -0.4153 1.3136 31.9518 -1.6216 0.7749
Car -1 -1 2.1700 9.5868 183.5300 172.3263 249.6512 1.4137 1.4652 3.3765 -12.1234 1.3788 17.0620 1.5595 0.7389
Car -1 -1 -1.4076 451.1912 178.5480 489.8924 205.0188 1.4412 1.5730 3.7994 -7.8131 1.0793 41.0535 -1.5948 0.7070
Car -1 -1 -0.9013 0.0000 197.6797 133.0726 335.6423 1.4287 1.5617 3.6704 -8.3656 1.6292 9.6354 -1.6027 0.6962
Car -1 -1 1.8191 312.0666 185.0873 396.8485 236.0850 1.4489 1.5864 3.8027 -7.8143 1.4464 22.3810 1.4866 0.6096
Car -1 -1 -1.3545 468.7888 179.6978 502.2771 202.2703 1.5452 1.5786 3.7558 -8.6691 1.1686 51.1182 -1.5220 0.3269
