Pedestrian -1 -1 2.1053 374.3134 164.8165 436.6649 259.2038 1.8995 0.8132 1.0993 -4.2172 1.5855 14.8609 1.8360 0.9075
Pedestrian -1 -1 1.8753 377.3038 166.9601 400.4292 216.8392 1.8403 0.6191 0.7882 -8.1157 1.3423 26.4801 1.5830 0.4252
Pedestrian -1 -1 0.2253 1099.6655 87.7060 1224.0000 370.0000 1.8424 0.6506 0.6696 3.2901 1.3709 4.0662 0.8704 0.1926
Pedestrian -1 -1 1.3114 687.5917 132.7094 725.4250 222.8503 1.8104 0.5882 0.7908 2.0492 0.8522 14.6238 1.4499 0.1663
Pedestrian -1 -1 1.1969 697.3972 134.9675 739.6183 231.1987 1.7746 0.5201 0.8438 2.1149 0.9366 13.5023 1.3508 0.1638
Pedestrian -1 -1 1.0457 818.0085 120.4071 900.5397 282.7904 1.7576 0.5332 0.8408 2.8484 1.1089 8.1126 1.3735 0.1463
Pedestrian -1 -1 1.6346 721.7132 139.5387 752.4006 241.2906 1.6984 0.4772 0.8050 2.2506 1.0163 12.2446 1.8140 0.1437
Cyclist -1 -1 1.5573 480.5882 170.0358 488.2180 193.0782 1.7918 0.5737 1.7619 -9.5263 0.9793 55.8926 1.3911 0.1908
Cyclist -1 -1 2.1076 375.8222 164.2835 439.1069 257.9694 1.8962 0.8356 1.1136 -4.2011 1.5696 14.9536 1.8409 0.1124
Car -1 -1 -1.6594 530.8129 164.7323 576.4053 211.0328 1.9850 1.7174 4.2720 -2.4482 1.3105 32.5544 -1.7320 0.7904
Car -1 -1 -1.4961 525.2162 170.8663 563.0045 202.8651 1.5920 1.6717 4.1095 -3.1638 1.1141 37.2323 -1.5784 0.3665
