Pedestrian -1 -1 -0.2862 825.0760 118.8265 915.3777 282.9104 1.6278 0.4122 0.7760 2.6873 1.0074 7.3478 0.0478 0.1576
Pedestrian -1 -1 1.4265 276.5807 149.7696 291.6947 187.0492 1.8546 0.5778 0.8599 -16.0228 0.2769 36.2508 1.0083 0.1330
Pedestrian -1 -1 -1.7466 125.0288 172.7335 144.9095 214.3455 1.8100 0.5898 0.8868 -20.6456 1.4296 31.7672 -2.3242 0.1285
Car -1 -1 -0.6162 345.6480 175.3877 481.0155 222.6978 1.4810 1.6336 4.3598 -6.3792 1.2908 24.6789 -0.8718 0.8335
Car -1 -1 -1.2420 545.0733 173.0779 606.2551 208.9695 1.5295 1.6406 3.8529 -1.1164 1.1716 32.6895 -1.2809 0.8255
Car -1 -1 2.1707 322.3085 180.9585 391.2737 210.2861 1.4653 1.5631 3.8366 -12.8496 1.4391 37.9450 1.8412 0.3942
Car -1 -1 -1.3988 586.4042 167.5613 616.1579 189.3785 1.5061 1.5408 3.7103 0.0395 0.5445 51.5438 -1.4029 0.2573
Car -1 -1 1.1847 156.3063 183.0645 225.4504 214.3235 1.4920 1.6115 4.0785 -20.8204 1.5762 36.3620 0.6627 0.2183
Car -1 -1 -0.3267 151.6050 183.2471 227.4825 214.0831 1.8033 1.6188 3.7257 -25.2710 1.9161 44.1573 -0.8491 0.1386
Car -1 -1 -1.3450 607.0586 168.4556 635.1467 187.1056 1.5594 1.5958 3.9975 1.7677 0.4692 62.1934 -1.3216 0.1317
Car -1 -1 -2.3774 428.9817 178.0799 514.2498 211.5682 1.5020 1.6133 3.9386 -6.1740 1.3495 33.9698 -2.5610 0.1280
