Pedestrian -1 -1 1.7619 42.0368 184.0300 78.8240 254.3206 1.7693 0.6764 0.4766 -14.2363 2.0640 18.6368 1.1163 0.5055
Pedestrian -1 -1 -2.2665 0.0000 142.0925 55.5903 267.1570 1.7713 0.6208 0.6174 -8.7367 1.3360 10.5813 -2.9444 0.1925
Pedestrian -1 -1 -2.7058 721.4155 165.7930 744.0712 213.0538 1.7771 0.6617 0.6352 4.6507 1.5119 27.5805 -2.5411 0.1554
Pedestrian -1 -1 0.3612 3.1399 195.8038 49.4985 260.3802 1.7761 0.6782 0.8435 -16.7132 2.4468 20.6174 -0.3139 0.1452
Pedestrian -1 -1 0.2483 189.7372 142.5934 230.7681 203.9997 1.8242 0.6417 0.9583 -12.1482 0.9256 21.8627 -0.2538 0.1297
Car -1 -1 -1.5327 400.3799 171.3748 444.5106 210.5546 1.4663 1.5714 3.5108 -7.4931 1.4113 28.8830 -1.7846 0.6470
Car -1 -1 1.5042 412.4590 160.2009 448.8737 190.9278 1.5273 1.5956 3.9848 -9.5241 0.8987 38.0017 1.2600 0.2858
Car -1 -1 -1.9895 557.1805 139.1787 666.2775 211.3715 2.4341 2.0542 5.4232 -0.1329 1.2990 27.2189 -1.9948 0.2712
Car -1 -1 2.2391 946.5875 169.3764 1242.0000 357.0583 1.5897 1.6008 3.7014 5.5134 1.5606 7.3916 2.8603 0.1580
Car -1 -1 -0.4630 737.9788 128.2659 881.3077 186.9981 1.7802 1.6738 4.1092 6.3044 0.4291 23.0958 -0.1997 0.1439
