Pedestrian -1 -1 -0.0484 783.6981 137.7465 812.4509 212.0568 1.7077 0.4783 0.6247 4.3439 0.9013 16.8751 0.1990 0.2486
Pedestrian -1 -1 2.3507 900.1027 154.4792 947.6945 213.0815 1.8029 0.6924 1.2612 9.8513 1.2379 22.7536 2.7542 0.1428
Cyclist -1 -1 1.4388 847.3102 161.7495 872.3779 212.5545 1.7757 0.6316 1.6753 8.9789 1.3879 26.0989 1.7663 0.2860
Cyclist -1 -1 2.4099 897.9260 153.6397 954.5441 209.9673 1.7288 0.7168 1.5568 9.9144 1.1395 22.7314 2.8161 0.1341
Car -1 -1 1.8511 383.1827 182.3154 447.5476 222.2839 1.6190 1.6992 4.1197 -8.6582 2.0699 32.2835 1.5907 0.9156
Car -1 -1 2.3706 0.0000 203.0786 61.2592 316.4232 1.4702 1.6209 3.9363 -11.8758 2.0753 12.4301 1.6187 0.5165
Car -1 -1 -1.5799 600.2151 176.2744 626.9139 201.4563 1.4873 1.5975 4.0421 0.1680 1.7115 45.1881 -1.5766 0.5073
Car -1 -1 1.4600 683.5473 174.9780 724.2938 206.4249 1.5051 1.6074 4.0531 4.7016 1.6200 36.8457 1.5855 0.1477
Car -1 -1 0.9899 175.1068 190.5409 219.7715 208.7527 1.5112 1.5894 3.9066 -36.9445 3.1334 64.5650 0.4717 0.1357
Car -1 -1 1.9277 992.8252 169.0975 1034.8379 190.8073 1.7101 1.6704 4.0965 32.9052 1.4145 58.7966 2.4355 0.1342
