Pedestrian -1 -1 3.3955 300.6926 181.1386 320.9447 214.8063 1.8615 0.5911 0.9294 -16.7928 2.3301 40.4239 3.0038 0.6097
Pedestrian -1 -1 -0.0196 481.3680 174.2531 497.8098 206.1842 1.7354 0.4753 0.8796 -6.6387 1.8131 39.5540 -0.1852 0.2457
Pedestrian -1 -1 0.6066 631.5425 170.4802 661.5298 204.0464 1.7705 0.5545 1.5719 1.9210 1.6457 38.7553 0.6552 0.1282
Cyclist -1 -1 0.6066 631.5425 170.4802 661.5298 204.0464 1.7705 0.5545 1.5719 1.9210 1.6457 38.7553 0.6552 0.2052
Cyclist -1 -1 -0.1168 481.0381 174.0475 497.9124 206.4375 1.7586 0.4730 0.8628 -6.6431 1.8249 39.5458 -0.2826 0.1026
Car -1 -1 -1.4788 511.4672 178.1996 556.3083 214.7745 1.5168 1.6422 4.1090 -3.4137 1.7739 32.5883 -1.5829 0.8652
Car -1 -1 2.1365 0.0000 165.4387 211.9298 299.8153 2.1764 1.6868 4.4394 -9.7417 2.0567 13.9320 1.5350 0.8271
Car -1 -1 1.8147 387.6375 183.2343 439.1955 215.2443 1.5933 1.7328 4.2820 -10.7128 2.1926 39.4693 1.5509 0.6965
Car -1 -1 -1.5161 580.8338 177.6982 609.0536 202.2300 1.4990 1.6213 4.0098 -0.9717 1.8281 46.9204 -1.5372 0.5443
Car -1 -1 1.3287 422.6842 183.6625 453.1988 203.4605 1.5191 1.5743 3.8609 -14.2901 2.4450 59.7053 1.0944 0.3200
