Pedestrian -1 -1 1.0993 737.6138 159.9476 761.8958 208.0959 1.7214 0.5431 0.8404 5.0400 1.2603 26.2725 1.2863 0.1989
Pedestrian -1 -1 -3.6377 1165.0835 194.2526 1242.0000 338.3403 1.6106 0.4889 0.6642 6.9622 1.8705 8.4497 -2.9665 0.1341
Cyclist -1 -1 2.2193 46.1951 179.7338 103.7755 234.0540 1.8011 0.5766 1.8974 -18.6315 2.0500 25.1150 1.5860 0.7094
Cyclist -1 -1 -1.5517 1003.1289 146.9064 1017.3948 205.0080 1.7106 0.3623 1.6311 12.1867 0.9470 22.0384 -1.0524 0.1670
Cyclist -1 -1 1.3861 686.6773 164.6185 701.5801 195.2475 1.6828 0.5550 1.5232 4.6702 1.2307 40.4192 1.5000 0.1514
Cyclist -1 -1 1.5372 980.8583 173.3496 1004.7847 227.0110 1.7527 0.6471 1.7059 12.9349 1.7705 24.4898 2.0176 0.1224
Cyclist -1 -1 0.1600 736.3734 160.2485 762.3474 207.7820 1.7050 0.5438 0.8550 5.0344 1.2532 26.2795 0.3467 0.1124
Cyclist -1 -1 -3.6085 1039.0571 190.2815 1221.1742 338.5092 1.6506 0.6132 1.6560 6.0527 1.8673 8.5421 -3.0094 0.1083
Car -1 -1 -1.6420 588.8118 176.2725 625.7593 208.0949 1.5873 1.6592 4.4153 -0.2366 1.7820 38.7399 -1.6486 0.8616
Car -1 -1 0.8345 873.7312 189.0321 949.8929 216.5307 1.4133 1.6685 4.2349 17.4590 2.4072 42.0337 1.2250 0.3181
Car -1 -1 1.0384 807.0959 184.6698 865.1451 210.1717 1.5087 1.6944 4.2049 14.6246 2.3154 47.0005 1.3377 0.2626
Car -1 -1 -1.9964 749.2535 158.3787 787.2384 180.7496 2.0152 1.7637 4.4777 14.7041 0.7116 67.3677 -1.7826 0.1617
Car -1 -1 1.3583 657.6425 165.9345 700.4016 194.2343 1.5518 1.6320 4.0234 3.8945 1.1727 41.6567 1.4505 0.1347
