Pedestrian -1 -1 1.1485 0.0000 117.7598 61.5784 233.6870 1.8239 0.7032 0.5676 -9.5693 0.9575 11.7921 0.4777 0.1944
Pedestrian -1 -1 -1.7044 955.7460 181.5738 996.2378 271.4662 1.7187 0.6437 0.5055 7.1437 1.8948 14.2007 -1.2476 0.1796
Pedestrian -1 -1 -1.7335 920.6545 182.3105 962.2139 272.5240 1.7125 0.6390 0.6428 6.4468 1.9038 14.1682 -1.3154 0.1533
Pedestrian -1 -1 -1.7019 897.4313 184.6549 934.5563 271.3102 1.7473 0.6294 0.6252 6.3159 1.9998 15.0330 -1.3123 0.1509
Pedestrian -1 -1 -3.2276 793.8065 176.1360 829.2471 257.0968 1.6515 0.5088 0.6662 4.1460 1.7218 15.0500 -2.9648 0.1320
Pedestrian -1 -1 0.3398 0.0000 158.1460 42.7078 263.1184 1.7632 0.6442 0.7674 -10.5132 1.5165 12.5500 -0.3471 0.1241
Pedestrian -1 -1 -1.5497 656.5159 158.9552 669.8954 197.1139 1.8458 0.6391 0.7465 2.5681 1.1738 35.2996 -1.4781 0.1237
Pedestrian -1 -1 -3.0403 748.6619 146.8731 792.0036 239.0313 1.7769 0.5884 0.7881 3.1341 1.2763 14.3100 -2.8296 0.1212
Cyclist -1 -1 0.8614 138.6415 187.0897 174.2116 221.2610 1.6438 0.5859 1.6056 -22.4545 2.3580 35.6585 0.3025 0.1290
Car -1 -1 1.7348 355.4483 187.0873 457.7871 263.5897 1.5269 1.6677 4.3289 -4.8153 1.9161 17.4692 1.4690 0.9184
Car -1 -1 3.4013 0.0000 191.1914 177.6547 341.9287 1.5794 1.6440 3.9411 -8.1416 1.8616 9.5153 2.7072 0.8052
Car -1 -1 -1.6122 428.7523 178.4737 456.5560 204.2479 1.5616 1.5907 3.8718 -10.8947 1.9419 46.6989 -1.8405 0.4056
Car -1 -1 2.6448 669.3079 174.6127 783.9567 219.8435 1.5726 1.6265 3.8679 4.2481 1.6412 26.6063 2.8007 0.2273
Car -1 -1 1.6258 416.4375 174.1693 440.5526 194.4745 1.4869 1.5740 3.9259 -13.8728 1.5917 55.1799 1.3803 0.1629
