Car -1 -1 -1.7638 672.4028 172.6747 756.2715 235.9636 1.5596 1.5889 3.4154 2.6802 1.5555 19.5294 -1.6302 0.8814
Car -1 -1 -1.8400 728.2646 183.0425 925.7314 311.1462 1.4454 1.5930 4.1084 2.8354 1.6236 10.5322 -1.5852 0.8746
Car -1 -1 -2.0883 831.0554 174.8526 1242.0000 375.0000 1.4721 1.6027 4.0714 2.6949 1.4902 4.3584 -1.5651 0.8547
Car -1 -1 0.4076 274.2384 175.1082 460.0500 241.3140 1.5782 1.6729 4.1404 -6.1195 1.6389 18.2828 0.0885 0.8222
Car -1 -1 -2.3615 0.0000 187.4445 209.6252 355.5027 1.4624 1.6034 3.9210 -6.5313 1.6312 7.3834 -3.0680 0.7890
Car -1 -1 -1.6706 648.9328 176.5707 689.8726 209.5077 1.4233 1.5259 3.5474 2.6582 1.6047 33.3698 -1.5924 0.7678
Car -1 -1 0.5177 321.3056 179.9219 474.0516 235.0375 1.4830 1.6176 3.9847 -6.1872 1.7011 20.9805 0.2338 0.5753
Car -1 -1 0.2556 395.8015 176.2880 505.5995 215.3773 1.4973 1.6163 3.9825 -6.3192 1.6384 28.6789 0.0402 0.4406
Car -1 -1 -2.2168 0.0000 185.4111 85.6096 375.0000 1.4638 1.5976 3.8999 -6.1674 1.5668 4.9810 -3.0818 0.3923
Car -1 -1 3.3239 426.0192 175.5020 523.0542 211.6395 1.4956 1.5914 3.8429 -5.7657 1.6118 30.7754 3.1398 0.3384
Car -1 -1 -1.3194 387.6695 155.8650 470.7447 208.9969 1.6499 1.7342 4.1874 -6.0660 1.1227 24.5061 -1.5598 0.3374
Car -1 -1 -3.0034 474.7956 158.7115 544.2226 184.3188 1.7594 1.7116 4.6148 -7.0119 0.7881 50.4301 -3.1411 0.2976
