Car -1 -1 1.6984 465.3896 171.3073 529.9783 218.6343 1.5533 1.7560 4.1646 -3.9635 1.5029 25.7806 1.5469 0.9183
Car -1 -1 1.8631 234.9893 171.7315 452.4325 322.7874 1.6054 1.5991 3.7787 -3.3020 1.5938 9.5795 1.5388 0.9084
Car -1 -1 -1.9097 780.4728 194.5437 1074.5042 375.0000 1.4419 1.6011 4.1739 3.1835 1.7557 8.3277 -1.5578 0.8950
Car -1 -1 -1.8457 723.9739 182.6563 853.7237 276.7069 1.4965 1.4745 3.2414 3.1483 1.7026 13.4801 -1.6222 0.8737
Car -1 -1 2.0581 0.0000 48.5285 361.7678 375.0000 1.7664 1.7105 4.3049 -2.8428 1.4581 4.0148 1.4719 0.8089
Car -1 -1 -1.8015 675.1735 175.6771 758.2711 235.8135 1.5241 1.5335 3.4143 2.8501 1.6105 20.2212 -1.6643 0.7655
Car -1 -1 -1.7494 650.7160 172.3154 714.4276 219.0598 1.4848 1.5508 3.5138 2.3687 1.4680 24.7320 -1.6557 0.7370
Car -1 -1 1.7379 485.6548 173.5892 537.7588 210.2973 1.4945 1.6043 4.0141 -4.2590 1.5290 31.4879 1.6041 0.5932
Car -1 -1 -1.6948 638.5124 171.9008 690.8040 211.5793 1.5688 1.6823 4.2559 2.2090 1.5315 30.6957 -1.6242 0.5860
Car -1 -1 -2.4430 1056.0406 196.2090 1242.0000 375.0000 1.4843 1.5965 3.8457 3.6546 1.6371 2.7812 -1.5734 0.5130
