Pedestrian -1 -1 0.8864 963.9432 186.4848 1006.6530 268.4777 1.7466 0.5975 0.5813 8.1789 2.0526 15.8307 1.3546 0.1705
Pedestrian -1 -1 -3.1029 668.1442 178.1956 692.4082 219.9387 1.7635 0.6439 1.0143 2.9794 1.9959 30.9643 -3.0086 0.1148
Cyclist -1 -1 -3.2401 667.6795 178.4478 703.5915 219.7781 1.7544 0.6476 1.4781 3.2050 1.9980 31.0397 -3.1389 0.1208
Cyclist -1 -1 1.9376 0.0000 146.2498 84.8188 282.6971 1.6919 0.5289 1.6847 -7.8588 1.3623 9.8267 1.2761 0.1170
Car -1 -1 1.8401 274.9320 174.0252 458.9710 312.4763 1.8317 1.6913 4.2290 -3.7285 1.8545 11.7205 1.5376 0.9397
Car -1 -1 2.0648 0.0000 205.2506 334.4940 375.0000 1.4407 1.5663 4.0156 -3.7457 1.7961 5.8574 1.5155 0.8572
Car -1 -1 1.6829 499.4986 183.7282 554.1209 227.4767 1.5287 1.6694 4.1988 -3.2325 1.9881 28.3544 1.5697 0.7307
Car -1 -1 2.9623 666.3952 182.9681 765.2927 220.3827 1.5643 1.6346 4.0462 4.5363 2.0194 31.5429 3.1031 0.1889
Car -1 -1 -2.0781 890.5092 99.2198 1079.8667 189.0412 1.5939 1.6428 4.0285 7.4169 0.2876 14.8554 -1.6226 0.1264
Car -1 -1 1.4429 631.0919 183.4165 668.5972 213.0224 1.5446 1.6214 4.0484 2.1901 2.1787 41.2059 1.4950 0.1198
Car -1 -1 -2.4072 60.5712 190.6883 283.0859 277.6382 1.5652 1.6118 3.7526 -8.8645 1.9556 14.6181 -2.9446 0.1000
