Pedestrian -1 -1 -2.0675 747.0737 155.0725 779.9362 211.1346 1.8417 0.7320 0.9104 5.1053 1.2579 24.2412 -1.8629 0.2745
Cyclist -1 -1 -0.1567 133.7407 214.3561 272.4905 344.1227 1.6592 0.6519 1.6799 -5.9460 2.3076 10.4909 -0.6621 0.2247
Car -1 -1 1.9284 275.5479 188.1245 413.2226 275.8835 1.6286 1.5881 3.8358 -5.7556 2.0083 15.9898 1.5874 0.9271
Car -1 -1 -1.9053 751.1509 180.1575 968.8336 312.8250 1.4295 1.5701 3.6813 3.0868 1.5485 9.8489 -1.6112 0.9238
Car -1 -1 1.8173 371.9120 187.8714 455.0214 244.7336 1.4526 1.5260 3.5064 -5.7003 1.9294 21.1256 1.5562 0.8574
Car -1 -1 -1.8641 708.2708 179.4530 831.2214 259.4907 1.4465 1.5230 3.5005 3.1616 1.6021 15.1497 -1.6632 0.8516
Car -1 -1 -1.7656 690.7708 178.1097 774.3383 233.3878 1.4126 1.5983 3.9887 3.3799 1.5796 20.8433 -1.6079 0.5468
Car -1 -1 -0.9863 66.4153 197.3439 200.7707 254.5904 1.5655 1.6326 4.1361 -15.4256 2.4368 23.5816 -1.5607 0.4869
Car -1 -1 0.6101 0.0000 186.0602 98.8377 251.4739 1.4697 1.5619 3.6938 -14.9041 1.8081 17.5268 -0.0872 0.4102
Car -1 -1 -2.7304 383.8403 178.0256 454.3439 202.8515 1.5158 1.6033 4.0018 -12.0758 1.8509 45.6067 -2.9881 0.2407
Car -1 -1 2.0337 159.6219 175.2697 250.1940 215.3767 1.4891 1.5748 3.9271 -16.2121 1.5933 29.0219 1.5279 0.2324
