Pedestrian -1 -1 0.8927 372.9751 135.1650 416.7329 218.6118 1.7712 0.5279 0.8053 -4.7501 0.9716 15.7581 0.6042 0.1687
Pedestrian -1 -1 2.3488 276.1467 160.1380 348.4647 277.5031 1.7808 0.5638 0.9434 -4.7775 1.5882 11.4886 1.9622 0.1554
Pedestrian -1 -1 2.0440 567.8687 176.8571 581.6769 203.6815 1.9323 0.6313 0.9801 -2.5987 2.2283 52.7210 1.9945 0.1019
Cyclist -1 -1 2.1838 251.7204 161.9646 342.8492 276.1434 1.6724 0.5182 1.5445 -4.9400 1.5133 11.3754 1.7820 0.1381
Cyclist -1 -1 -1.9229 836.7493 139.3750 911.4756 249.7246 1.6570 0.5209 1.8226 4.2014 1.1546 11.7473 -1.5879 0.1288
Cyclist -1 -1 0.9783 898.4170 147.0704 1029.7833 306.5319 1.6432 0.5240 1.5909 3.9326 1.3779 8.2600 1.4082 0.1188
Cyclist -1 -1 0.4784 1107.6211 123.1229 1242.0000 285.7878 1.6682 0.5637 1.4990 6.5577 1.1585 8.1952 1.1357 0.1073
Car -1 -1 2.1609 0.0000 169.8232 317.8654 375.0000 1.4942 1.5148 3.4552 -3.5107 1.4811 4.9427 1.5678 0.8318
Car -1 -1 -1.6864 673.4228 175.9833 741.6566 239.6381 1.9188 1.7392 4.3001 3.1135 2.0331 24.1182 -1.5605 0.2170
Car -1 -1 1.5033 647.0057 185.6954 675.7208 210.6704 1.5781 1.6910 4.0690 3.4694 2.4995 49.7170 1.5719 0.1987
Car -1 -1 1.6691 497.7841 142.0686 547.5662 186.6563 1.6035 1.5529 3.5928 -3.3402 0.4967 27.7585 1.5503 0.1401
Car -1 -1 -1.6348 691.7147 159.1499 728.5537 196.4066 1.9283 1.7136 4.2372 5.3932 1.2194 39.5160 -1.5005 0.1016
