Pedestrian -1 -1 -0.4217 1016.9410 241.9497 1121.9188 375.0000 1.8286 0.7571 1.0252 6.4059 2.8473 10.1921 0.1242 0.2441
Pedestrian -1 -1 3.2367 46.8220 186.8268 89.2958 290.1208 1.7684 0.6806 0.5407 -9.7288 2.0270 12.8979 2.6001 0.2168
Pedestrian -1 -1 -2.3929 125.6759 192.2452 154.1709 240.9203 1.7065 0.5829 0.6291 -16.9195 2.4123 25.9071 -2.9670 0.1253
Pedestrian -1 -1 0.4735 850.7906 117.4983 950.3861 237.0181 1.6860 0.5422 1.2792 4.2902 0.9055 10.8329 0.8411 0.1139
Cyclist -1 -1 0.9583 857.6949 118.1851 947.5427 239.2432 1.6888 0.5282 1.3917 4.2904 0.9265 10.8018 1.3268 0.1972
Car -1 -1 1.8365 399.2634 178.9484 465.2222 216.7445 1.5075 1.7436 4.2468 -7.7337 1.7930 31.6139 1.5981 0.8941
Car -1 -1 1.9196 512.6982 176.5731 543.8524 193.3993 1.4693 1.5623 4.0013 -7.4655 1.8212 66.0732 1.8072 0.2522
Car -1 -1 1.7769 21.7095 177.2763 84.0269 211.6193 1.5212 1.5674 4.0116 -26.7095 1.7472 34.6586 1.1239 0.1630
Car -1 -1 2.0877 241.5470 182.1555 297.2385 206.6605 1.5350 1.6073 4.0651 -23.0247 2.1923 48.8693 1.6493 0.1521
Car -1 -1 -0.1207 838.1262 192.5386 886.3008 210.9333 1.5546 1.6742 3.9089 22.6048 3.3575 64.8409 0.2126 0.1313
Car -1 -1 1.9238 339.0892 183.7283 391.8387 211.3494 1.4812 1.5901 4.1717 -14.3486 2.1532 42.4572 1.5994 0.1232
