Pedestrian -1 -1 0.7862 808.3593 130.1268 934.4708 337.7954 1.8517 0.5941 1.0231 2.5165 1.4043 6.8893 1.1238 0.9101
Pedestrian -1 -1 1.1286 416.0778 141.5171 451.4418 215.4547 1.7595 0.6116 0.6742 -4.2248 0.8334 17.2749 0.8951 0.8766
Pedestrian -1 -1 1.1887 747.1748 145.0247 819.3325 264.9496 1.7807 0.7813 0.9641 2.7137 1.2556 11.0272 1.4253 0.7662
Pedestrian -1 -1 -2.6270 647.7036 140.1424 675.4262 201.2132 1.7713 0.6353 0.5811 1.6434 0.6023 20.9278 -2.5477 0.6590
Pedestrian -1 -1 0.6904 235.9574 132.5354 295.1715 239.5556 1.7766 0.6243 0.6715 -5.8557 0.9820 12.1184 0.2528 0.5771
Pedestrian -1 -1 -1.2458 487.5208 144.6534 517.0575 204.3313 1.6364 0.6578 0.6025 -2.8979 0.6550 19.7384 -1.3870 0.5203
Pedestrian -1 -1 1.5123 447.0605 139.2996 468.7126 193.1530 1.9394 0.7247 1.0245 -5.4532 0.4572 26.0462 1.3105 0.5027
Pedestrian -1 -1 -1.7468 270.5503 137.3746 323.4085 248.6259 1.7497 0.6853 0.7172 -5.1064 1.0731 11.6026 -2.1491 0.4969
Pedestrian -1 -1 -1.9492 109.3670 147.6970 170.8712 260.1102 1.8064 0.6363 0.7429 -7.8260 1.2810 11.8320 -2.5193 0.3987
Pedestrian -1 -1 1.1761 397.4260 138.0236 430.0783 208.4007 1.8586 0.6451 0.6738 -5.2133 0.7384 19.1312 0.9165 0.3536
Pedestrian -1 -1 1.8499 353.3564 146.4606 372.7974 184.8561 1.8642 0.6731 0.9307 -11.9191 0.2129 34.8047 1.5249 0.3130
Cyclist -1 -1 1.1534 742.6317 144.5553 818.8110 266.3998 1.8066 0.7944 1.0449 2.6813 1.2753 11.0647 1.3866 0.1003
