Pedestrian -1 -1 -0.6069 1077.0167 117.1179 1181.4745 259.1042 1.7307 0.4835 0.9610 6.4326 1.0517 9.0356 -0.0035 0.1783
Pedestrian -1 -1 -1.1663 679.0505 177.0028 689.8517 200.8688 1.7393 0.5730 0.6753 5.4601 2.0479 53.1675 -1.0650 0.1239
Pedestrian -1 -1 -0.6603 502.4569 172.4343 520.6038 208.6174 1.7959 0.6563 0.6346 -4.9875 1.7754 36.2664 -0.7965 0.1238
Pedestrian -1 -1 -1.5401 719.4800 124.1973 745.4120 193.7580 1.8376 0.6725 0.6704 3.2582 0.5526 19.4517 -1.3768 0.1116
Pedestrian -1 -1 -1.0403 864.7303 126.1544 891.2303 179.7452 1.8517 0.6446 0.6302 9.3809 0.2385 25.3771 -0.6899 0.1078
Pedestrian -1 -1 -2.1699 1118.5107 119.1988 1157.2051 184.8350 1.8925 0.7112 0.5765 15.3824 0.3458 21.0987 -1.5463 0.1005
Cyclist -1 -1 -3.6653 1011.2183 110.9306 1171.1571 252.2307 1.7220 0.4094 1.6998 5.9442 0.9677 9.0321 -3.0981 0.1566
Cyclist -1 -1 1.2024 689.6315 149.6903 709.7879 183.3005 1.7521 0.5487 1.5264 4.7311 0.5449 38.4175 1.3239 0.1298
Car -1 -1 1.7213 534.2217 180.2317 582.5314 216.0088 1.5674 1.7146 4.1004 -2.4476 1.9431 34.5907 1.6506 0.8461
Car -1 -1 -1.5369 572.6874 174.3134 591.7087 191.7265 1.5223 1.5927 3.9252 -2.5130 1.6589 65.3721 -1.5755 0.2657
Car -1 -1 -0.2854 632.0775 147.8328 714.5245 179.6871 1.5154 1.5938 3.7394 3.0511 0.3254 35.4764 -0.2004 0.1679
Car -1 -1 -2.2596 955.4333 183.0414 1242.0000 375.0000 1.5464 1.6180 4.1274 4.6184 1.6590 5.8496 -1.6165 0.1616
Car -1 -1 -1.5649 521.1121 174.0640 540.7538 193.6341 1.5675 1.5730 3.9035 -6.5939 1.6720 60.0627 -1.6742 0.1179
