Pedestrian -1 -1 0.2497 144.9670 145.0502 178.7136 193.2360 1.8859 0.6131 1.0191 -17.8485 0.7981 28.6820 -0.3029 0.3232
Car -1 -1 -1.7224 662.0360 176.2817 737.0161 229.2614 1.4708 1.6488 4.3142 2.6352 1.5884 22.4969 -1.6080 0.9421
Car -1 -1 -2.4844 0.0000 176.1236 305.0906 311.0380 1.5053 1.6309 3.9720 -6.2009 1.5510 9.0458 -3.0720 0.8237
Car -1 -1 0.4207 178.3029 175.2189 427.4381 256.0149 1.5217 1.6699 4.3171 -6.1062 1.5726 14.5360 0.0290 0.7922
Car -1 -1 -0.1364 727.1620 172.3838 827.0737 214.7944 1.5551 1.5708 3.5055 6.2360 1.5383 27.3858 0.0846 0.6664
Car -1 -1 0.5683 269.9934 173.6873 442.3720 233.2974 1.4855 1.6196 4.1254 -6.7936 1.5096 19.2787 0.2333 0.5026
Car -1 -1 3.4004 199.8390 176.6229 387.6136 245.1363 1.4728 1.5775 3.6887 -7.2215 1.5657 16.6695 2.9970 0.4897
Car -1 -1 0.9336 0.0000 184.3861 199.7466 374.6468 1.4763 1.5973 3.9151 -6.2919 1.6069 6.9416 0.2162 0.4695
Car -1 -1 0.2133 366.1884 173.7186 498.1085 222.1810 1.5407 1.6141 3.9766 -5.8399 1.5707 23.8234 -0.0250 0.4482
Car -1 -1 0.1642 451.2444 168.9889 534.6500 199.5220 1.5052 1.6060 3.9418 -5.8939 1.3150 36.3794 0.0044 0.4466
Car -1 -1 3.3359 289.3308 167.7855 428.1743 218.8721 1.4389 1.5579 3.6424 -7.3799 1.2965 21.3377 3.0064 0.4367
Car -1 -1 -0.2752 713.0069 172.2031 814.0018 208.5388 1.5585 1.6520 4.0704 6.7017 1.5309 31.9117 -0.0705 0.4033
