Pedestrian -1 -1 -2.5220 333.3311 170.3071 348.8247 195.5178 1.8756 0.5125 0.9707 -20.1714 1.6864 54.0501 -2.8779 0.2474
Pedestrian -1 -1 -0.1189 621.1791 173.0421 635.4747 203.4879 1.7613 0.5029 0.7774 1.0313 1.7727 42.0288 -0.0950 0.2220
Pedestrian -1 -1 -2.3127 541.2628 178.2971 558.5155 210.4541 1.7792 0.6862 0.6820 -3.4146 2.0893 40.5662 -2.3967 0.2013
Car -1 -1 -1.7676 668.7219 179.1427 789.8912 263.8856 1.4447 1.5978 4.0695 2.2095 1.5910 14.6784 -1.6222 0.9189
Car -1 -1 -1.5452 498.7072 177.9485 544.9342 223.2334 1.6121 1.6719 4.4265 -3.4625 1.8297 28.4793 -1.6657 0.9135
Car -1 -1 -1.7872 632.6656 176.1549 698.2834 222.2983 1.5898 1.6157 4.0605 1.9689 1.7247 27.2865 -1.7166 0.8177
Car -1 -1 -1.1000 0.0000 186.2411 358.5683 375.0000 1.4556 1.6264 4.1575 -3.5090 1.6027 5.7864 -1.6257 0.8051
Car -1 -1 -2.6330 146.4089 189.0070 327.8340 252.2890 1.4872 1.6179 3.7800 -9.4078 1.9167 18.2864 -3.1027 0.7921
Car -1 -1 -1.5995 623.6860 172.7563 654.0792 205.2364 1.8816 1.7159 4.1429 1.6796 1.8763 43.8751 -1.5620 0.4712
Car -1 -1 1.6553 630.4474 174.7752 671.7089 209.8096 1.5024 1.5777 3.8870 1.9024 1.5965 33.1964 1.7115 0.3121
Car -1 -1 -1.5239 502.1925 177.2535 540.2903 212.7289 1.5287 1.5814 3.7284 -4.1080 1.7449 33.4831 -1.6455 0.1944
