Pedestrian -1 -1 1.8077 254.6431 171.6361 332.9881 326.3182 1.8830 0.6452 1.3127 -4.1722 1.8685 9.4819 1.4026 0.5503
Pedestrian -1 -1 -1.5607 657.8506 162.8905 682.4561 213.7051 1.7857 0.8630 0.8934 2.1124 1.4360 25.8375 -1.4806 0.2000
Cyclist -1 -1 1.7982 250.5438 175.4662 331.9877 332.6035 1.8487 0.5941 1.6816 -4.1562 1.8863 9.3958 1.3912 0.7761
Car -1 -1 -1.7291 705.5831 171.3917 848.3979 276.2338 1.4911 1.6459 4.2025 2.6055 1.4706 12.3938 -1.5276 0.9358
Car -1 -1 -2.7932 287.7608 170.3631 461.6974 239.6939 1.7884 1.7534 4.1343 -6.3326 1.7245 19.5656 -3.1028 0.8827
Car -1 -1 2.2824 0.0000 208.6810 236.2082 375.0000 1.4376 1.6106 3.8448 -3.6013 1.7097 3.5102 1.5216 0.6717
Car -1 -1 1.6888 543.8146 173.2800 570.6334 194.1485 1.5760 1.6322 4.0869 -4.1318 1.6110 56.6498 1.6159 0.6081
Car -1 -1 -1.2976 576.1973 171.0748 604.8192 188.5665 1.5821 1.6148 4.1619 -1.8053 1.4215 67.4733 -1.3246 0.2612
Car -1 -1 -2.2774 0.0000 0.0000 1242.0000 375.0000 1.5303 1.5941 3.7592 2.6180 1.5773 1.5356 -1.3182 0.2524
Car -1 -1 -1.8453 629.0505 167.0648 666.5521 191.1290 1.6350 1.6364 3.9455 2.6048 1.2420 51.1264 -1.7951 0.2509
Car -1 -1 1.5034 616.5523 160.3254 671.4596 211.2147 1.7915 1.7833 4.3423 1.1758 1.3508 27.5913 1.5450 0.2363
Car -1 -1 1.4894 646.7958 175.2009 685.2517 207.7243 1.5020 1.5618 3.8949 2.6710 1.6244 35.5549 1.5632 0.1964
