Pedestrian -1 -1 1.3857 817.0143 178.6566 840.8704 232.4596 1.7970 0.6738 0.5963 7.3844 1.9971 24.4990 1.6743 0.3003
Car -1 -1 -1.8165 755.2936 188.0371 912.3377 290.8281 1.4309 1.6109 4.0099 3.6573 1.7405 12.6669 -1.5427 0.9337
Car -1 -1 1.7880 476.9640 181.3040 538.0284 229.4357 1.7278 1.6111 3.7740 -4.0182 2.0850 28.5248 1.6487 0.9299
Car -1 -1 -1.7383 722.0178 180.6126 818.1739 250.9655 1.5424 1.6540 4.2830 3.9045 1.7647 18.4654 -1.5340 0.9137
Car -1 -1 1.7166 509.1794 181.7003 556.0772 219.7458 1.6178 1.6091 4.0094 -3.5850 2.0558 33.6602 1.6107 0.6559
Car -1 -1 -1.6616 687.1747 175.4771 719.7435 202.0240 1.6263 1.7018 4.2380 5.9787 1.8045 46.7705 -1.5358 0.5393
Car -1 -1 -3.0487 981.0447 171.3636 1200.7383 245.2817 1.6111 1.6820 4.3356 11.6399 1.5790 17.7239 -2.4757 0.5051
Car -1 -1 -3.1162 1114.7371 175.3490 1242.0000 266.0358 1.4899 1.6217 4.0162 12.2351 1.5451 13.9077 -2.4057 0.4911
Car -1 -1 0.4067 246.7745 189.6384 348.6764 223.6590 1.4919 1.5951 4.0038 -14.3649 2.2838 33.2269 0.0011 0.4561
Car -1 -1 1.6557 548.9861 180.7431 580.8656 208.4255 1.5358 1.5755 3.9610 -2.6867 2.0299 43.1635 1.5934 0.4235
Car -1 -1 -1.1061 208.8022 191.8514 257.3588 214.1202 1.4881 1.6070 3.9113 -27.9295 2.9499 53.5374 -1.5852 0.2467
Car -1 -1 -1.5649 438.6978 171.5406 466.8613 197.5811 1.5002 1.5918 3.8740 -9.5245 1.4249 43.6242 -1.7789 0.2423
