Car -1 -1 -1.8816 764.6437 180.3680 964.4669 308.5247 1.5292 1.5825 3.9174 3.4881 1.6625 10.8016 -1.5783 0.9146
Car -1 -1 1.7969 450.9161 177.2616 514.9279 224.7854 1.6152 1.5746 3.5228 -4.6624 1.7894 26.6550 1.6248 0.8865
Car -1 -1 1.9892 133.5706 190.8715 383.4105 322.0520 1.4533 1.6271 4.3207 -4.9159 1.7761 10.7470 1.5688 0.8858
Car -1 -1 -2.0959 859.3439 185.2086 1242.0000 375.0000 1.4708 1.6338 4.2221 3.4557 1.6045 5.6720 -1.5726 0.8811
Car -1 -1 -1.7700 700.4952 178.8809 781.2466 234.7934 1.4998 1.6023 4.0099 3.8003 1.6993 21.8168 -1.6006 0.8574
Car -1 -1 -1.7875 728.9713 179.4845 836.6707 257.9617 1.5305 1.5527 3.6423 3.6949 1.6965 16.2002 -1.5681 0.8324
Car -1 -1 1.7676 480.8416 177.3765 534.5847 214.5568 1.4941 1.6018 3.7970 -4.4243 1.7035 31.4055 1.6283 0.7330
Car -1 -1 2.2018 0.0000 209.1131 228.9350 375.0000 1.4564 1.5645 3.8349 -4.7236 1.8354 5.5797 1.5224 0.7196
Car -1 -1 -2.3297 11.7845 180.9128 151.5325 228.3684 1.3963 1.5105 3.5666 -16.6020 1.6618 22.6620 -2.9565 0.6282
Car -1 -1 -1.6877 695.2727 176.2476 748.7342 217.2441 1.4294 1.5514 3.7653 4.1361 1.5675 27.3754 -1.5400 0.4790
