Pedestrian -1 -1 -1.0350 143.4274 163.4225 276.2567 374.0000 1.8083 0.5794 0.9774 -3.3691 1.6671 6.1651 -1.5241 0.9067
Pedestrian -1 -1 -2.1021 889.7895 153.2659 948.7414 248.9985 1.6013 0.6636 0.6983 5.4344 1.1303 12.4022 -1.7021 0.9034
Pedestrian -1 -1 -0.6572 78.0528 158.1943 222.6029 338.2276 1.8224 0.8040 1.0856 -4.9859 1.5879 7.9187 -1.2103 0.8741
Pedestrian -1 -1 -1.7650 0.0000 153.7318 108.4113 374.0000 1.7554 0.7174 1.0267 -4.9477 1.5368 6.2975 -2.4170 0.7191
Pedestrian -1 -1 -1.7157 859.2160 130.6769 956.9508 345.1606 1.7474 0.6315 1.0290 2.6532 1.3347 6.4218 -1.3439 0.6415
Pedestrian -1 -1 -1.2691 282.7874 181.1486 376.7730 374.0000 1.8011 0.6119 0.8642 -2.6218 1.7993 6.8764 -1.6275 0.3830
Pedestrian -1 -1 -1.7218 486.4174 166.6013 505.9792 214.6168 1.8206 0.6613 0.5816 -4.0673 1.2567 27.6099 -1.8719 0.3520
Pedestrian -1 -1 1.4202 474.4506 160.7498 493.4399 207.5297 1.9071 0.6235 1.0517 -4.9089 1.0621 29.8787 1.2537 0.2813
Cyclist -1 -1 -1.6811 546.0335 176.3054 570.1802 223.1988 1.7385 0.7109 1.8809 -1.7000 1.5469 27.6166 -1.7473 0.3889
Cyclist -1 -1 -1.8263 713.1028 175.7284 749.6255 245.5329 1.5813 0.4172 1.7190 3.0454 1.4518 17.1445 -1.6585 0.2745
Cyclist -1 -1 -1.3502 28.1885 159.0506 152.1107 360.4042 1.7804 0.7394 1.1749 -4.9979 1.5833 7.0325 -1.9567 0.1657
Cyclist -1 -1 -1.7177 860.3959 130.5605 958.0465 344.9136 1.7444 0.6291 1.0175 2.6585 1.3313 6.4096 -1.3445 0.1145
Car -1 -1 -1.7062 679.7052 160.6500 744.8531 219.8219 1.8512 1.6370 3.8510 3.6538 1.2000 24.4008 -1.5642 0.8385
