Pedestrian -1 -1 1.9784 1050.0439 162.0796 1101.0642 255.6527 1.7474 0.6279 0.6424 8.9244 1.5466 13.9125 2.5386 0.5480
Pedestrian -1 -1 2.8237 528.4371 175.5990 542.0870 198.9449 1.7736 0.4808 0.9376 -5.7568 1.9860 55.3207 2.7201 0.5208
Pedestrian -1 -1 0.7179 320.6365 190.2181 352.7168 255.3356 1.6416 0.5244 0.5756 -7.1367 2.1008 18.7180 0.3577 0.2218
Pedestrian -1 -1 -2.1172 873.7186 166.9096 923.7616 261.1693 1.7342 0.6566 0.6050 5.3947 1.6252 13.6278 -1.7485 0.2176
Pedestrian -1 -1 1.2285 585.4726 139.0298 607.9259 180.5534 1.8084 0.6122 1.2531 -0.6397 0.3357 32.1161 1.2086 0.1198
Cyclist -1 -1 2.6621 528.3950 175.5186 542.4829 199.1204 1.7944 0.5035 0.9517 -5.7539 2.0012 55.4323 2.5588 0.1901
Cyclist -1 -1 1.2285 585.4726 139.0298 607.9259 180.5534 1.8084 0.6122 1.2531 -0.6397 0.3357 32.1161 1.2086 0.1680
Car -1 -1 1.2855 632.0035 166.9635 717.4399 226.2400 1.8199 1.7148 4.2735 2.0318 1.6394 24.4153 1.3669 0.9116
Car -1 -1 1.6632 411.4640 185.1434 471.7275 233.4819 1.4526 1.6458 4.0575 -5.7631 1.9128 24.8777 1.4373 0.8858
Car -1 -1 1.6635 446.7492 184.7986 488.3445 220.8574 1.5022 1.5465 3.6020 -6.5340 2.0826 33.1650 1.4700 0.6045
Car -1 -1 1.6505 538.7280 176.1575 564.1260 196.2609 1.4803 1.6396 4.1129 -4.5245 1.7459 55.8615 1.5696 0.2539
