Pedestrian -1 -1 3.3810 29.3720 194.7304 55.0268 233.4894 1.7942 0.6788 0.8234 -27.1171 2.8527 34.4180 2.7173 0.4315
Car -1 -1 2.1215 0.0000 207.2587 282.2578 363.4418 1.4386 1.5499 3.7535 -5.9254 1.9744 9.3490 1.5689 0.9098
Car -1 -1 1.9051 244.2053 195.4908 398.4800 281.9240 1.4449 1.6792 4.3214 -5.9746 1.9967 15.3896 1.5399 0.8936
Car -1 -1 1.8152 380.2089 188.6799 467.1795 244.0849 1.5003 1.6662 4.2970 -5.8338 2.0505 22.9151 1.5680 0.8832
Car -1 -1 -1.7552 699.6912 179.4074 800.5356 250.4293 1.4565 1.5847 4.0813 3.1525 1.6318 17.2181 -1.5780 0.8697
Car -1 -1 2.4522 1043.0015 134.9124 1242.0000 239.4833 1.4976 1.5857 3.6815 8.9605 0.9546 11.1710 3.1155 0.8249
Car -1 -1 2.5886 909.3148 154.9845 1121.6119 227.7377 1.5358 1.6456 3.8670 8.9273 1.1590 16.1593 3.0853 0.7723
Car -1 -1 1.7850 434.9220 187.2310 493.0011 229.7810 1.5198 1.5540 3.4968 -5.7861 2.1276 28.7207 1.5874 0.7719
Car -1 -1 -1.7093 681.1143 175.7311 752.0293 231.3849 1.5740 1.6226 4.0434 3.1982 1.6726 22.6346 -1.5715 0.7711
Car -1 -1 -0.5971 991.8880 138.0013 1242.0000 223.4252 1.5113 1.6053 3.7638 9.4376 0.8951 13.5666 0.0006 0.7615
Car -1 -1 1.4373 660.6150 177.3770 707.3742 213.5690 1.5096 1.5841 3.8114 3.2333 1.7258 32.5083 1.5349 0.6583
Car -1 -1 1.7465 478.8561 185.7083 523.6474 218.0985 1.5342 1.6278 4.1395 -5.6894 2.2475 37.9242 1.5980 0.6459
Car -1 -1 -0.3956 836.5274 160.6539 1016.6470 219.3392 1.4695 1.6184 4.0032 8.1366 1.1644 18.8847 0.0052 0.6238
Car -1 -1 -1.9464 806.3770 134.7964 902.7803 188.3515 1.7182 1.6895 4.3693 8.4164 0.4976 25.3775 -1.6296 0.4363
Car -1 -1 1.8096 518.3940 180.1358 552.3716 202.1357 1.5098 1.5800 4.0087 -5.4638 2.0661 52.9933 1.7069 0.4360
