Pedestrian -1 -1 0.3872 988.3411 137.3233 1067.1205 265.7314 1.7015 0.4522 0.8330 5.8229 1.1311 9.8316 0.9097 0.1684
Pedestrian -1 -1 -2.1009 0.0000 188.5843 10.3857 221.4604 1.6796 0.5501 0.7721 -31.4428 2.1051 36.6953 -2.8036 0.1547
Pedestrian -1 -1 -1.5720 998.5360 152.6904 1017.7033 220.7693 1.6926 0.4161 1.4206 10.3877 1.0028 18.2950 -1.0613 0.1484
Pedestrian -1 -1 -0.0542 563.4075 168.5855 575.2126 195.5517 1.7260 0.5125 0.7332 -2.3022 0.9647 45.5429 -0.1027 0.1419
Pedestrian -1 -1 -1.8162 29.5354 198.7356 64.7612 262.3520 1.7517 0.6534 0.6578 -15.9641 2.2859 20.1871 -2.4764 0.1393
Pedestrian -1 -1 -1.5800 790.4315 161.8540 803.2783 196.5454 1.8279 0.6527 0.6895 10.2063 0.8468 37.6650 -1.3158 0.1188
Pedestrian -1 -1 0.6684 875.9109 155.1572 909.1045 192.9771 1.7504 0.5663 1.4050 13.5836 0.5789 33.4690 1.0524 0.1155
Cyclist -1 -1 -1.7742 989.6526 153.5850 1023.6182 222.0708 1.6875 0.4088 1.7301 10.3419 1.0259 18.3032 -1.2656 0.4412
Cyclist -1 -1 1.0978 877.1138 155.8895 907.3973 194.2656 1.7651 0.5507 1.8259 13.5555 0.6346 33.4490 1.4813 0.3825
Car -1 -1 1.1974 435.6217 172.9919 511.1164 212.2399 1.5508 1.6942 4.3736 -5.7266 1.2557 30.2373 1.0139 0.8445
Car -1 -1 -0.8392 0.0000 204.3248 307.5847 370.0000 1.4583 1.5719 3.8264 -3.1419 1.6409 3.4239 -1.5352 0.6611
Car -1 -1 1.2141 409.6963 181.5907 452.5168 205.1249 1.4788 1.5365 3.7361 -11.4917 1.5550 46.5831 0.9754 0.1147
