Pedestrian -1 -1 1.1039 709.5281 178.6687 731.6638 217.7062 1.7525 0.6576 0.9200 5.0276 2.0239 33.0900 1.2527 0.4519
Pedestrian -1 -1 -1.2557 129.4024 147.2466 154.7061 196.6966 1.8778 0.6815 0.5416 -18.0322 0.9057 27.7448 -1.8277 0.3145
Cyclist -1 -1 1.2943 709.2961 175.9400 730.8909 213.5234 1.6870 0.5884 1.5170 5.0318 1.8332 33.3040 1.4423 0.2734
Car -1 -1 -1.6789 660.8106 178.2853 724.1298 226.2839 1.4478 1.6438 4.2361 2.6469 1.6475 24.3609 -1.5727 0.9126
Car -1 -1 -2.5824 30.8371 177.2672 353.2115 283.7277 1.4628 1.6160 3.9758 -6.2091 1.5354 10.8958 -3.0903 0.7601
Car -1 -1 -2.7898 231.5529 173.5032 445.4694 245.4738 1.5519 1.6542 4.2413 -6.0989 1.5678 16.3994 -3.1411 0.7232
Car -1 -1 0.7268 0.0000 174.1513 274.0509 320.6417 1.5310 1.6453 4.1002 -6.4558 1.5486 8.5716 0.0960 0.6105
Car -1 -1 0.5442 309.6980 178.6324 459.3207 233.4515 1.4925 1.6061 3.9261 -6.6287 1.6724 21.1594 0.2437 0.4748
Car -1 -1 3.3815 242.3832 178.2093 409.7255 240.0135 1.4888 1.5897 3.7365 -7.2432 1.6347 18.5821 3.0142 0.4598
Car -1 -1 0.1954 390.3199 174.5958 501.9703 218.0311 1.4867 1.5548 3.6270 -5.7909 1.5508 25.5832 -0.0255 0.4358
Car -1 -1 3.4206 318.1512 171.5619 444.5793 218.5344 1.4658 1.5645 3.6064 -7.3695 1.4258 23.3385 3.1176 0.4319
Car -1 -1 0.2387 458.8254 172.6028 537.5924 201.4803 1.4991 1.5971 3.8771 -5.9542 1.4864 38.4145 0.0856 0.3813
Car -1 -1 -1.6868 719.8879 175.0318 768.5019 213.5606 1.5137 1.5774 3.7080 5.5601 1.6117 30.4586 -1.5085 0.3757
Car -1 -1 1.1598 709.0497 176.8585 730.7309 215.7222 1.7513 0.6512 0.9665 5.0079 1.9388 33.1763 1.3077 0.1017
