Pedestrian -1 -1 -2.3245 0.0000 149.2842 66.6780 320.1785 1.7489 0.6673 0.5590 -6.4363 1.5081 7.7510 -3.0008 0.4332
Pedestrian -1 -1 -0.9261 861.5865 158.3033 888.9478 207.7756 1.7707 0.6943 0.6342 9.6190 1.2503 26.2865 -0.5792 0.3618
Pedestrian -1 -1 -1.3386 168.3241 138.1925 212.9059 230.8970 1.7693 0.6443 0.5463 -8.2501 1.1082 14.1219 -1.8594 0.2022
Pedestrian -1 -1 0.4903 975.6305 161.9314 1045.8557 285.7087 1.7751 0.5974 0.7277 5.9474 1.6188 10.8134 0.9809 0.2007
Car -1 -1 -1.7606 691.6287 186.0769 790.0041 258.7210 1.5131 1.6338 3.7789 3.0202 1.8715 17.6290 -1.5947 0.9446
Car -1 -1 -1.7327 670.9289 182.7888 742.1710 236.9707 1.5198 1.6143 3.8139 2.9237 1.8619 22.8814 -1.6081 0.8284
Car -1 -1 1.5910 523.8961 180.7244 559.9082 215.3262 1.5389 1.6455 4.0928 -3.3134 1.9456 35.1456 1.4971 0.7387
Car -1 -1 1.8470 632.6593 180.0549 665.7636 200.3993 1.4883 1.5589 3.9968 3.0797 2.0734 56.4426 1.9008 0.3454
Car -1 -1 -1.6940 652.3282 162.5992 718.8639 224.3711 2.3239 2.0492 5.4280 2.9655 1.9384 29.8811 -1.5968 0.3207
Car -1 -1 -1.8268 621.5394 182.3229 666.7488 211.8425 1.5545 1.6328 3.9573 1.8719 2.1265 41.4504 -1.7826 0.3192
