Pedestrian -1 -1 -0.1894 1186.4327 100.3210 1242.0000 321.7540 1.7939 0.7385 0.5537 5.4108 1.2066 6.2993 0.4973 0.6994
Pedestrian -1 -1 3.2720 43.5008 176.1223 102.9135 310.2072 1.7386 0.6971 0.5567 -7.3389 1.7854 9.8138 2.6426 0.3320
Pedestrian -1 -1 1.5508 344.9042 171.3227 367.9462 236.6663 1.7910 0.5946 0.8887 -7.1855 1.7494 20.2941 1.2141 0.3257
Pedestrian -1 -1 0.0538 514.1276 174.4774 527.2209 200.6207 1.7860 0.4729 0.8693 -6.1665 1.8985 49.5882 -0.0696 0.2753
Pedestrian -1 -1 -2.1781 751.5001 179.7176 785.1290 243.1236 1.7764 0.7277 0.6050 4.4970 1.9779 20.7225 -1.9683 0.2137
Pedestrian -1 -1 -0.7260 226.0114 177.9516 254.8744 218.9131 1.7238 0.6777 0.8758 -15.9270 1.9471 31.0250 -1.1971 0.2011
Cyclist -1 -1 1.5918 340.2375 171.6316 364.5560 237.3787 1.7974 0.6217 1.0500 -7.2925 1.7643 20.3185 1.2509 0.1845
Cyclist -1 -1 -0.7582 225.0444 178.1043 255.1522 219.1769 1.7259 0.6902 0.9326 -15.9348 1.9560 31.0135 -1.2297 0.1043
Car -1 -1 -1.5187 583.3202 177.7350 620.1158 211.0279 1.4730 1.5681 3.5260 -0.3879 1.7171 34.2395 -1.5306 0.6569
Car -1 -1 -1.5109 539.5757 178.2772 571.5439 205.5634 1.4663 1.6049 3.9142 -3.1240 1.7935 41.5225 -1.5860 0.5609
Car -1 -1 1.6924 542.6229 167.4780 564.3149 184.3845 1.5759 1.5994 4.0507 -5.4183 1.0752 69.3124 1.6145 0.2727
