Pedestrian -1 -1 1.5535 567.1478 164.6627 604.8196 253.2914 1.8003 0.7657 0.7159 -0.3688 1.4595 14.9641 1.5238 0.9418
Pedestrian -1 -1 -2.3065 850.5078 146.6147 1003.5499 372.6512 1.7380 0.6763 1.0047 2.6804 1.4712 6.1076 -1.9144 0.9292
Pedestrian -1 -1 -0.1187 612.7213 161.6609 644.7856 238.3512 1.8237 0.7208 0.6927 0.6228 1.3531 17.4691 -0.0890 0.8480
Pedestrian -1 -1 -1.8338 749.8682 163.2753 771.5677 208.4969 1.7942 0.6999 0.6561 6.3738 1.0721 28.8433 -1.6233 0.6856
Pedestrian -1 -1 -0.7851 1113.9595 97.3605 1238.0000 374.0000 1.7690 0.5402 0.9283 3.6220 1.3107 4.2436 -0.1141 0.4983
Pedestrian -1 -1 -0.1223 774.3870 166.1809 842.0503 290.6853 1.7113 0.4707 0.8622 2.8678 1.5020 10.1640 0.1403 0.4390
Pedestrian -1 -1 1.1516 110.3833 167.3258 229.1901 292.5110 1.7147 0.8327 1.8655 -6.4994 1.5219 10.7133 0.6114 0.1378
Cyclist -1 -1 1.1441 112.9162 175.1817 231.1752 297.1155 1.6653 0.8108 1.8627 -6.4412 1.5804 10.6719 0.6061 0.4494
Car -1 -1 1.8639 398.5576 147.4293 556.8942 273.0934 2.0829 1.7885 4.7513 -2.2690 1.5194 14.3775 1.7046 0.8514
Car -1 -1 1.7591 505.7870 153.0794 597.5298 236.6717 2.1569 1.7798 5.0650 -1.3412 1.4247 21.1533 1.6912 0.5325
Car -1 -1 -1.5839 685.6058 164.4344 710.5366 187.7795 1.5342 1.6133 3.9370 6.6026 0.4134 49.2528 -1.4562 0.4495
