Pedestrian -1 -1 -0.0331 420.8405 183.0421 432.6950 208.6664 1.7505 0.6407 0.7759 -12.7375 2.4632 50.0337 -0.2816 0.2147
Pedestrian -1 -1 0.6929 915.0698 160.2087 950.5420 198.4339 1.7507 0.5800 1.4884 15.0877 1.1719 33.8385 1.1088 0.1190
Cyclist -1 -1 0.7542 915.3027 160.8538 950.7327 199.3006 1.7579 0.6074 1.5033 15.0790 1.2096 33.7990 1.1704 0.2012
Cyclist -1 -1 1.0611 916.0761 180.2796 943.4067 213.5794 1.7203 0.6182 1.6131 17.0007 2.1252 38.4766 1.4737 0.1946
Car -1 -1 2.0054 116.4720 182.7493 298.1782 276.0693 1.7260 1.7598 4.4978 -8.7613 1.9790 16.1246 1.5142 0.9192
Car -1 -1 1.9200 370.1721 186.2877 438.6597 223.6475 1.5516 1.7084 4.2884 -9.5578 2.2214 33.7499 1.6456 0.7167
Car -1 -1 1.7908 434.0611 184.4233 472.0317 210.1431 1.5273 1.6147 3.6997 -10.0699 2.3009 46.3679 1.5777 0.6292
Car -1 -1 1.6714 282.0973 183.8385 316.8482 210.8344 1.5814 1.6381 4.0855 -19.8820 2.3192 46.2442 1.2671 0.3250
Car -1 -1 -2.4456 1092.3580 52.4946 1242.0000 375.0000 2.0793 1.7781 4.4627 5.0412 1.7818 4.0264 -1.5849 0.2793
Car -1 -1 1.1435 0.0000 0.0000 846.7739 375.0000 1.4785 1.5890 3.9345 0.6092 0.9658 1.6384 1.4465 0.2475
Car -1 -1 1.5353 506.9018 176.7838 528.7912 196.6842 1.5047 1.5858 3.9083 -7.3862 1.8290 57.4217 1.4076 0.2203
Car -1 -1 1.6478 479.1299 182.4347 513.6602 210.2361 1.4687 1.6516 4.2978 -6.5701 2.0540 41.8433 1.4925 0.1811
