Pedestrian -1 -1 -0.8355 157.6985 180.0731 193.9850 229.8277 1.7985 0.7026 0.9422 -16.1395 2.0720 26.7640 -1.3740 0.5843
Pedestrian -1 -1 0.2240 421.5038 169.2166 450.4833 222.2553 1.7839 0.5150 0.8652 -5.9554 1.6619 24.5280 -0.0122 0.4587
Pedestrian -1 -1 2.3626 654.0571 161.6776 683.0442 214.7872 1.8086 0.6439 0.7753 1.9897 1.4284 25.0651 2.4403 0.3994
Pedestrian -1 -1 0.1648 351.0269 177.5255 364.5544 202.0385 1.7411 0.5655 0.8341 -18.1073 2.0786 51.7285 -0.1706 0.3858
Pedestrian -1 -1 -2.7472 664.5313 164.8005 698.2045 214.9971 1.7889 0.6679 1.0435 2.5541 1.5022 26.2512 -2.6519 0.2580
Cyclist -1 -1 -2.5317 658.1486 162.8314 713.4263 219.6479 1.7892 0.5322 1.8099 2.4095 1.4740 23.5114 -2.4315 0.5975
Cyclist -1 -1 -2.7472 664.5313 164.8005 698.2045 214.9971 1.7889 0.6679 1.0435 2.5541 1.5022 26.2512 -2.6519 0.1251
Car -1 -1 -1.4233 438.8808 175.9264 535.0195 253.5283 1.6392 1.6917 4.0532 -2.8878 1.7225 17.4387 -1.5857 0.9536
Car -1 -1 1.9139 267.7621 186.4929 346.0056 228.1703 1.5467 1.6891 4.2528 -12.6781 2.1619 30.3574 1.5210 0.8646
Car -1 -1 2.2323 0.0000 196.6489 135.8463 327.5916 1.5562 1.6628 4.1145 -9.6876 2.0016 11.4110 1.5398 0.8262
Car -1 -1 1.7932 420.5883 180.0109 462.1935 208.9464 1.7076 1.6802 4.1970 -10.6564 2.1824 45.7228 1.5651 0.4593
Car -1 -1 -1.4801 585.5889 176.1425 615.2890 200.6487 1.5036 1.5836 3.8940 -0.6129 1.7265 46.8091 -1.4936 0.4566
