Pedestrian -1 -1 -1.1282 993.5001 167.2347 1094.6481 357.3086 1.6897 0.5585 0.7681 4.0956 1.5310 6.8350 -0.6065 0.2366
Car -1 -1 -1.4312 442.8636 180.7243 525.7084 243.7719 1.5730 1.6777 4.3494 -3.3752 1.4621 20.1262 -1.5956 0.9565
Car -1 -1 -1.3310 378.1692 182.9380 439.2037 220.5985 1.4966 1.6340 3.7860 -8.3959 1.4072 30.4777 -1.5979 0.9223
Car -1 -1 -1.1785 226.1835 181.3202 359.2123 254.0701 1.6444 1.6812 3.9362 -7.8502 1.5575 18.2207 -1.5804 0.9215
Car -1 -1 -1.6089 559.0675 179.5658 611.8894 228.7927 1.5753 1.6712 3.7128 -0.8784 1.3956 24.9130 -1.6442 0.8668
Car -1 -1 -1.4771 494.6783 181.2157 537.1382 216.2102 1.5334 1.6159 3.6880 -4.2420 1.3593 33.3643 -1.6030 0.8009
Car -1 -1 -1.1048 0.0000 188.2759 356.7126 376.0000 1.5284 1.5703 4.0068 -3.1390 1.5594 4.9574 -1.6453 0.7510
Car -1 -1 1.8259 340.9939 177.5720 393.4701 209.4639 1.6230 1.6917 4.0985 -12.8963 1.2352 38.6799 1.5058 0.6045
Car -1 -1 -1.7928 511.8241 156.5704 548.8452 183.2935 1.6523 1.6080 3.7278 -5.0984 -0.1293 46.7588 -1.9009 0.4286
Car -1 -1 -1.0929 198.6862 180.4815 300.3399 225.6649 1.4722 1.5773 3.9074 -12.5577 1.3191 25.3890 -1.5483 0.3150
Car -1 -1 -1.5185 407.1019 185.9765 443.3665 217.3730 1.5220 1.6076 3.7964 -9.3654 1.5644 36.9601 -1.7654 0.2976
Car -1 -1 -1.5021 442.8354 176.8499 474.1326 202.8588 1.4924 1.5805 3.8799 -8.9682 1.0135 43.2722 -1.7056 0.2539
