Pedestrian -1 -1 1.5652 804.6385 134.7133 825.2963 192.7980 1.7971 0.6170 0.5581 6.3906 0.6174 22.6718 1.8365 0.3573
Pedestrian -1 -1 -3.1112 1017.1462 148.4830 1032.6833 191.3956 1.9063 0.7201 0.5889 18.6586 0.8240 32.5113 -2.5942 0.2285
Pedestrian -1 -1 1.9555 859.1581 126.0310 889.9126 183.0921 1.8173 0.5662 1.1296 8.6081 0.3264 23.5869 2.3015 0.1842
Pedestrian -1 -1 -0.4023 752.3285 175.6506 775.9682 224.7163 1.7355 0.6605 0.6203 5.4955 1.8379 25.9468 -0.1966 0.1835
Pedestrian -1 -1 -3.4620 1086.9652 179.9572 1161.6383 313.0635 1.6984 0.6140 0.6431 6.7913 1.7974 9.6286 -2.8630 0.1514
Pedestrian -1 -1 1.2086 630.7800 173.4974 647.7064 201.7015 1.8061 0.6023 1.5159 1.8688 1.8492 47.0546 1.2475 0.1465
Cyclist -1 -1 1.3312 631.8890 174.7702 646.7851 203.4247 1.8225 0.5635 1.7575 1.8687 1.9499 46.9285 1.3702 0.5818
Cyclist -1 -1 1.4476 862.5717 126.8154 886.1566 182.2977 1.7645 0.5582 1.3338 8.6115 0.3007 23.6564 1.7928 0.2552
Car -1 -1 2.9818 566.6642 181.3726 631.8729 206.2500 1.5203 1.6356 3.9477 -0.7371 2.0777 46.0312 2.9653 0.3163
Car -1 -1 1.7789 394.9589 193.8381 426.4899 214.3302 1.4910 1.6489 4.2316 -16.2957 3.2727 59.0857 1.5105 0.3007
Car -1 -1 1.6109 480.3955 181.0018 512.5604 210.7876 1.5086 1.5906 4.0743 -6.2530 1.9825 39.8144 1.4557 0.2110
Car -1 -1 -0.8490 893.9481 176.7752 1066.9663 264.7184 1.5214 1.4296 2.8520 7.0142 1.6032 13.7876 -0.3877 0.1703
