Pedestrian -1 -1 1.8869 354.2278 167.1511 392.3334 237.5497 1.7986 0.6815 0.9631 -6.1018 1.4591 18.5421 1.5758 0.7840
Pedestrian -1 -1 2.3244 169.9649 143.9317 336.1666 370.0000 1.9071 0.7660 1.2144 -3.2987 1.6017 6.6268 1.8830 0.7795
Pedestrian -1 -1 0.9096 866.3188 98.5765 969.8076 296.0319 1.7618 0.4898 0.8325 2.9235 1.0325 6.7700 1.3028 0.3529
Pedestrian -1 -1 0.8424 687.3448 129.6954 730.7248 208.1763 1.8518 0.6284 0.8638 2.4895 0.6546 17.2119 0.9857 0.3196
Pedestrian -1 -1 0.0689 400.6408 167.4842 421.7987 212.6961 1.7541 0.5610 0.7638 -7.6331 1.2507 27.7763 -0.1946 0.2699
Pedestrian -1 -1 0.5931 1044.2969 88.2739 1224.0000 370.0000 1.8814 0.7886 0.8730 3.0874 1.4395 3.9408 1.2216 0.2220
Cyclist -1 -1 1.6932 517.9029 166.8994 529.9718 196.1153 1.7473 0.5190 1.7584 -4.9462 0.9353 43.1638 1.5817 0.3865
Cyclist -1 -1 2.3915 157.8223 146.8306 325.4496 370.0000 1.8783 0.6940 1.2304 -3.3593 1.6019 6.5342 1.9377 0.2838
Car -1 -1 -1.6023 584.1083 156.4613 635.0700 214.1770 1.9573 1.7309 4.3416 0.0686 1.1436 26.1664 -1.5979 0.8924
Car -1 -1 -1.6688 568.6245 163.1478 615.7454 201.9632 1.5883 1.6618 4.2073 -0.6504 0.8797 31.1127 -1.6876 0.4166
Car -1 -1 1.6067 434.2648 173.5841 457.2059 194.0249 1.5343 1.5968 3.9208 -12.3769 1.0165 55.1408 1.3888 0.2011
