Pedestrian -1 -1 -2.1272 891.7465 155.0647 960.1537 259.8009 1.7690 0.6595 1.0207 5.5064 1.4689 12.7400 -1.7284 0.8013
Pedestrian -1 -1 -2.2103 891.5869 115.3577 938.1149 206.2974 1.8614 0.6622 0.6155 6.3428 0.6849 15.1460 -1.8207 0.1921
Pedestrian -1 -1 -1.9378 698.3976 164.2719 730.0607 212.6104 1.7812 0.6244 1.6833 3.9098 1.4653 27.4751 -1.7985 0.1631
Pedestrian -1 -1 2.5571 798.8053 162.0020 834.2480 207.9960 1.7444 0.6387 1.1547 7.9246 1.3332 27.8437 2.8312 0.1585
Pedestrian -1 -1 -2.2037 823.2693 154.1989 851.1622 202.2937 1.7905 0.6925 0.7577 8.5596 1.0964 27.3309 -1.9036 0.1407
Pedestrian -1 -1 -1.4325 678.8994 168.4787 693.0467 200.1567 1.8258 0.6456 1.3704 4.4288 1.5740 42.3266 -1.3294 0.1296
Cyclist -1 -1 -1.8642 699.5101 164.1108 728.5956 213.2136 1.8073 0.6072 1.7548 3.9019 1.4858 27.4676 -1.7251 0.8341
Cyclist -1 -1 -1.5835 681.8593 169.2798 692.4612 200.8103 1.8104 0.5915 1.7451 4.4855 1.6055 42.3211 -1.4791 0.2481
Cyclist -1 -1 2.5292 795.0768 160.9847 836.4803 206.5443 1.7248 0.6351 1.4339 7.8992 1.2758 27.8513 2.8024 0.1693
Cyclist -1 -1 -2.1064 888.0597 155.4352 956.7742 259.6615 1.7662 0.6631 1.0578 5.4664 1.4714 12.7947 -1.7116 0.1332
Car -1 -1 -1.4643 527.4716 161.5787 572.6383 197.8062 1.5085 1.6108 3.6383 -2.6329 1.0394 31.8805 -1.5464 0.1292
