Pedestrian -1 -1 -1.9172 12.9987 159.6830 130.7477 344.0161 1.6900 0.6640 0.9433 -5.3016 1.4914 7.1229 -2.5455 0.8712
Pedestrian -1 -1 2.3370 454.6480 179.9411 537.8314 299.6868 1.7535 0.8009 1.0148 -1.6679 1.7320 11.1619 2.1861 0.8606
Pedestrian -1 -1 -1.7784 773.1351 161.0351 809.7863 236.6762 1.7300 0.6420 0.9486 4.4272 1.2631 16.9129 -1.5315 0.7336
Pedestrian -1 -1 -1.0856 842.8958 163.6693 891.2128 254.4744 1.6864 0.6801 0.5811 5.0569 1.3566 13.7853 -0.7455 0.7277
Pedestrian -1 -1 -1.7798 586.7040 169.1542 615.3718 232.8659 1.8328 0.6481 0.9915 -0.0489 1.4788 21.2157 -1.7874 0.7262
Pedestrian -1 -1 1.9604 495.4284 172.3847 537.2397 256.5834 1.7906 0.6819 0.7402 -1.8918 1.5980 15.7203 1.8370 0.6975
Pedestrian -1 -1 -2.8601 386.8208 182.9018 437.8051 276.6182 1.5555 0.4476 0.7408 -3.2362 1.5809 12.1585 -3.1206 0.6852
Pedestrian -1 -1 1.5850 693.3558 164.0995 711.5004 214.0252 1.9174 0.6912 0.9237 3.9333 1.2502 28.0932 1.7176 0.5864
Pedestrian -1 -1 2.9615 558.8763 170.3431 578.5910 207.3874 1.8566 0.5559 0.9101 -1.6651 1.2983 36.3739 2.9110 0.5770
Pedestrian -1 -1 1.8969 568.0308 170.0123 592.7008 221.0637 1.8001 0.6465 0.8709 -0.7745 1.3961 25.8369 1.8621 0.5491
Pedestrian -1 -1 -1.3712 606.8829 172.3942 624.5708 212.4673 1.7646 0.6241 0.9353 0.6316 1.3646 32.1531 -1.3568 0.4574
Pedestrian -1 -1 -1.5549 633.1471 170.4975 645.9265 210.0694 1.7553 0.5663 0.8199 1.7034 1.2682 32.2871 -1.5077 0.4219
Pedestrian -1 -1 -1.0620 147.1060 161.6340 246.7370 283.4763 1.6777 0.5451 1.6749 -6.0277 1.4054 10.7261 -1.5692 0.1308
Cyclist -1 -1 -1.0620 147.1060 161.6340 246.7370 283.4763 1.6777 0.5451 1.6749 -6.0277 1.4054 10.7261 -1.5692 0.4714
Cyclist -1 -1 -2.8499 387.2315 183.1610 441.5110 277.7334 1.5694 0.4521 0.7946 -3.2028 1.5994 12.1658 -3.1078 0.1393
Car -1 -1 -2.2456 860.4989 0.0000 1238.0000 374.0000 2.0015 1.7266 4.1823 2.5409 1.4593 2.7771 -1.5561 0.4354
