Pedestrian -1 -1 0.3846 1023.1293 157.6158 1058.3519 217.3180 1.7251 0.4852 0.7681 12.6657 1.2852 21.2986 0.9147 0.1881
Pedestrian -1 -1 -0.2772 746.6807 155.7892 764.0294 193.2975 1.8079 0.5712 0.6959 7.0275 0.9857 35.0877 -0.0815 0.1863
Pedestrian -1 -1 -3.4431 917.6067 166.9374 959.5943 244.9077 1.6888 0.5291 0.7155 7.1968 1.5610 15.9293 -3.0263 0.1800
Cyclist -1 -1 -1.5691 718.5564 172.4895 732.2297 211.9494 1.7756 0.6084 1.8673 5.3058 1.7596 33.4350 -1.4137 0.6301
Car -1 -1 -1.8150 792.3463 180.1092 964.2043 291.1512 1.4197 1.5824 3.7750 3.9633 1.5545 11.4220 -1.4899 0.9214
Car -1 -1 1.4151 737.6332 178.6389 828.8632 252.0951 1.5656 1.5556 3.7149 4.0524 1.7222 17.5805 1.6371 0.8820
Car -1 -1 1.8140 585.0391 175.1022 634.6251 209.8479 1.7881 1.7474 4.3012 0.0197 1.9194 39.7246 1.8139 0.8663
Car -1 -1 -2.0881 258.8093 176.7299 377.2444 232.5239 1.4707 1.5624 3.7256 -8.6028 1.5935 21.0306 -2.4723 0.3072
Car -1 -1 1.7949 626.2711 177.4038 662.8236 201.9596 1.4982 1.5535 3.8734 2.2547 1.8072 46.8632 1.8422 0.2811
Car -1 -1 1.5789 681.9218 178.2398 700.8706 196.5198 1.5107 1.5904 3.9834 7.0885 1.9962 62.9206 1.6902 0.2400
Car -1 -1 0.5854 0.0000 0.0000 1242.0000 375.0000 1.4838 1.6053 3.8443 3.1180 1.4535 1.4341 1.6495 0.2314
