Pedestrian -1 -1 0.9780 718.0714 164.3738 748.9621 212.0096 1.7754 0.5912 1.1981 4.6656 1.4597 27.5561 1.1434 0.1658
Pedestrian -1 -1 -2.6113 831.0289 143.9297 882.2873 232.2894 1.7301 0.5917 0.7936 4.9438 1.1641 14.6187 -2.2918 0.1360
Pedestrian -1 -1 0.1140 1028.1956 127.9317 1092.4928 180.9819 1.6781 0.8319 1.7107 14.7248 0.2575 23.6762 0.6650 0.1016
Cyclist -1 -1 3.2952 148.0076 182.8354 184.0089 213.9026 1.6765 0.5152 1.6336 -24.5399 2.2357 39.8421 2.7459 0.3811
Cyclist -1 -1 -0.1564 1029.4235 129.6305 1100.6108 182.0816 1.6586 0.8273 1.8548 14.7734 0.2921 23.5540 0.3984 0.3341
Cyclist -1 -1 2.0542 352.8013 184.6094 370.5859 207.8590 1.6184 0.5363 1.5793 -17.8719 2.4773 51.8748 1.7236 0.2504
Cyclist -1 -1 -0.7065 1173.6334 168.8132 1242.0000 226.0047 1.7336 0.5908 1.7016 18.3574 1.6115 22.1828 -0.0221 0.2195
Cyclist -1 -1 1.0062 716.8995 165.5818 749.1512 210.8286 1.6888 0.5724 1.3672 4.6637 1.4177 27.6696 1.1709 0.1641
Cyclist -1 -1 0.8301 845.7520 134.5611 906.8072 224.6257 1.6587 0.5241 1.0514 5.0529 0.9538 13.8721 1.1723 0.1036
Car -1 -1 -1.4917 591.9224 175.1450 627.9207 205.5007 1.5816 1.6718 4.2794 0.0119 1.7164 40.1222 -1.4919 0.8049
Car -1 -1 1.7703 439.8507 179.3048 466.5449 197.5091 1.5216 1.5661 3.8583 -13.8114 2.1081 63.6199 1.5571 0.2085
Car -1 -1 -0.0236 742.9739 145.0338 841.4805 183.0335 1.5111 1.5837 3.8544 7.4531 0.4052 29.8812 0.2185 0.1568
Car -1 -1 -2.2480 1007.3098 186.4781 1123.1685 231.8143 1.4805 1.5521 3.8328 16.6962 2.0239 26.7587 -1.6957 0.1282
