Pedestrian -1 -1 0.2651 280.7224 164.7807 311.6043 219.4557 1.7312 0.4645 0.8145 -10.1020 1.4759 23.1316 -0.1427 0.4071
Pedestrian -1 -1 3.1008 358.8128 178.1750 408.4456 231.7117 1.6928 0.6177 1.5169 -7.4101 1.8703 23.4675 2.7977 0.1879
Pedestrian -1 -1 -2.5400 633.0660 176.4867 671.0854 248.4220 1.7228 0.5920 0.7287 0.9883 1.8150 17.7803 -2.4864 0.1505
Cyclist -1 -1 3.1619 354.9772 179.2831 409.4453 233.0565 1.6995 0.6474 1.6684 -7.4416 1.9139 23.4757 2.8576 0.3970
Car -1 -1 -1.0685 1016.2379 158.6286 1240.9020 256.3132 1.5445 1.6539 3.8909 9.3170 1.3199 13.0074 -0.4579 0.9081
Car -1 -1 2.5780 800.3522 151.7790 970.5109 224.0885 2.0008 1.7580 4.4453 8.0305 1.4180 21.2813 2.9337 0.8203
Car -1 -1 2.9656 10.6424 170.8579 281.2785 257.3459 1.4930 1.6984 4.3740 -9.2529 1.4589 14.5490 2.4072 0.7909
Car -1 -1 2.1893 1156.3097 153.9629 1242.0000 203.5673 1.5458 1.6088 3.7823 20.1912 0.9575 23.7359 2.8880 0.4951
Car -1 -1 -0.2508 453.8619 178.0483 540.0187 210.5110 1.4871 1.6263 3.8506 -5.5287 1.7506 35.0409 -0.4066 0.2030
Car -1 -1 3.0238 518.0803 175.8966 639.2781 221.0118 1.5083 1.6445 4.0970 -1.1878 1.6207 25.4206 2.9769 0.1384
