Pedestrian -1 -1 0.7505 995.8414 142.3268 1167.8535 358.0431 1.6661 0.7568 0.9515 3.9901 1.3649 6.1039 1.3045 0.8810
Pedestrian -1 -1 0.7946 246.4819 143.1755 295.0528 237.8853 1.7217 0.6099 0.5581 -6.2220 1.0263 13.4402 0.3633 0.7481
Pedestrian -1 -1 1.6342 537.3351 160.2081 551.9318 202.6613 1.8493 0.6003 0.7385 -2.5139 0.9228 31.6648 1.5506 0.6035
Pedestrian -1 -1 -1.7234 775.1591 152.0922 816.0666 243.6015 1.7118 0.6635 0.6185 3.6750 1.1630 13.7751 -1.4726 0.5053
Pedestrian -1 -1 0.8231 430.7626 161.7460 461.4259 217.7132 1.8631 0.5517 0.9003 -5.3005 1.2066 24.3933 0.6062 0.4348
Pedestrian -1 -1 1.2530 620.3195 162.8435 633.7191 193.6544 1.9607 0.5681 1.0175 1.6522 0.7742 46.2785 1.2836 0.3691
Pedestrian -1 -1 -0.1884 708.2725 157.2531 727.1852 193.1469 1.8170 0.5648 0.8590 5.9250 0.5904 36.6567 -0.0342 0.3147
Pedestrian -1 -1 -1.1412 542.6039 161.3068 561.6968 199.7922 1.8623 0.6879 0.7474 -2.4226 0.8861 35.2284 -1.2143 0.3005
Pedestrian -1 -1 -1.3501 484.2106 174.1176 502.3317 213.3696 1.8165 0.7294 0.5843 -5.0607 1.4758 33.5563 -1.5037 0.2656
Pedestrian -1 -1 0.9115 192.5448 150.3144 246.8115 246.9221 1.7120 0.6644 0.5757 -7.0227 1.1606 13.1484 0.4239 0.2199
Pedestrian -1 -1 1.4537 475.4397 165.5336 496.3587 217.6070 1.8028 0.6067 1.0602 -4.1243 1.2511 25.4604 1.2896 0.2113
Cyclist -1 -1 1.4537 475.4397 165.5336 496.3587 217.6070 1.8028 0.6067 1.0602 -4.1243 1.2511 25.4604 1.2896 0.1512
Car -1 -1 1.6532 535.8683 171.4630 607.5813 230.2546 1.5059 1.7171 4.2583 -0.7757 1.2500 20.5582 1.6107 0.8747
