Pedestrian -1 -1 2.2829 651.1254 180.8926 675.9328 223.6786 1.7153 0.6236 0.8337 2.1581 2.0515 29.6322 2.3541 0.4220
Pedestrian -1 -1 -2.2982 435.4304 183.9449 461.8811 225.4137 1.6554 0.5428 0.9817 -6.6576 2.1182 29.5778 -2.5182 0.3811
Pedestrian -1 -1 1.3194 470.9501 173.3804 484.1961 201.9381 1.9027 0.6929 0.8297 -8.9548 1.9389 48.6121 1.1378 0.2416
Pedestrian -1 -1 -1.5508 250.0015 151.1221 268.0477 200.2887 1.8672 0.6113 0.6994 -13.5831 1.0423 27.8448 -2.0011 0.1482
Pedestrian -1 -1 1.6392 5.5267 220.0587 44.8033 307.2837 1.7071 0.5948 0.4949 -12.1157 2.7065 14.8949 0.9649 0.1182
Pedestrian -1 -1 -1.6313 1065.7562 139.8896 1097.8849 213.5728 1.7713 0.6186 0.6380 11.5646 0.9792 17.7721 -1.0622 0.1056
Cyclist -1 -1 -1.9888 436.0518 184.2545 460.3472 225.5239 1.6354 0.5123 1.2411 -6.6859 2.1138 29.6003 -2.2096 0.3060
Cyclist -1 -1 -1.1976 653.0285 181.8735 676.0578 224.5180 1.7022 0.6452 0.9423 2.2006 2.0796 29.6006 -1.1249 0.2014
Cyclist -1 -1 0.7575 935.1724 132.4967 995.6608 195.7007 1.7051 0.5795 1.5436 9.9209 0.6167 20.2868 1.2066 0.1367
Cyclist -1 -1 -3.3378 981.2374 141.8135 1060.4363 205.6860 1.7052 0.7187 1.7864 11.2374 0.8769 19.8763 -2.8297 0.1078
Car -1 -1 -1.7437 465.1439 168.2628 490.0206 185.0304 1.5493 1.6433 4.1563 -12.6917 1.1254 68.9007 -1.9254 0.1188
Car -1 -1 2.2695 645.2176 179.8576 672.5322 223.2417 1.7388 0.6635 0.9544 1.9708 2.0328 29.6753 2.3344 0.1005
