Pedestrian -1 -1 -1.3991 978.8016 170.9982 995.2991 208.8121 1.7750 0.5922 0.6710 17.8941 1.6882 34.3125 -0.9224 0.1374
Pedestrian -1 -1 1.8709 1160.9225 143.2668 1204.7584 204.7702 1.7032 0.5930 1.4390 16.3410 0.8842 20.6331 2.5337 0.1252
Cyclist -1 -1 1.2628 1160.2911 143.2032 1204.8610 205.3771 1.7134 0.5846 1.4212 16.3178 0.8966 20.6497 1.9246 0.1887
Car -1 -1 2.0289 169.4713 179.0039 255.4788 225.0048 2.0451 1.8055 4.5733 -19.1936 2.3637 35.0164 1.5304 0.8728
Car -1 -1 1.5692 583.3416 173.0418 603.9805 192.1447 1.5158 1.6390 3.9734 -1.3721 1.5321 59.2978 1.5458 0.2934
Car -1 -1 1.3642 927.2793 191.9783 962.4988 213.0295 1.4424 1.6654 3.9257 25.6131 2.9655 55.3486 1.7950 0.2074
Car -1 -1 1.1869 818.6268 179.0769 863.3260 201.7666 1.5821 1.6541 4.3338 17.1161 2.0652 53.7529 1.4931 0.2066
Car -1 -1 0.8307 1012.3331 129.8894 1133.3917 176.6026 1.6483 1.6393 3.9455 17.4773 0.1326 27.5437 1.3915 0.1600
Car -1 -1 -0.6035 1172.0708 203.0685 1242.0000 243.9461 1.4800 1.6441 3.6581 24.7731 2.7211 28.6191 0.1041 0.1353
Car -1 -1 1.7761 869.6471 183.4159 911.8046 211.9007 1.5191 1.5594 3.7789 16.3331 2.1634 41.9782 2.1443 0.1264
