Car -1 -1 -1.1373 28.6833 194.2622 392.3884 376.0000 1.5419 1.6274 3.8487 -3.6259 1.6599 7.3452 -1.5819 0.9411
Car -1 -1 -1.3477 406.7839 185.4567 504.2480 254.6788 1.5268 1.5897 3.4831 -3.6620 1.5344 17.6218 -1.5500 0.9319
Car -1 -1 -1.7978 696.4201 190.0185 803.3344 262.5438 1.4049 1.5365 3.4735 2.9755 1.5243 15.9259 -1.6168 0.9257
Car -1 -1 -1.3912 468.4521 184.8963 533.2692 230.1233 1.5169 1.6200 4.1093 -3.8429 1.5073 26.1883 -1.5359 0.8900
Car -1 -1 -1.2664 359.5796 183.5350 431.3290 224.8453 1.5027 1.6476 3.6686 -8.2170 1.4427 27.9972 -1.5497 0.8699
Car -1 -1 -1.4526 499.2137 183.7892 538.7802 215.7505 1.5558 1.5808 3.7679 -4.5328 1.4875 36.8759 -1.5745 0.8254
Car -1 -1 -1.6746 648.2585 183.9193 692.3846 217.3522 1.4815 1.6377 4.1232 2.8572 1.4251 33.9282 -1.5918 0.7566
Car -1 -1 2.0100 200.4740 189.6766 350.6107 259.8600 1.4663 1.5841 4.3210 -7.8966 1.5894 17.4676 1.5909 0.7230
Car -1 -1 -1.6068 588.5275 182.7884 612.2268 203.6528 1.4771 1.5978 3.7967 -0.5914 1.3064 52.8216 -1.6184 0.6784
Car -1 -1 -1.6372 528.1036 183.8408 553.7472 206.1924 1.4575 1.4960 3.4926 -4.5796 1.3690 48.7144 -1.7309 0.4184
