Pedestrian -1 -1 1.8767 559.2564 167.9921 604.8411 243.6791 1.7554 0.6460 1.6591 -0.7090 1.6430 17.6169 1.8362 0.1100
Cyclist -1 -1 1.6580 566.3307 168.0836 597.7419 244.7650 1.7765 0.6165 1.8085 -0.7132 1.6664 17.6314 1.6172 0.8654
Cyclist -1 -1 -1.8842 783.3039 184.6198 1075.2684 375.0000 1.5574 1.4387 2.6810 2.4458 1.6824 6.2768 -1.5299 0.1037
Car -1 -1 1.7605 447.8648 173.8354 547.2965 245.0078 1.6207 1.7577 4.1752 -2.8070 1.6493 18.6084 1.6121 0.9140
Car -1 -1 -2.5790 30.9169 171.9794 341.3791 265.1155 1.4722 1.6509 4.3862 -7.1410 1.4587 12.3292 -3.0950 0.8985
Car -1 -1 -1.7317 714.3734 184.4365 856.7480 302.8902 1.4865 1.5282 3.3861 2.4827 1.6932 11.1206 -1.5189 0.8749
Car -1 -1 -1.8545 788.2610 189.9420 1067.8193 375.0000 1.5400 1.3938 2.7289 2.4519 1.7232 6.3065 -1.5010 0.7813
Car -1 -1 -1.4319 510.8030 179.1466 569.8699 226.0892 1.5632 1.6354 3.8977 -2.5280 1.8123 26.5393 -1.5266 0.7215
Car -1 -1 1.5391 645.2092 177.4356 674.4285 203.9205 1.4929 1.6129 4.1670 2.9282 1.7829 43.5081 1.6053 0.5963
Car -1 -1 -1.6542 639.5366 168.2829 662.5272 187.3584 1.5741 1.6164 4.0943 3.4492 1.1973 61.6089 -1.5988 0.1915
Car -1 -1 1.7268 549.8898 173.6108 577.0783 193.2351 1.5414 1.6121 4.0199 -3.7854 1.6058 58.9076 1.6626 0.1892
