Pedestrian -1 -1 -2.2399 1212.9338 117.9522 1242.0000 186.6661 1.8710 0.7394 0.5918 17.2454 0.3765 19.9535 -1.5342 0.3594
Pedestrian -1 -1 1.9980 1020.0606 148.0155 1112.2954 282.6960 1.7763 0.7475 1.0215 6.3385 1.4491 10.1100 2.5444 0.2866
Pedestrian -1 -1 -2.0368 679.3065 174.5812 695.8618 205.9958 1.8402 0.7436 0.6912 4.5630 1.9440 42.7672 -1.9318 0.1918
Pedestrian -1 -1 -0.4652 929.1698 160.1978 1031.3673 296.9798 1.7755 0.6793 1.0249 4.9057 1.6116 9.7080 -0.0104 0.1817
Pedestrian -1 -1 -2.2109 0.0000 163.5581 54.1996 283.8195 1.7911 0.7351 0.7328 -9.3248 1.6530 11.1895 -2.8941 0.1595
Car -1 -1 1.9549 56.3657 165.6271 436.4286 375.0000 1.7327 1.7002 4.3374 -3.1551 1.6819 7.2872 1.5584 0.9273
Car -1 -1 -1.3852 410.9665 185.6268 520.7717 267.7682 1.4337 1.5498 3.8062 -2.9203 1.7349 15.0890 -1.5740 0.8705
Car -1 -1 1.4988 637.5222 180.1079 680.6617 215.7030 1.4390 1.6069 3.9703 2.0759 1.7808 31.9707 1.5624 0.8217
Car -1 -1 1.6960 547.9882 169.1871 582.3388 200.2254 2.0891 1.8614 4.5952 -3.1396 1.8427 50.9146 1.6343 0.7204
Car -1 -1 -1.5971 635.2637 171.1358 660.3708 195.5173 1.6302 1.6312 4.0422 2.5709 1.5157 50.2816 -1.5467 0.1718
Car -1 -1 1.5573 515.3157 178.8736 540.7369 203.2000 1.4963 1.5926 3.8791 -5.4449 1.9091 47.4072 1.4431 0.1491
