Pedestrian -1 -1 1.0959 928.5317 166.4158 1026.3474 319.1704 1.6553 0.7168 0.7391 4.1987 1.4932 8.1575 1.5527 0.9079
Pedestrian -1 -1 2.3990 0.0000 189.5465 111.5497 374.0000 1.6995 0.6320 0.6415 -5.0169 1.7777 6.4815 1.7533 0.8436
Pedestrian -1 -1 1.7690 408.8932 172.1377 453.9522 268.7831 1.7634 0.6644 0.9207 -3.2391 1.5939 13.5768 1.5334 0.8134
Pedestrian -1 -1 -1.0647 257.2436 180.1832 307.9441 267.9163 1.7803 0.7289 0.6758 -6.6608 1.7548 14.9425 -1.4831 0.7225
Pedestrian -1 -1 -2.4161 423.2118 177.7488 464.2000 245.7585 1.7856 0.7125 0.8113 -4.2810 1.6883 19.3654 -2.6363 0.6985
Pedestrian -1 -1 -1.1225 678.4692 181.9126 708.8074 228.8222 1.6564 0.7482 0.9661 3.3175 1.6727 25.9805 -1.0021 0.6887
Pedestrian -1 -1 -1.2052 515.2420 180.5225 543.0923 237.7129 1.6918 0.5538 0.9141 -2.2104 1.6641 21.7605 -1.3106 0.5929
Pedestrian -1 -1 -1.3210 624.1631 178.2010 643.1213 220.8544 1.7495 0.6223 0.7697 1.3291 1.6152 29.9189 -1.2822 0.5187
Pedestrian -1 -1 -3.0997 644.7921 179.0322 658.7507 204.4073 1.8419 0.5248 0.9987 3.6943 1.6633 52.4520 -3.0348 0.5091
Pedestrian -1 -1 3.0744 571.9097 182.6919 598.1844 226.6789 1.7376 0.7323 1.0018 -0.6809 1.7871 28.8085 3.0457 0.3811
Cyclist -1 -1 -1.1708 603.9324 182.6174 628.3279 216.1781 1.7295 0.6440 1.8183 0.7858 1.7910 38.0410 -1.1555 0.6415
Cyclist -1 -1 -1.2578 516.0969 179.3192 543.2243 237.5906 1.7195 0.5508 0.9660 -2.1912 1.6563 21.7242 -1.3625 0.1744
Cyclist -1 -1 -0.1325 644.2792 179.2108 659.4542 204.5065 1.8370 0.5140 1.0442 3.6972 1.6714 52.4564 -0.0676 0.1500
Cyclist -1 -1 3.0744 571.9097 182.6919 598.1844 226.6789 1.7376 0.7323 1.0018 -0.6809 1.7871 28.8085 3.0457 0.1287
Cyclist -1 -1 -1.2302 678.1775 181.5623 707.5445 229.3822 1.6884 0.7704 0.9979 3.2906 1.6917 25.9794 -1.1108 0.1071
