Pedestrian -1 -1 1.6831 1133.5576 121.3356 1182.7451 230.9920 1.6702 0.5523 0.7103 8.7860 0.7551 11.3866 2.3242 0.6370
Pedestrian -1 -1 -1.0550 322.6799 169.4590 372.1762 264.3466 1.6898 0.6439 0.5973 -4.6797 1.4766 13.1398 -1.3964 0.4699
Pedestrian -1 -1 -1.7585 457.6924 180.2340 510.9400 281.6701 1.7332 0.6864 1.4538 -2.1933 1.7129 13.0724 -1.9273 0.3506
Pedestrian -1 -1 -0.1606 1168.0652 123.8173 1235.0293 240.9869 1.6675 0.5811 0.6665 8.8253 0.8479 10.6376 0.5149 0.2869
Pedestrian -1 -1 -1.7071 522.5476 171.6391 544.2465 219.9617 1.8042 0.7302 0.6766 -2.6033 1.4370 27.2311 -1.8067 0.2197
Pedestrian -1 -1 -1.0677 311.6164 169.2654 364.1426 263.7108 1.7762 0.6948 0.7218 -5.1348 1.5473 13.9154 -1.4207 0.2003
Cyclist -1 -1 -1.8054 454.9644 182.3170 513.1016 283.2884 1.7145 0.6794 1.5998 -2.2029 1.7316 13.0776 -1.9749 0.5415
Cyclist -1 -1 0.4732 446.8717 181.5594 530.6805 258.2000 1.6668 0.7403 1.7236 -2.5781 1.6694 16.2379 0.3127 0.2332
Car -1 -1 -1.8936 741.0086 147.1428 963.0985 312.2999 1.8603 1.6360 3.9361 3.1729 1.4747 10.0812 -1.6018 0.9293
Car -1 -1 -1.7688 643.7611 175.9997 702.1594 215.3120 1.4629 1.5447 3.9397 2.7708 1.2593 28.7697 -1.6788 0.2651
Car -1 -1 -1.4512 522.7877 168.7520 563.7808 200.1499 1.5047 1.6266 3.9823 -2.9011 0.8947 36.4425 -1.5350 0.2251
