Pedestrian -1 -1 1.4108 496.5728 145.0603 571.4617 331.7593 1.8628 0.6489 0.9960 -0.8365 1.5109 7.6147 1.3077 0.9025
Pedestrian -1 -1 -0.3601 877.6799 161.9406 930.1169 237.5234 1.8648 0.6482 1.0515 7.4688 1.4085 17.7809 0.0328 0.8467
Pedestrian -1 -1 1.2781 703.9575 134.7367 801.3360 327.8829 1.8599 0.7100 1.0327 1.4530 1.4209 7.3539 1.4671 0.8407
Pedestrian -1 -1 0.9224 900.3550 132.8819 1034.0251 341.2199 1.8209 0.6740 0.9658 3.3525 1.4064 6.7154 1.3687 0.8380
Pedestrian -1 -1 1.3503 486.5877 137.0383 537.7010 240.3815 1.8498 0.7436 1.0306 -1.7985 1.0735 13.2623 1.2208 0.8256
Pedestrian -1 -1 1.1482 547.6746 133.5420 642.0049 310.1906 1.9361 0.7471 1.0552 -0.1912 1.4231 8.3812 1.1281 0.8034
Pedestrian -1 -1 0.9997 648.7226 137.7751 737.6682 284.2592 1.8092 0.7540 0.9747 1.0992 1.2832 9.3314 1.1151 0.7748
Pedestrian -1 -1 0.3078 284.9123 145.0471 349.0368 241.6917 1.6720 0.5977 0.9153 -5.1467 1.0603 12.5576 -0.0701 0.7698
Pedestrian -1 -1 1.3315 785.6438 134.6053 880.1127 324.6281 1.8030 0.7016 0.9109 2.2319 1.3692 7.1768 1.6226 0.6610
Pedestrian -1 -1 0.9529 237.9326 136.5426 308.3528 253.0318 1.8148 0.6780 0.8442 -5.4482 1.1316 11.5147 0.5238 0.6406
Pedestrian -1 -1 0.8302 995.4210 130.7227 1120.3557 326.6961 1.7405 0.5931 0.8293 4.2376 1.3001 6.7395 1.3726 0.5678
Cyclist -1 -1 1.0334 646.4108 131.6808 734.3575 283.3233 1.8591 0.7504 0.9665 1.0525 1.2623 9.2586 1.1449 0.2436
Cyclist -1 -1 1.3680 503.8891 138.1810 592.4133 324.9527 1.8899 0.7548 1.1400 -0.7056 1.4633 7.8029 1.2833 0.1114
Cyclist -1 -1 1.2832 701.4026 133.5315 801.2978 324.9772 1.8411 0.7326 1.0630 1.4388 1.3911 7.3600 1.4703 0.1108
Cyclist -1 -1 1.2224 557.7362 140.2057 645.3109 300.5420 1.8210 0.7740 0.9858 -0.1118 1.3651 8.6229 1.2118 0.1047
