Pedestrian -1 -1 1.4002 995.1554 121.1255 1048.3406 251.3035 1.6710 0.4993 0.6809 5.4465 1.0074 9.6621 1.9004 0.4728
Pedestrian -1 -1 0.3114 0.0000 177.4575 70.6271 333.1156 1.7467 0.6510 0.7699 -7.0302 1.8045 8.5607 -0.3611 0.2600
Car -1 -1 2.0114 25.2943 201.7464 362.3057 375.0000 1.5180 1.6996 4.1580 -4.4945 1.9450 8.5466 1.5392 0.9325
Car -1 -1 -1.7768 693.0732 186.4487 802.0236 262.0825 1.4396 1.6107 3.9366 2.9385 1.7874 16.4416 -1.6041 0.9289
Car -1 -1 -1.9130 775.6413 179.1346 1068.4814 371.4716 1.5644 1.6119 3.6357 2.9529 1.6486 7.8073 -1.5651 0.9265
Car -1 -1 1.7832 399.7308 186.3187 494.3803 260.2395 1.7019 1.6291 4.1483 -4.3031 2.1039 19.4426 1.5675 0.9206
Car -1 -1 1.8740 301.6680 187.3940 444.1421 293.9943 1.7021 1.5547 3.5832 -4.4099 2.0167 13.7998 1.5693 0.8991
Car -1 -1 -1.7314 677.1450 183.7159 751.8914 238.9639 1.5014 1.6247 4.1940 3.1142 1.8733 22.5559 -1.5968 0.8259
Car -1 -1 -2.2266 989.4784 210.4471 1242.0000 375.0000 1.4817 1.5737 3.7858 2.6020 1.6981 2.1503 -1.4125 0.4392
Car -1 -1 1.5703 522.9249 187.7541 544.8057 209.6151 1.5035 1.5838 3.9677 -5.7778 2.6715 54.4828 1.4646 0.4204
