Pedestrian -1 -1 0.9353 988.7256 98.7024 1033.0427 180.4993 1.7879 0.5389 0.7268 8.9232 0.1675 16.1656 1.4324 0.2307
Pedestrian -1 -1 -2.0277 276.0999 145.4397 311.9047 218.0153 1.7969 0.5773 0.7153 -8.0703 1.1185 18.3129 -2.4377 0.1307
Pedestrian -1 -1 -1.8004 731.3315 158.9416 745.9354 192.8263 1.8163 0.5779 0.9450 6.9414 1.0709 39.1606 -1.6265 0.1218
Pedestrian -1 -1 0.4646 816.5190 151.1509 844.2755 207.0874 1.7772 0.5655 0.6792 7.0902 1.0880 23.3601 0.7554 0.1140
Pedestrian -1 -1 -0.4345 789.8539 177.2770 821.6970 234.9928 1.6960 0.5050 0.7772 5.8013 1.8305 21.5649 -0.1760 0.1138
Pedestrian -1 -1 -3.0626 854.7893 149.7362 879.5994 207.4979 1.7233 0.6340 0.6668 7.7808 1.0339 21.9483 -2.7264 0.1125
Pedestrian -1 -1 -1.5618 454.0007 170.4070 473.8824 224.3266 1.7865 0.6474 0.6727 -4.9600 1.7058 24.2957 -1.7616 0.1060
Pedestrian -1 -1 1.9360 757.1508 156.4630 780.9152 208.5412 1.7954 0.5996 0.7201 5.5431 1.2307 25.3377 2.1485 0.1054
Cyclist -1 -1 -0.8429 729.9280 166.9388 765.2266 205.2814 1.6974 0.5975 1.6958 6.2015 1.4359 32.6946 -0.6575 0.1088
Car -1 -1 -1.7170 644.3453 169.4864 712.0338 232.3667 2.0661 1.7424 4.6431 2.3142 1.9558 26.0742 -1.6303 0.9602
Car -1 -1 -1.9336 745.8533 187.0528 1023.0897 350.9370 1.5069 1.6470 4.5519 3.0765 1.7370 9.3518 -1.6264 0.9113
Car -1 -1 0.4170 355.1959 154.7195 481.5709 202.2059 1.4693 1.5664 3.6369 -6.2142 0.9085 23.3848 0.1598 0.4001
Car -1 -1 0.3955 407.7218 177.2805 475.0027 202.7627 1.4970 1.5825 3.6543 -10.2589 1.7730 43.8449 0.1667 0.1629
