Pedestrian -1 -1 -1.4852 371.9786 163.7701 391.4714 211.8694 1.8348 0.6414 0.9763 -8.9160 1.4886 28.0674 -1.7904 0.2121
Cyclist -1 -1 2.0653 475.6531 171.8815 498.7180 203.3934 1.7354 0.5540 1.6710 -6.9371 1.6822 40.6132 1.8968 0.1871
Car -1 -1 -1.4340 502.3503 177.9078 559.5553 223.7314 1.6647 1.7182 4.1036 -3.1113 1.8810 28.7442 -1.5415 0.9207
Car -1 -1 -1.8157 724.3736 176.0529 942.7729 326.6448 1.6298 1.7335 4.4403 2.7488 1.6849 10.1307 -1.5594 0.8997
Car -1 -1 -1.7677 692.6274 178.4455 804.7390 260.3483 1.5136 1.5978 3.7898 2.7847 1.6490 15.5059 -1.5943 0.8447
Car -1 -1 -1.6999 670.4170 178.8213 743.8730 235.0389 1.4727 1.5906 4.2761 2.7391 1.6686 21.4959 -1.5757 0.8320
Car -1 -1 -2.0835 849.3003 0.0000 1242.0000 375.0000 1.8524 1.7621 4.5675 2.9053 1.3080 4.2946 -1.5203 0.5411
Car -1 -1 -1.7201 644.6942 177.7878 683.9019 208.5410 1.5040 1.5328 3.4327 2.7498 1.7738 37.6236 -1.6483 0.5079
Car -1 -1 1.4498 659.6936 172.6912 713.6749 212.5817 1.5274 1.6789 4.3615 3.0473 1.5215 29.8228 1.5500 0.4068
Car -1 -1 -1.4848 633.4059 178.1992 662.8140 202.3961 1.5151 1.6199 4.1578 2.5609 1.8894 48.3064 -1.4326 0.3747
Car -1 -1 -1.5479 525.9368 180.5541 556.3612 210.1942 1.5034 1.5752 3.7563 -3.7671 1.9462 39.5274 -1.6428 0.2209
