Cyclist -1 -1 1.6635 980.9557 151.4648 1045.5547 251.3407 1.6138 0.8391 1.9344 7.0688 1.2686 12.6929 2.1614 0.2234
Car -1 -1 -1.9733 744.5384 149.2243 1032.7679 339.2827 1.8900 1.7073 4.5465 3.1841 1.6553 9.5131 -1.6608 0.9137
Car -1 -1 1.7722 352.1804 195.1067 469.2831 276.9933 1.4101 1.5964 4.3949 -4.2545 1.9693 15.8789 1.5138 0.8984
Car -1 -1 1.9005 162.3037 181.3199 413.4127 373.2973 1.7507 1.5511 3.5683 -3.5610 1.8729 8.5617 1.5163 0.8597
Car -1 -1 1.7413 476.7622 184.8909 525.5301 222.8487 1.7030 1.7152 4.1098 -5.3643 2.3346 35.7584 1.5929 0.8269
Car -1 -1 2.2313 0.0000 197.3710 285.3945 375.0000 1.4548 1.5763 3.8190 -3.4671 1.6564 3.9948 1.5487 0.7809
Car -1 -1 -2.3594 946.7009 197.1252 1242.0000 375.0000 1.5024 1.5881 3.8698 3.3574 1.6864 3.4737 -1.6336 0.6423
Car -1 -1 1.8527 501.1396 186.6319 546.6937 216.2400 1.6000 1.6384 4.0582 -5.1184 2.4645 43.1124 1.7347 0.4563
Car -1 -1 1.5869 528.2108 184.5935 550.3403 206.4094 1.5376 1.6214 4.0371 -5.4020 2.4694 55.1670 1.4893 0.2503
Car -1 -1 -1.5806 612.3422 181.2519 632.5017 201.6558 1.6355 1.6632 4.1033 1.0139 2.3765 61.5816 -1.5647 0.2436
