Pedestrian -1 -1 2.6514 460.3746 171.8574 495.1774 244.0374 1.7494 0.7473 0.5663 -3.1144 1.5169 17.8764 2.4760 0.8394
Pedestrian -1 -1 1.2464 716.5862 149.9314 765.1171 242.7929 1.7870 0.7711 0.6456 2.7077 1.1808 14.1961 1.4262 0.5621
Pedestrian -1 -1 0.4349 732.8467 150.2031 785.8917 238.7345 1.7752 0.6533 0.8867 3.2445 1.1489 14.9280 0.6400 0.2876
Pedestrian -1 -1 -3.2277 1064.1542 235.9681 1238.0000 374.0000 1.7044 0.7289 0.6163 2.7305 2.0227 3.7090 -2.6328 0.2380
Pedestrian -1 -1 3.0688 362.4996 177.5273 480.6734 288.5319 1.6131 0.7933 1.7127 -2.8280 1.5567 11.0840 2.8188 0.1370
Cyclist -1 -1 1.1429 801.2644 142.1951 862.0580 224.2256 1.7063 0.5233 1.8865 5.0247 0.8899 15.9083 1.4391 0.6823
Cyclist -1 -1 3.0705 363.7987 177.7382 487.9236 288.6381 1.6079 0.8053 1.8011 -2.7589 1.5547 11.0747 2.8261 0.6262
Cyclist -1 -1 0.9953 868.5534 151.3650 990.1000 266.9543 1.6759 0.7020 2.1129 5.1304 1.2403 11.5131 1.4008 0.2310
Cyclist -1 -1 1.1715 915.9594 132.2476 1007.9590 244.3514 1.7296 0.6392 1.9516 5.9534 0.9710 12.0696 1.6160 0.2060
Car -1 -1 3.0876 361.1582 177.3318 486.1095 288.2791 1.6108 0.8049 1.8100 -2.7878 1.5516 11.0788 2.8409 0.1025
