Pedestrian -1 -1 -2.0528 957.9301 156.1290 1006.5623 241.3108 1.7484 0.6446 0.7196 7.7664 1.4055 15.1724 -1.5881 0.5517
Pedestrian -1 -1 -2.2007 994.6530 156.9676 1058.5728 247.1439 1.7931 0.5889 1.1251 8.5529 1.4776 14.9381 -1.6898 0.4907
Pedestrian -1 -1 -1.6351 778.9222 170.2431 797.6139 212.7413 1.6874 0.6616 1.0854 7.1747 1.5841 29.2377 -1.3974 0.4513
Pedestrian -1 -1 0.3919 879.9642 186.9036 914.0599 239.9773 1.7477 0.6678 0.8948 9.7400 2.2379 24.6000 0.7639 0.2446
Cyclist -1 -1 -1.9249 920.5651 151.5144 999.7460 264.2242 1.8072 0.6073 1.8454 5.9687 1.4654 12.5107 -1.4896 0.9298
Cyclist -1 -1 -1.6303 778.8887 170.3773 797.4465 213.1180 1.6934 0.6521 1.2344 7.1728 1.5956 29.2500 -1.3927 0.3667
Cyclist -1 -1 -2.1740 986.0777 157.9045 1058.5448 245.5643 1.7478 0.6144 1.4125 8.5552 1.4501 15.1164 -1.6679 0.2543
Cyclist -1 -1 0.4583 881.3907 187.0299 914.9285 239.8815 1.7413 0.6509 0.8643 9.7772 2.2355 24.5969 0.8317 0.1016
Car -1 -1 1.1799 1020.9252 177.5333 1061.4390 195.6151 1.4973 1.6032 4.0414 37.5431 1.9197 62.9569 1.7153 0.3916
Car -1 -1 -1.9233 795.0526 178.5485 841.6755 203.8198 1.4990 1.5860 3.8602 13.0985 1.8755 45.6749 -1.6462 0.2563
Car -1 -1 1.3785 739.3536 181.6604 773.2393 204.3832 1.5022 1.6136 3.9842 10.3147 2.1524 51.2417 1.5755 0.2316
