Car -1 -1 1.9557 151.1362 167.2186 388.2703 328.3897 1.8045 1.5884 3.7514 -4.4463 1.7418 9.9711 1.5454 0.9241
Car -1 -1 -1.8191 719.2081 176.6092 875.7952 279.6710 1.4881 1.6492 3.8117 2.9859 1.5634 12.4775 -1.5906 0.9229
Car -1 -1 1.8182 337.0761 172.7863 465.1234 263.9295 1.6930 1.6484 4.0783 -4.3439 1.6921 15.4576 1.5480 0.9134
Car -1 -1 -1.7668 689.2723 173.6331 787.2892 240.4234 1.5170 1.6458 4.1856 3.1103 1.5396 18.5534 -1.6041 0.8208
Car -1 -1 2.2551 0.0000 202.1466 218.2995 375.0000 1.4722 1.6303 4.0050 -4.4359 1.7459 4.6940 1.5260 0.7825
Car -1 -1 -2.1717 883.7312 174.3820 1242.0000 375.0000 1.4803 1.5887 3.9998 2.9930 1.4933 3.9790 -1.5624 0.7129
Car -1 -1 1.4336 625.2681 171.4285 656.3403 195.0678 1.5068 1.5584 3.7184 1.9769 1.4163 47.9136 1.4742 0.3559
Car -1 -1 -1.7867 505.9484 175.1914 539.1096 197.0017 1.4476 1.5410 3.6629 -6.1607 1.6174 50.2965 -1.9083 0.3258
Car -1 -1 1.4607 649.0417 172.8355 692.7233 207.3710 1.5082 1.5709 4.0421 2.7314 1.5077 33.5510 1.5407 0.2668
Car -1 -1 1.2786 600.9204 167.8304 637.0880 189.6974 1.5968 1.6087 4.1797 0.6143 1.2303 54.9161 1.2894 0.2525
