Pedestrian -1 -1 -1.3156 169.7553 162.0935 280.6648 353.0863 1.6928 0.7211 0.9642 -3.6295 1.5222 6.9132 -1.7899 0.9180
Pedestrian -1 -1 -2.7472 622.4409 164.6790 682.0410 258.3141 1.8346 0.6325 1.0466 0.9955 1.5062 14.5857 -2.6858 0.8988
Pedestrian -1 -1 1.1904 717.7965 164.4758 764.8420 247.0953 1.8278 0.7263 1.0102 3.1554 1.4524 16.4560 1.3715 0.8955
Pedestrian -1 -1 -3.2893 1093.5199 148.6041 1188.5337 269.1726 1.7805 0.6254 1.0868 8.2857 1.2960 11.1322 -2.6659 0.8414
Pedestrian -1 -1 -1.8157 752.8983 174.8363 846.3541 374.0000 1.6000 0.5488 0.8749 1.6057 1.5488 6.1044 -1.5751 0.7974
Pedestrian -1 -1 -1.8941 849.1611 148.7278 976.7606 366.5824 1.6927 0.6832 1.0092 2.5496 1.4395 6.1004 -1.5192 0.7628
Pedestrian -1 -1 2.5073 1105.0955 148.8231 1196.2469 253.9585 1.7354 0.7087 1.0067 9.2725 1.1973 12.2091 3.1414 0.7609
Pedestrian -1 -1 -1.4555 438.9423 176.9442 461.5432 227.2098 1.7843 0.7019 0.9373 -5.4862 1.6236 25.9964 -1.6667 0.6753
Pedestrian -1 -1 3.3936 218.7601 172.8073 294.8843 295.6945 1.7397 0.5362 0.9002 -5.0723 1.6179 10.5164 2.9481 0.5638
Pedestrian -1 -1 -0.9415 357.0178 163.0251 376.9200 198.1373 1.8577 0.5585 0.9618 -12.5808 0.8811 38.5458 -1.2599 0.4965
Pedestrian -1 -1 2.3197 884.9326 161.3702 957.3646 238.2977 1.5538 0.5663 1.4422 6.6666 1.1485 15.0572 2.7249 0.1653
Cyclist -1 -1 2.3437 882.7899 161.0422 961.4284 238.0371 1.5510 0.5756 1.5771 6.6768 1.1401 15.0344 2.7500 0.7424
Cyclist -1 -1 -3.3000 1091.0862 148.0156 1186.5640 269.0032 1.7955 0.6894 1.0864 8.3070 1.2999 11.2085 -2.6786 0.1344
Cyclist -1 -1 -1.8244 746.7859 165.6585 841.6481 371.9758 1.6381 0.5560 0.8991 1.5726 1.5137 6.1557 -1.5905 0.1163
Cyclist -1 -1 -1.8955 849.3883 144.3947 975.4442 362.3787 1.7108 0.6743 1.0268 2.5727 1.4210 6.1646 -1.5209 0.1020
