Pedestrian -1 -1 -0.0098 243.5710 169.7769 257.5883 195.7722 1.7998 0.5726 0.8717 -25.1399 1.5871 50.4062 -0.4705 0.1617
Pedestrian -1 -1 -1.5242 1208.7393 150.6332 1242.0000 244.4217 1.8018 0.6454 0.7374 12.3016 1.3753 14.3487 -0.8259 0.1273
Pedestrian -1 -1 -0.7787 199.6269 169.0198 241.7596 232.1877 1.7220 0.6951 0.7683 -10.9064 1.6179 20.1373 -1.2698 0.1095
Pedestrian -1 -1 -1.3159 199.2722 175.7032 215.5881 210.1881 1.8148 0.5880 0.7541 -21.5023 1.9689 38.4803 -1.8227 0.1079
Car -1 -1 -1.1883 151.8302 181.5803 419.6065 342.1378 1.5405 1.6296 3.8946 -3.7752 1.6743 9.0810 -1.5728 0.9419
Car -1 -1 -1.5178 484.8702 178.9902 517.0599 207.2936 1.5063 1.6174 3.8858 -6.2284 1.8749 41.2815 -1.6671 0.7146
Car -1 -1 -1.5435 570.4612 176.2016 598.6727 202.0799 1.4860 1.6119 4.0126 -1.5433 1.6996 43.9622 -1.5788 0.6333
Car -1 -1 1.6077 420.6437 176.4591 443.5562 196.1189 1.4928 1.6304 4.0514 -14.2226 1.7923 57.7207 1.3668 0.2273
Car -1 -1 -1.0814 206.6156 173.1374 326.1648 228.1550 1.5013 1.5924 3.8663 -10.2159 1.5110 21.6798 -1.5173 0.1163
Car -1 -1 -0.6146 210.7084 169.5190 273.4892 192.7929 1.5725 1.5718 3.7055 -25.8535 1.3475 50.7536 -1.0838 0.1083
Car -1 -1 1.4292 707.5379 185.8362 742.6959 212.6754 1.5261 1.6153 3.8556 7.0744 2.3682 44.8384 1.5840 0.1042
