Car -1 -1 -1.6995 557.6506 179.8448 641.4323 249.0162 1.6048 1.6662 3.8623 -0.3632 1.4813 18.7071 -1.7191 0.9490
Car -1 -1 -1.2859 179.0303 190.0071 332.0399 277.7696 1.4862 1.6496 4.0649 -6.9463 1.5985 14.5377 -1.7248 0.9359
Car -1 -1 -1.3777 293.1020 184.5905 375.4019 235.1127 1.4536 1.6210 4.4007 -8.6554 1.4367 22.9817 -1.7344 0.9004
Car -1 -1 -1.5532 458.5206 180.9929 509.9774 228.0774 1.5374 1.6652 3.4496 -4.3513 1.4006 25.2985 -1.7222 0.8848
Car -1 -1 -1.0499 0.0000 196.6256 203.0967 368.3727 1.4262 1.5531 3.6770 -6.2670 1.5870 8.1387 -1.6904 0.8555
Car -1 -1 -1.4057 367.1660 180.9353 417.1469 213.9517 1.4954 1.6422 4.1690 -10.3728 1.3026 34.7239 -1.6942 0.7950
Car -1 -1 -1.3161 256.1019 168.5137 318.7555 210.0503 1.7753 1.6775 3.8671 -14.5462 1.0626 32.7627 -1.7311 0.7880
Car -1 -1 2.1094 0.0000 157.5995 134.9345 260.2266 1.6128 1.7246 4.8532 -11.3153 1.1799 13.8151 1.4327 0.4570
Car -1 -1 -1.3960 454.0323 182.5633 501.5215 216.2313 1.5126 1.5817 3.8100 -6.1545 1.3946 34.1992 -1.5731 0.4405
Car -1 -1 -1.3088 187.3214 183.7612 277.3759 234.2924 1.5033 1.6082 3.9947 -12.1849 1.4611 23.5037 -1.7827 0.4026
