Pedestrian -1 -1 1.9841 0.0000 126.6295 39.5188 220.8798 1.7113 0.4794 0.7315 -11.2018 0.8724 13.5147 1.3017 0.3056
Cyclist -1 -1 1.9841 0.0000 126.6295 39.5188 220.8798 1.7113 0.4794 0.7315 -11.2018 0.8724 13.5147 1.3017 0.1056
Car -1 -1 -0.3673 691.8864 169.4830 898.3490 246.0540 1.5343 1.6377 3.9792 3.8536 1.4672 15.5239 -0.1291 0.9062
Car -1 -1 0.3568 106.4007 170.9147 333.4574 246.8044 1.5881 1.6686 4.1609 -8.6304 1.5478 16.1863 -0.1265 0.8355
Car -1 -1 3.6827 0.0000 185.1432 230.7539 307.1255 1.5309 1.6428 3.9231 -7.8541 1.7235 10.2691 3.0421 0.8172
Car -1 -1 -0.2354 638.4693 167.1199 749.1143 210.8399 1.5304 1.6138 3.7268 2.9657 1.3301 26.2878 -0.1249 0.8076
Car -1 -1 3.4786 189.4772 180.8783 362.8410 241.4844 1.4658 1.5932 3.7534 -8.5688 1.6844 18.6616 3.0532 0.7474
Car -1 -1 3.3608 301.6186 171.7096 419.8890 214.5590 1.5225 1.6078 3.8699 -9.1660 1.4822 26.6453 3.0322 0.7361
Car -1 -1 3.7933 0.0000 194.7160 165.5968 350.1882 1.4384 1.6058 3.9798 -7.4438 1.7082 7.9170 3.0555 0.6801
Car -1 -1 0.4182 232.4325 181.0247 388.0602 233.8319 1.4933 1.6102 3.9803 -8.9129 1.7473 21.5326 0.0297 0.5150
Car -1 -1 -0.1420 625.7300 167.0701 728.8094 206.4989 1.5152 1.6184 3.8783 2.5775 1.2933 28.6374 -0.0536 0.4298
Car -1 -1 -1.3539 874.2059 159.4810 914.1187 184.3512 1.5403 1.6238 3.8516 18.4082 0.7124 46.7377 -0.9810 0.3626
Car -1 -1 3.3380 314.9077 162.4869 415.3680 197.8116 1.4924 1.6001 3.9183 -10.6668 1.0548 31.5234 3.0141 0.3186
