Pedestrian -1 -1 -2.8571 856.2592 200.5294 877.3191 242.8656 1.8226 0.6935 0.7222 11.4198 3.0768 32.1952 -2.5202 0.2266
Pedestrian -1 -1 -1.7671 719.1824 191.2819 739.7811 239.0819 1.7810 0.6372 0.7622 4.5188 2.4958 27.5771 -1.6074 0.2016
Pedestrian -1 -1 1.8378 335.3315 141.0368 408.6666 287.3432 1.7908 0.6441 1.0619 -3.1195 1.4017 9.3744 1.5242 0.1598
Pedestrian -1 -1 0.6214 881.6725 178.1234 915.9793 223.3419 1.8458 0.7703 1.0917 12.0718 2.0721 30.2727 0.9968 0.1584
Pedestrian -1 -1 -2.7731 574.7975 191.5365 587.7366 216.4573 1.8066 0.6236 0.7847 -2.1507 3.1996 53.3591 -2.8139 0.1337
Pedestrian -1 -1 -1.3841 1173.4976 196.9370 1217.9595 272.7290 1.7618 0.6004 1.5292 14.5401 2.3859 17.9585 -0.7124 0.1237
Pedestrian -1 -1 -0.5430 978.2021 185.4036 1011.1637 244.0763 1.7754 0.5145 0.7354 11.8012 2.1673 22.2292 -0.0613 0.1190
Cyclist -1 -1 -1.6009 1179.8833 196.8584 1213.1943 273.5609 1.7697 0.5751 1.7236 14.6039 2.3992 18.0470 -0.9295 0.2764
Cyclist -1 -1 1.8629 330.1113 145.6146 410.0080 295.4561 1.8063 0.6497 1.2221 -3.1181 1.4783 9.3138 1.5475 0.1155
Car -1 -1 1.6672 535.3411 198.8975 577.5552 238.8663 1.6074 1.6017 3.5543 -2.4486 2.8691 33.1483 1.5931 0.7736
