Car -1 -1 -1.3505 380.6157 178.9709 481.1623 250.0641 1.5989 1.6550 3.7247 -4.3534 1.4596 18.0366 -1.5843 0.9170
Car -1 -1 -1.0936 0.0000 175.4691 367.8568 376.0000 1.5209 1.6187 3.9910 -3.7825 1.4568 6.8178 -1.5837 0.9030
Car -1 -1 -1.6499 575.5880 172.4795 652.2164 240.1676 1.5875 1.6893 3.5345 0.0241 1.2899 18.6830 -1.6490 0.8766
Car -1 -1 -1.3923 464.3596 181.7071 517.4934 219.0944 1.4517 1.5525 3.5866 -4.8012 1.3166 29.7170 -1.5514 0.8339
Car -1 -1 -1.4643 500.9604 176.9633 540.3083 207.0484 1.4987 1.6259 4.1509 -4.5660 1.0888 37.8927 -1.5838 0.6705
Car -1 -1 1.9748 292.1089 178.9458 360.1214 213.4638 1.5099 1.5654 3.7946 -13.0181 1.2367 33.3628 1.6052 0.6404
Car -1 -1 -1.1136 213.8458 183.9669 346.7639 246.5869 1.5012 1.6182 3.9888 -8.6362 1.4724 19.2547 -1.5303 0.5473
Car -1 -1 1.9706 0.0000 189.0244 100.0596 341.4543 1.4832 1.5973 3.8598 -8.1706 1.5440 9.1768 1.2576 0.3173
Car -1 -1 1.5167 575.6703 177.6321 618.3250 215.4387 1.4655 1.5520 3.7544 -0.5364 1.1727 29.7893 1.4984 0.2594
Car -1 -1 2.1984 197.5552 183.8122 309.5311 228.6919 1.4816 1.5954 3.9183 -12.6133 1.4364 25.7962 1.7474 0.2470
