Car -1 -1 -1.7099 665.2573 180.6054 733.6772 232.2897 1.4461 1.5787 3.9473 2.6858 1.7126 22.7757 -1.5948 0.8972
Car -1 -1 2.0765 0.0000 206.1853 352.7482 375.0000 1.4354 1.5328 3.6446 -3.8800 1.8320 6.7533 1.5711 0.8969
Car -1 -1 -0.4471 872.2484 166.2558 1121.1584 242.2222 1.5507 1.7076 4.4632 8.1749 1.4163 15.6380 0.0263 0.8598
Car -1 -1 -3.5273 829.0621 150.1647 1029.0598 218.8279 1.6966 1.7244 4.4243 8.1085 1.1363 18.7254 -3.1247 0.8220
Car -1 -1 1.9395 252.3078 195.2604 391.0748 274.5480 1.4439 1.5743 3.8270 -6.3133 2.0047 16.1325 1.5714 0.8211
Car -1 -1 1.8311 405.8811 183.6102 477.2281 230.6329 1.5749 1.6457 3.9078 -6.2639 2.0081 27.0505 1.6051 0.8025
Car -1 -1 2.8031 776.2578 166.4828 912.4070 216.5350 1.6633 1.7000 4.1352 7.9665 1.4519 24.8918 3.1089 0.7808
Car -1 -1 1.7534 470.0647 182.4685 514.6771 215.1622 1.5891 1.6295 4.0365 -6.2190 2.1269 38.3004 1.5930 0.6978
Car -1 -1 -0.7550 1065.3749 147.7657 1180.8104 185.2492 1.5770 1.6416 4.1006 22.2904 0.5219 31.4588 -0.1429 0.4404
Car -1 -1 -0.7708 1126.9303 146.1247 1242.0000 188.9120 1.5993 1.6432 3.9130 22.4794 0.6006 27.9784 -0.0991 0.4363
Car -1 -1 -0.5120 1028.0239 147.3902 1130.1700 180.7416 1.5430 1.6056 3.7688 22.1922 0.3653 34.2912 0.0585 0.2694
