Pedestrian -1 -1 -3.1059 672.3549 138.5902 698.1942 189.7715 1.8661 0.5954 0.9310 2.7425 0.6172 26.6627 -3.0048 0.1613
Pedestrian -1 -1 -0.2007 488.2947 175.4552 516.5844 239.9385 1.6560 0.5394 0.6383 -2.8718 1.7259 18.9193 -0.3500 0.1291
Pedestrian -1 -1 -1.6158 803.6248 165.1386 817.7999 202.0826 1.7875 0.6390 0.5961 9.7699 1.4146 35.2693 -1.3481 0.1269
Cyclist -1 -1 -1.9331 778.0748 162.3453 825.3854 228.8171 1.7857 0.6076 2.0077 5.3456 1.5037 20.4115 -1.6811 0.8881
Cyclist -1 -1 2.6149 121.4322 176.8422 160.3757 211.2277 1.8405 0.6060 1.7274 -25.8532 2.0655 39.7347 2.0410 0.1731
Cyclist -1 -1 2.4248 815.9304 171.2629 849.9659 205.3220 1.6681 0.5447 1.6766 11.0660 1.5905 35.9263 2.7208 0.1445
Cyclist -1 -1 -2.0589 1068.0443 140.0985 1160.1047 241.3782 1.7233 0.6307 1.7037 9.0841 1.1663 13.1549 -1.4652 0.1235
Car -1 -1 -1.4902 581.1809 176.4641 642.7803 230.3086 1.6037 1.6983 4.5416 0.1147 1.7365 24.1351 -1.4863 0.8510
Car -1 -1 1.9032 400.9398 172.8405 509.4919 237.3556 1.6040 1.6980 4.0672 -4.2082 1.6040 20.0615 1.6984 0.3260
Car -1 -1 1.9361 579.6688 169.4292 616.0294 188.9350 1.4822 1.5897 3.8773 -0.9446 1.2223 56.9187 1.9193 0.1341
Car -1 -1 1.5181 510.4864 175.3435 533.2406 195.2487 1.4993 1.5727 3.9236 -7.0079 1.7032 56.9314 1.3958 0.1267
