Car -1 -1 1.3094 759.2952 184.2290 909.9271 278.9976 1.4802 1.6513 4.1812 4.0492 1.7325 13.8752 1.5866 0.8891
Car -1 -1 1.7083 444.7751 163.1421 553.3301 261.9330 1.9103 1.7738 4.5309 -2.3736 1.7228 16.2202 1.5645 0.8706
Car -1 -1 -2.0025 837.0378 178.5081 1227.5459 375.0000 1.6878 1.6860 3.9883 3.6934 1.7614 7.3313 -1.5532 0.8672
Car -1 -1 -1.7161 719.7633 183.8999 801.5319 244.4162 1.4316 1.5855 4.1020 3.9928 1.7689 19.9160 -1.5219 0.8611
Car -1 -1 1.6305 554.8638 173.9374 592.8534 207.0154 1.6301 1.7394 4.2726 -1.8763 1.6905 37.8404 1.5808 0.7746
Car -1 -1 2.0970 0.0000 206.0877 384.7898 375.0000 1.4564 1.5031 3.4850 -2.8750 1.7597 4.8236 1.5823 0.7499
Car -1 -1 -1.7359 709.4417 180.2289 766.5982 227.2416 1.4975 1.4399 3.1065 4.3344 1.7696 25.0249 -1.5671 0.7142
Car -1 -1 -1.6885 681.2430 174.7793 722.8014 208.5252 1.6037 1.6304 3.7805 4.5501 1.7062 36.3971 -1.5657 0.5436
Car -1 -1 1.7011 495.2494 179.5681 565.2931 233.7025 1.4446 1.5970 3.8596 -2.3500 1.6648 21.6822 1.5937 0.4728
Car -1 -1 -1.7111 693.4853 178.3456 739.7978 216.4940 1.5723 1.5557 3.3464 4.6200 1.8282 31.8930 -1.5692 0.4126
Car -1 -1 1.4443 672.2838 174.0634 708.1547 201.9521 1.5471 1.5841 3.9577 4.6082 1.6216 42.1916 1.5519 0.3465
