Car -1 -1 -1.8453 703.4847 168.5804 854.1747 281.8262 1.7068 1.6099 3.5514 2.7405 1.6428 12.6984 -1.6386 0.9133
Car -1 -1 -1.6792 659.6812 177.8177 712.5884 220.7087 1.4377 1.5356 3.4261 2.6691 1.6308 26.3005 -1.5799 0.8750
Car -1 -1 0.6063 46.6804 179.6317 375.0664 287.6312 1.5134 1.6755 4.3502 -6.1882 1.6304 11.3275 0.1157 0.8682
Car -1 -1 0.4995 172.6205 177.2437 408.0579 261.8467 1.5058 1.6135 3.8574 -6.1180 1.5968 13.9214 0.0919 0.8036
Car -1 -1 -0.1354 706.4894 173.7482 806.4911 213.5803 1.6793 1.7047 4.0692 6.2741 1.7198 31.4322 0.0592 0.7396
Car -1 -1 -2.2300 866.8463 184.0006 1242.0000 375.0000 1.5159 1.6177 4.0530 2.9276 1.6078 3.8566 -1.6177 0.7142
Car -1 -1 0.2814 372.1617 177.6920 500.6339 223.7285 1.4582 1.5903 3.8517 -5.7397 1.6249 23.9247 0.0479 0.6769
Car -1 -1 0.3448 330.4817 180.1587 479.9894 230.6360 1.4398 1.5964 4.0430 -6.1639 1.6703 21.7910 0.0717 0.6270
Car -1 -1 0.3367 395.0010 174.4374 511.2516 213.9973 1.5109 1.6489 4.2143 -6.2422 1.5767 28.7200 0.1241 0.6227
Car -1 -1 3.3108 425.7473 176.4959 514.4265 209.5300 1.4873 1.5874 3.8296 -6.4849 1.6610 33.5013 3.1206 0.3975
Car -1 -1 -2.7692 402.6224 173.6939 493.6657 208.5342 1.4695 1.5475 3.5622 -7.0800 1.5078 31.5171 -2.9888 0.3415
Car -1 -1 0.4060 242.4405 177.6961 417.7346 237.2303 1.4824 1.6087 3.9937 -7.3307 1.6162 18.9947 0.0419 0.2936
Car -1 -1 -2.7176 199.0075 153.0287 397.7963 228.1725 1.6083 1.6260 3.7919 -6.9847 1.1843 16.2999 -3.1169 0.2801
