Pedestrian -1 -1 0.2495 271.6665 187.4626 295.2910 224.4240 1.8392 0.7163 0.9464 -16.6306 2.5911 36.6800 -0.1738 0.7102
Pedestrian -1 -1 1.5680 686.8367 128.0643 707.9652 187.3661 1.8109 0.6415 0.9940 2.6829 0.4435 22.5607 1.6847 0.3100
Pedestrian -1 -1 -0.1758 468.1464 179.0241 486.2265 216.2406 1.7979 0.5794 0.7829 -6.5563 2.1045 35.3991 -0.3582 0.2047
Pedestrian -1 -1 -2.3038 633.2224 175.5717 668.7908 214.4557 1.8095 0.6455 1.8249 1.9162 1.9437 34.6150 -2.2496 0.1083
Cyclist -1 -1 -2.3163 634.5796 176.0358 669.7208 215.0227 1.8143 0.6448 1.7784 1.9716 1.9712 34.6105 -2.2605 0.4335
Cyclist -1 -1 1.8577 683.0679 128.3458 710.9069 186.8007 1.7886 0.6330 0.9275 2.6879 0.4271 22.6262 1.9743 0.2042
Car -1 -1 -1.3782 497.9141 183.7200 561.0396 229.7271 1.6133 1.6713 4.4111 -3.1456 2.0792 28.6380 -1.4873 0.8995
Car -1 -1 1.9605 336.1634 192.0285 413.8971 230.8159 1.4728 1.7183 4.3822 -10.3066 2.3800 31.8727 1.6496 0.8004
Car -1 -1 -1.7081 574.7109 183.1159 608.2066 208.6552 1.5212 1.6176 4.1146 -1.2799 2.2191 46.8752 -1.7358 0.5178
Car -1 -1 1.7941 400.0143 189.0128 435.4990 213.0894 1.5648 1.6276 3.8770 -13.7020 2.7626 51.4991 1.5349 0.4798
Car -1 -1 -1.9265 678.5828 189.2438 755.8068 234.2878 1.4520 1.5849 3.7997 3.8415 2.1062 26.7551 -1.7863 0.2769
Car -1 -1 -1.6059 547.2590 155.7533 598.2974 203.2537 1.4972 1.5954 3.7203 -1.3802 0.9585 24.6646 -1.6616 0.2379
Car -1 -1 1.4362 696.9855 182.9171 726.7692 205.0907 1.5139 1.6262 4.0926 7.4377 2.2844 53.1677 1.5739 0.2191
