Car -1 -1 -1.8498 731.9149 180.1726 895.3026 281.0892 1.4305 1.6053 3.9759 3.2618 1.5783 12.5286 -1.6018 0.9270
Car -1 -1 1.9492 309.5457 189.7372 445.2373 260.1180 1.4670 1.7440 4.4381 -5.7830 1.9516 18.4105 1.6483 0.9241
Car -1 -1 2.0311 59.4215 196.2975 325.0157 328.3752 1.4534 1.6348 4.2695 -5.9472 1.8770 10.8628 1.5399 0.9127
Car -1 -1 1.8207 460.1293 182.3152 515.7266 218.5305 1.5123 1.5967 3.9330 -5.5861 1.9747 33.2123 1.6549 0.8626
Car -1 -1 -1.7399 698.2106 177.2218 794.1537 246.7551 1.5227 1.6378 4.1777 3.2388 1.6456 18.1529 -1.5670 0.8571
Car -1 -1 2.4658 1027.7974 146.2235 1242.0000 248.2637 1.5100 1.6133 3.8657 9.0161 1.1163 11.5283 3.1170 0.8358
Car -1 -1 1.8425 402.2040 186.7943 476.8022 236.3689 1.4737 1.5382 3.5459 -5.6897 1.9778 24.2656 1.6140 0.8258
Car -1 -1 -0.5104 906.9400 158.8471 1158.1726 239.0268 1.4991 1.6269 4.0267 8.1842 1.2376 14.3014 0.0001 0.8010
Car -1 -1 1.3788 669.6910 178.2729 728.2814 220.4383 1.4920 1.5561 3.6667 3.3266 1.7161 27.9008 1.4956 0.7706
Car -1 -1 -2.0349 839.5305 133.5655 985.3765 213.9216 2.0707 1.8963 4.8631 8.5592 1.0587 21.0933 -1.6545 0.7138
Car -1 -1 -1.6936 647.2706 177.6064 682.1234 206.1762 1.5731 1.5840 3.6700 3.1235 1.8639 42.2216 -1.6208 0.4351
