Pedestrian -1 -1 2.5168 0.0000 187.1436 21.5255 226.1691 1.8981 0.6362 0.8844 -30.0796 2.6209 35.9704 1.8239 0.3693
Pedestrian -1 -1 -0.4608 653.0455 167.9837 672.9005 200.5805 1.8003 0.6180 0.9279 2.9229 1.5317 40.3097 -0.3894 0.1989
Car -1 -1 2.3215 123.8321 186.4082 233.3069 223.2444 1.3931 1.6353 4.1769 -18.5159 2.0200 31.1318 1.7885 0.8098
Car -1 -1 2.5885 326.7890 176.1891 404.0449 205.3253 1.5795 1.6190 3.9604 -14.0893 1.7816 41.6191 2.2637 0.5445
Car -1 -1 2.7242 272.5215 181.3176 344.6934 205.9320 1.4772 1.5853 4.0105 -19.4836 2.0486 46.6749 2.3305 0.4040
Car -1 -1 2.2913 12.0206 191.9601 92.2645 225.9304 1.7590 1.5644 3.7355 -31.9671 2.9072 41.4294 1.6370 0.2915
Car -1 -1 1.4971 879.8220 166.3238 901.8325 183.3843 1.5075 1.5765 3.9215 25.5819 0.9308 65.8585 1.8659 0.2424
Car -1 -1 -1.7402 502.0513 176.6179 531.8773 197.6117 1.4803 1.5702 3.8454 -6.9825 1.7715 53.6826 -1.8693 0.1963
Car -1 -1 1.3074 808.5484 168.6299 838.6783 186.2154 1.5619 1.6274 4.0972 19.5221 1.1871 66.1498 1.5929 0.1901
Car -1 -1 1.1873 987.2538 166.8236 1025.0959 184.3012 1.5056 1.5686 3.9717 35.1855 0.9864 64.2153 1.6864 0.1751
