Pedestrian -1 -1 3.1186 197.3569 186.0873 211.2122 211.7166 1.8435 0.5294 0.8728 -29.7251 2.8208 52.8122 2.6079 0.3533
Cyclist -1 -1 -1.2928 1142.4244 148.3792 1181.5492 208.3710 1.7212 0.5002 1.6476 16.3306 1.0193 21.3946 -0.6476 0.1913
Cyclist -1 -1 0.7463 914.2361 170.9135 950.7224 207.8442 1.7785 0.5844 1.6950 15.8743 1.6854 35.6382 1.1618 0.1851
Car -1 -1 2.0501 262.5079 185.9233 318.8792 214.3645 1.5189 1.5440 3.5275 -18.5577 2.3130 42.0057 1.6361 0.6451
Car -1 -1 -1.1787 305.7006 182.8442 364.5944 211.8348 1.4585 1.6092 4.0234 -15.0918 2.0372 39.7354 -1.5398 0.5718
Car -1 -1 1.5811 669.8741 177.3305 696.5389 202.8208 1.5431 1.6374 4.2191 4.7159 1.8463 46.6305 1.6808 0.2755
Car -1 -1 2.2240 0.0000 190.3390 109.0832 250.0314 1.4718 1.5967 4.0062 -16.7816 2.0295 20.9834 1.5555 0.2299
Car -1 -1 1.8919 392.5704 183.3376 423.1591 200.8854 1.5172 1.5691 3.9143 -18.6806 2.5165 66.7559 1.6198 0.2162
Car -1 -1 0.5607 429.8632 187.8999 509.4338 217.7681 1.4962 1.6193 3.9808 -7.6392 2.3425 39.0960 0.3685 0.1964
Car -1 -1 1.4997 518.4106 179.6816 541.6301 199.4560 1.5035 1.5821 4.0267 -6.5327 2.0770 58.4472 1.3885 0.1809
