Pedestrian -1 -1 1.0487 462.0733 159.4811 480.3468 198.2685 1.8134 0.4925 0.8500 -6.6225 1.1885 34.2130 0.8587 0.2664
Cyclist -1 -1 1.0487 462.0733 159.4811 480.3468 198.2685 1.8134 0.4925 0.8500 -6.6225 1.1885 34.2130 0.8587 0.1185
Car -1 -1 1.8374 387.1881 192.7982 464.0287 243.8563 1.5022 1.6035 3.7100 -6.2238 2.2332 24.5589 1.5911 0.9046
Car -1 -1 1.7766 432.6351 190.7786 490.5599 230.8192 1.4636 1.5985 3.8851 -6.1469 2.2591 30.0603 1.5759 0.8138
Car -1 -1 -1.7636 655.4475 179.1986 714.4529 220.2196 1.4545 1.5727 3.7782 2.8070 1.7196 28.1419 -1.6658 0.7425
Car -1 -1 -0.9499 78.8150 206.9375 181.3153 249.5192 1.5383 1.6603 4.0451 -20.7907 3.1193 31.4053 -1.5311 0.7044
Car -1 -1 1.6709 475.3758 185.2068 515.3303 218.5256 1.6084 1.6958 4.2035 -6.1051 2.3058 38.5657 1.5144 0.5523
Car -1 -1 2.0452 32.6488 206.1468 116.6381 247.3844 1.5464 1.5401 3.5067 -23.6032 3.1043 31.9000 1.4119 0.5289
Car -1 -1 -0.8962 0.0000 208.6579 80.0752 252.6113 1.6557 1.6377 3.7443 -25.8135 3.3421 32.1020 -1.5695 0.3287
Car -1 -1 2.3013 143.9187 200.2626 246.3043 240.8740 1.4851 1.6218 3.9533 -17.9299 2.7554 31.3257 1.7848 0.3167
Car -1 -1 -2.2191 1034.5380 143.9165 1139.6653 184.9306 1.9922 1.9003 5.0236 24.6618 0.5870 37.6184 -1.6425 0.2585
Car -1 -1 1.1874 838.4922 166.8787 882.1228 188.1275 1.5035 1.6211 4.0592 18.3417 1.0811 53.1209 1.5179 0.2493
