Pedestrian -1 -1 3.1240 443.8174 172.8612 467.1157 219.0473 1.8078 0.5669 0.8935 -6.1747 1.8084 28.6167 2.9129 0.4606
Pedestrian -1 -1 -1.1560 212.2112 180.4308 237.0813 222.7551 1.7654 0.7162 0.6805 -16.3734 2.0908 30.5895 -1.6442 0.4340
Pedestrian -1 -1 2.3370 642.0765 164.9379 668.1205 210.3208 1.8074 0.6011 0.8965 1.7884 1.4925 29.2575 2.3969 0.4289
Pedestrian -1 -1 -2.3839 646.7418 174.7341 684.8372 214.3008 1.6146 0.5525 1.6709 2.2920 1.6961 30.3214 -2.3098 0.1186
Cyclist -1 -1 -2.5535 646.2050 168.8176 695.2866 217.4601 1.8116 0.6183 1.8407 2.2767 1.6616 27.6826 -2.4730 0.5278
Cyclist -1 -1 -2.3839 646.7418 174.7341 684.8372 214.3008 1.6146 0.5525 1.6709 2.2920 1.6961 30.3214 -2.3098 0.2075
Cyclist -1 -1 3.1274 444.0939 173.5054 469.1680 220.1641 1.8253 0.5833 0.9637 -6.1303 1.8519 28.6265 2.9178 0.1108
Cyclist -1 -1 1.5841 648.8524 166.7122 664.8659 210.5391 1.7592 0.6420 0.8842 1.8734 1.5130 29.4239 1.6465 0.1045
Car -1 -1 -1.4495 468.8913 177.8260 542.1998 238.4572 1.6153 1.6917 3.9263 -3.0625 1.7776 21.5237 -1.5899 0.9367
Car -1 -1 2.0038 148.7728 190.9985 297.8972 261.4419 1.5203 1.7430 4.3563 -9.9634 2.0524 18.9267 1.5246 0.9230
Car -1 -1 1.9198 335.3553 187.1260 395.2952 220.1331 1.5725 1.6862 4.1543 -12.9337 2.3716 38.2825 1.5956 0.5557
Car -1 -1 -1.6220 580.4568 177.0224 609.0124 202.7360 1.5716 1.6386 4.0601 -1.0615 1.8547 46.8590 -1.6451 0.3652
