Pedestrian -1 -1 -1.0856 292.4661 167.8015 347.9783 272.0960 1.6844 0.6453 0.6212 -4.7085 1.4645 11.9435 -1.4592 0.6258
Pedestrian -1 -1 -1.6137 520.7918 166.8164 541.5237 218.3919 1.8390 0.7124 0.7302 -2.5726 1.3165 26.0234 -1.7165 0.4824
Pedestrian -1 -1 -2.2035 410.9095 180.2087 495.2100 288.7269 1.6886 0.7906 1.2256 -2.5031 1.6698 11.8780 -2.4126 0.3658
Pedestrian -1 -1 1.6112 1200.2515 124.3995 1238.0000 248.7939 1.6912 0.4623 0.8650 8.8156 0.9162 10.2398 2.3044 0.3242
Pedestrian -1 -1 -1.9165 634.9335 170.0771 656.6896 206.2216 1.7575 0.7856 0.9722 2.1801 1.2030 35.5046 -1.8607 0.2732
Pedestrian -1 -1 2.2180 278.3115 164.2857 337.4843 268.6069 1.7901 0.6635 0.7383 -5.2475 1.4960 12.7656 1.8296 0.2574
Pedestrian -1 -1 0.7489 1055.4124 0.0000 1238.0000 374.0000 1.8367 0.6618 0.9547 2.6574 1.0940 3.2283 1.3934 0.2207
Pedestrian -1 -1 2.8285 658.1783 162.7395 690.2026 195.2030 1.7827 0.5878 1.6700 4.0387 0.7533 39.9125 2.9238 0.1195
Pedestrian -1 -1 3.1030 435.3005 173.5000 514.5597 256.8532 1.6871 0.7177 1.6008 -2.6975 1.5264 15.0600 2.9233 0.1176
Cyclist -1 -1 -1.8778 430.5917 181.5908 510.7060 287.0532 1.6073 0.7973 1.7683 -2.2449 1.6102 11.9139 -2.0658 0.3745
Cyclist -1 -1 2.8303 658.6539 162.2910 689.9639 194.9300 1.7931 0.5869 1.6292 4.0462 0.7386 39.9219 2.9257 0.3393
Cyclist -1 -1 2.5301 692.0348 157.6484 728.2666 194.7855 1.7586 0.5491 1.7302 5.2386 0.6300 34.6487 2.6742 0.2467
Cyclist -1 -1 3.1317 437.9257 174.6928 518.4196 257.4526 1.6800 0.7041 1.6276 -2.6225 1.5431 15.0750 2.9569 0.2409
Cyclist -1 -1 1.6112 1200.2515 124.3995 1238.0000 248.7939 1.6912 0.4623 0.8650 8.8156 0.9162 10.2398 2.3044 0.1433
Cyclist -1 -1 -1.8188 635.2001 170.1724 655.4191 206.4230 1.7605 0.7420 1.1059 2.1535 1.2113 35.4969 -1.7637 0.1320
Cyclist -1 -1 0.7489 1055.4124 0.0000 1238.0000 374.0000 1.8367 0.6618 0.9547 2.6574 1.0940 3.2283 1.3934 0.1087
Car -1 -1 -1.9362 756.4709 141.3670 1023.8156 330.9539 1.8251 1.6191 3.8915 3.1701 1.4401 8.8874 -1.6085 0.9195
Car -1 -1 -1.7313 655.9127 175.6318 701.3298 219.3923 1.5536 1.2878 2.4352 2.8173 1.3464 26.7558 -1.6326 0.3092
