Car -1 -1 1.9006 322.4656 191.8841 428.5706 258.4280 1.5035 1.5549 3.7059 -6.1665 2.0607 19.2397 1.5937 0.9064
Car -1 -1 1.8351 393.3569 190.1327 470.1561 239.1897 1.4570 1.5701 3.9894 -6.0819 2.1011 24.8614 1.5970 0.8826
Car -1 -1 -1.7367 669.5211 178.0526 741.5496 231.0964 1.4990 1.6035 3.8543 2.8698 1.6773 22.7314 -1.6134 0.8636
Car -1 -1 1.7444 448.6121 178.6260 501.3400 217.9355 1.6573 1.6773 4.1866 -6.1642 1.9396 33.1360 1.5614 0.6990
Car -1 -1 -2.3242 1094.4109 134.2890 1230.1141 184.0506 2.0621 1.9061 5.0278 24.6122 0.4643 32.4999 -1.6804 0.6147
Car -1 -1 -1.0285 0.0000 200.9608 89.1703 251.7104 1.5305 1.6423 3.9577 -20.9483 2.6288 26.1155 -1.6997 0.3958
Car -1 -1 1.7201 477.5416 179.4839 518.1500 211.4680 1.6424 1.6500 3.9097 -6.1700 2.0266 39.8177 1.5669 0.3273
Car -1 -1 1.2152 493.0415 179.8291 534.8257 203.9238 1.5286 1.5788 3.8177 -6.5949 2.0228 49.0196 1.0818 0.2947
Car -1 -1 1.6988 529.4776 180.8390 552.2109 198.2455 1.4828 1.5694 3.8367 -6.2386 2.2262 65.1894 1.6034 0.2577
Car -1 -1 2.0948 42.5574 196.1406 154.6678 243.8362 1.4593 1.5720 3.8282 -18.3024 2.3618 25.9752 1.4856 0.2139
