Pedestrian -1 -1 -2.5025 357.0994 149.1423 394.3345 221.6416 1.7843 0.6331 0.6401 -5.9403 1.2011 18.1574 -2.8147 0.2118
Pedestrian -1 -1 1.7701 285.7870 124.0723 363.9508 294.3309 1.8070 0.6642 0.8214 -3.2383 1.2896 8.1162 1.4009 0.1872
Pedestrian -1 -1 -2.2729 861.4883 197.9411 883.3973 240.9175 1.7965 0.6362 0.6181 11.2434 2.8898 31.0287 -1.9293 0.1669
Pedestrian -1 -1 1.3358 1006.5159 138.5129 1091.1127 265.9694 1.7142 0.6966 1.5063 6.2998 1.2527 10.5230 1.8626 0.1212
Pedestrian -1 -1 0.3704 917.9248 191.3552 963.8718 262.3188 1.6384 0.5409 0.8736 7.9361 2.0983 17.4178 0.7906 0.1131
Pedestrian -1 -1 -3.0299 808.1140 178.9379 850.9741 262.2458 1.7682 0.6508 0.8382 4.7749 1.9060 15.8417 -2.7433 0.1097
Pedestrian -1 -1 1.6784 1214.4294 183.3629 1242.0000 264.6876 1.8346 0.6261 0.8572 14.6052 2.0892 16.9318 2.3808 0.1091
Cyclist -1 -1 0.6513 884.0049 179.7718 931.9843 226.8388 1.8140 0.6343 1.7521 11.9124 2.1011 28.9906 1.0369 0.2157
Cyclist -1 -1 1.3507 1008.1778 137.3496 1089.2588 266.1608 1.7371 0.6862 1.4460 6.3004 1.2586 10.5203 1.8777 0.1505
Cyclist -1 -1 0.9961 916.9882 194.1326 1111.7021 375.0000 1.6438 0.6225 1.7352 3.4282 1.8598 6.4144 1.4664 0.1084
Car -1 -1 1.6760 526.5388 199.4926 571.5664 241.5559 1.6094 1.5953 3.8669 -2.6858 2.8641 32.0239 1.5921 0.8632
Car -1 -1 1.4892 662.1672 196.5264 691.9024 221.6568 1.5646 1.7422 4.2108 4.6672 3.3079 51.0108 1.5791 0.2653
Car -1 -1 -2.9595 863.9209 195.0710 1002.5922 247.9582 1.4876 1.5827 3.9095 10.4477 2.2659 23.5133 -2.5469 0.1252
Car -1 -1 -1.6933 727.6533 202.5981 817.8948 285.9119 1.5096 1.5066 3.4961 3.4846 2.2509 16.1656 -1.4861 0.1196
Car -1 -1 1.9937 199.1163 167.6581 384.3124 265.1734 1.5642 1.6597 3.9497 -5.7869 1.4812 13.5669 1.5971 0.1151
