Pedestrian -1 -1 -3.1787 678.9187 181.3292 706.2883 242.9059 1.7152 0.6039 0.7446 2.3521 1.6081 20.3494 -3.0658 0.2441
Pedestrian -1 -1 1.7787 374.2922 148.0259 433.1252 262.4752 1.8099 0.7037 1.2277 -3.4317 1.2229 11.9995 1.5059 0.2236
Cyclist -1 -1 1.7787 374.2922 148.0259 433.1252 262.4752 1.8099 0.7037 1.2277 -3.4317 1.2229 11.9995 1.5059 0.1581
Car -1 -1 -1.3961 427.5248 187.5331 503.1105 242.6315 1.5496 1.6262 4.0044 -4.3752 1.6294 22.3979 -1.5873 0.8355
Car -1 -1 -1.4353 479.9236 185.0656 525.0477 219.2102 1.5064 1.5956 3.7240 -4.8928 1.5009 33.5787 -1.5794 0.8001
Car -1 -1 1.8131 381.9305 184.0446 440.3102 220.0812 1.4946 1.6028 3.8544 -8.6435 1.4472 31.7552 1.5491 0.6126
Car -1 -1 -1.4668 432.2862 183.2245 467.1649 210.7843 1.5463 1.6063 3.9338 -9.2931 1.4357 42.3729 -1.6818 0.5515
Car -1 -1 -1.5762 576.4966 181.5774 606.3474 209.8842 1.5337 1.6180 3.7659 -0.9699 1.3377 40.8510 -1.6002 0.5468
Car -1 -1 -1.1738 0.0000 191.3922 197.7624 312.0374 1.5606 1.6032 3.7698 -8.1564 1.6779 11.5106 -1.7796 0.3863
Car -1 -1 1.5034 521.1470 180.9798 546.3363 202.1293 1.4949 1.5751 3.9480 -5.4960 1.1967 52.8872 1.3999 0.3632
Car -1 -1 -2.5120 468.5872 183.7866 536.5455 210.2466 1.5274 1.6190 3.8077 -6.3409 1.4461 43.0956 -2.6577 0.2718
