Pedestrian -1 -1 -0.3457 727.6212 159.1797 767.4120 222.4258 1.7741 0.6475 0.9530 3.8792 1.3909 20.6342 -0.1631 0.3157
Pedestrian -1 -1 -2.3845 1040.2950 111.3335 1104.3134 221.5382 1.7262 0.5130 0.7165 7.4400 0.7629 11.7109 -1.8297 0.1369
Pedestrian -1 -1 1.4710 408.1093 164.9622 451.3537 267.4237 1.7533 0.6023 1.6840 -3.3806 1.6186 13.2382 1.2249 0.1046
Cyclist -1 -1 1.7900 398.6297 164.5694 452.7773 269.5921 1.7818 0.5732 1.8102 -3.3774 1.6416 13.1514 1.5426 0.8616
Cyclist -1 -1 -0.4212 726.6235 160.7354 784.1144 222.2853 1.7256 0.5716 1.5143 4.1146 1.3862 20.6758 -0.2280 0.2057
Car -1 -1 1.9304 189.3297 184.9696 393.9178 296.2085 1.5180 1.7092 4.5160 -5.3001 1.7687 12.6245 1.5397 0.9184
Car -1 -1 1.8292 461.0941 175.5009 526.2465 212.9256 1.4910 1.7442 4.2885 -4.9918 1.6143 31.2790 1.6718 0.8838
Car -1 -1 -1.5653 654.9757 169.8170 692.6326 207.3743 1.6315 1.6332 3.7411 2.9062 1.4999 33.2777 -1.4795 0.7274
Car -1 -1 -3.4898 825.4086 151.1288 1010.9726 221.9614 1.6291 1.6368 3.8023 7.3063 1.1298 17.4877 -3.1004 0.2592
Car -1 -1 1.7172 669.8210 167.6233 705.4668 194.1827 1.5192 1.5726 3.9827 4.6792 1.2203 43.3931 1.8236 0.1655
Car -1 -1 1.0979 879.1078 178.0280 1117.5256 288.4239 1.5026 1.6681 4.2712 6.1468 1.6056 12.1676 1.5552 0.1329
