Pedestrian -1 -1 1.0499 1076.7318 135.3993 1224.7958 321.8971 1.7719 0.7896 1.0390 5.4409 1.4164 7.4067 1.6641 0.9226
Pedestrian -1 -1 -1.1909 708.9214 170.7356 722.0274 198.8876 1.8058 0.5769 0.8263 6.8096 1.6703 46.7813 -1.0477 0.3660
Pedestrian -1 -1 1.9754 850.5555 157.3516 886.0200 217.1343 1.7794 0.6518 1.0881 7.8683 1.3183 22.0948 2.3129 0.3190
Pedestrian -1 -1 -1.4894 687.1907 166.9143 700.9612 202.1049 1.8237 0.6409 1.0261 4.3906 1.5163 37.9560 -1.3755 0.2877
Pedestrian -1 -1 2.1388 678.7332 172.2107 692.4034 196.5605 1.7740 0.6170 0.8950 5.5363 1.7275 53.1065 2.2417 0.2244
Pedestrian -1 -1 -2.0884 709.7871 160.3657 756.0137 218.4123 1.7940 0.6301 1.8483 3.8948 1.4084 23.2737 -1.9252 0.1103
Cyclist -1 -1 -1.7668 717.1096 159.7645 747.8194 218.4189 1.8094 0.6023 1.9158 3.8761 1.4059 23.2226 -1.6041 0.8478
Cyclist -1 -1 1.7875 851.2353 155.4530 885.7929 214.5773 1.7346 0.6935 1.5007 7.8428 1.2245 21.9865 2.1255 0.2293
Cyclist -1 -1 -1.5701 690.3058 167.5999 702.1613 202.2038 1.7840 0.6074 1.5699 4.5045 1.5135 38.0112 -1.4535 0.2075
Cyclist -1 -1 2.6905 679.7963 172.2936 703.0920 195.4634 1.6892 0.7356 1.5403 5.9771 1.6487 53.2053 2.8014 0.1847
Car -1 -1 -1.6563 519.0750 145.6849 565.3306 185.7352 1.5787 1.6128 3.8231 -2.9597 0.5081 30.4650 -1.7525 0.2761
