Car -1 -1 -2.2619 681.3438 115.9130 1214.0690 375.0000 1.9943 1.8032 4.8150 2.5273 1.6417 7.0410 -1.9319 0.9159
Car -1 -1 -1.9345 535.7927 187.9487 680.2772 277.1558 1.4105 1.5612 3.7128 -0.2331 1.7481 14.1010 -1.9519 0.8884
Car -1 -1 -1.7120 436.8063 179.2084 493.1768 220.2978 1.4645 1.6398 3.8929 -5.8265 1.7342 28.4748 -1.9125 0.8879
Car -1 -1 1.8724 0.0000 209.8747 121.0614 375.0000 1.4498 1.6389 4.1358 -6.5574 1.9468 7.4534 1.1684 0.8417
Car -1 -1 1.7897 2.7054 199.1237 185.4444 317.7562 1.4977 1.6212 3.9278 -8.4887 2.0187 12.1719 1.1906 0.8395
Car -1 -1 -1.6761 425.0256 177.6343 469.4130 212.6469 1.5152 1.6090 4.1503 -7.7748 1.7560 34.0542 -1.8993 0.7043
Car -1 -1 1.7207 253.3094 184.3435 295.3663 214.3888 1.5326 1.5675 3.9040 -18.8141 2.2111 40.4956 1.2879 0.6513
Car -1 -1 -2.8756 614.7556 164.2379 713.6039 204.9535 1.6283 1.6204 3.8444 2.2394 1.2841 30.2563 -2.8029 0.5555
Car -1 -1 1.2607 1191.3094 151.2008 1242.0000 261.5617 1.4412 1.6010 3.8493 10.8179 1.1588 11.5030 2.0026 0.3446
Car -1 -1 1.0734 0.0000 192.5286 69.8989 223.0401 1.5750 1.6620 4.0176 -32.7294 2.7299 40.7879 0.4002 0.3410
