Pedestrian -1 -1 0.7482 791.4972 166.0396 824.2723 216.4966 1.8836 0.7281 0.9690 7.5048 1.6296 27.5365 1.0110 0.6874
Pedestrian -1 -1 -0.4521 1174.9369 138.2276 1242.0000 328.6021 1.5676 0.4282 0.6869 5.3312 1.2829 6.2263 0.2326 0.4906
Pedestrian -1 -1 0.7628 994.4716 164.1455 1045.5641 243.3396 1.7998 0.5840 0.8782 9.5445 1.6022 16.9012 1.2688 0.2064
Pedestrian -1 -1 -1.5770 1042.3319 136.3453 1058.9435 178.1092 1.8579 0.6316 0.6993 19.8386 0.2341 32.5568 -1.0336 0.1864
Pedestrian -1 -1 -0.8734 787.8066 184.6815 807.4633 219.4648 1.7515 0.6971 0.6934 9.6219 2.3687 37.1447 -0.6225 0.1529
Pedestrian -1 -1 -0.9939 843.0355 175.4960 866.8685 223.3994 1.7429 0.4866 0.7895 9.0342 1.8428 26.7343 -0.6720 0.1335
Car -1 -1 -1.5464 598.5112 178.0728 624.8872 203.1672 1.4934 1.5808 3.7856 0.1097 1.8378 45.6469 -1.5445 0.4785
Car -1 -1 1.9814 403.6682 185.6727 451.6923 210.8210 1.4889 1.5851 3.9360 -11.8223 2.3594 46.8996 1.7353 0.2506
Car -1 -1 2.1474 234.1435 194.4000 283.2876 214.8709 1.5101 1.6818 4.1405 -29.1349 3.3646 59.9289 1.6963 0.1881
Car -1 -1 1.4916 717.4954 178.4136 743.0880 200.2087 1.6300 1.6643 4.1765 9.4745 2.0877 57.2055 1.6545 0.1798
