Car -1 -1 -1.4730 468.9161 179.6632 535.4174 234.0855 1.5771 1.6839 4.2790 -3.3206 1.4173 23.0021 -1.6151 0.9294
Car -1 -1 -1.2423 200.3042 177.5867 454.3071 342.1941 1.5991 1.6340 4.0063 -3.2058 1.5261 8.9869 -1.5758 0.9130
Car -1 -1 -1.3725 407.6215 181.0700 459.3175 214.7802 1.5259 1.6632 3.9494 -8.3359 1.3394 34.5397 -1.6079 0.8950
Car -1 -1 -1.5259 558.7335 179.0335 614.2668 229.6035 1.5571 1.6888 3.5638 -0.6805 1.3679 23.9266 -1.5544 0.8827
Car -1 -1 -0.9062 0.0000 185.1384 200.5549 331.6086 1.5936 1.5894 3.9589 -7.5597 1.5939 9.8135 -1.5496 0.7496
Car -1 -1 -1.4571 504.9211 180.9583 544.2098 212.4588 1.5030 1.5611 3.6019 -4.1602 1.3010 36.0967 -1.5714 0.6136
Car -1 -1 1.8464 375.7042 179.1074 419.5128 203.9824 1.4334 1.5647 3.7633 -12.6295 1.0825 43.3060 1.5640 0.5933
Car -1 -1 -0.9598 36.9114 185.4389 205.4484 249.5133 1.4536 1.5862 3.8752 -12.1959 1.4610 18.2782 -1.5416 0.5406
Car -1 -1 1.4128 529.0320 171.2261 560.3225 194.9658 1.5446 1.5390 3.7445 -4.3372 0.6355 48.7726 1.3243 0.4362
Car -1 -1 -1.4918 457.6119 177.4153 487.0786 200.5963 1.4686 1.6070 3.9918 -8.9486 0.9755 47.6066 -1.6769 0.3753
Car -1 -1 -1.1055 290.1027 189.8134 401.1440 246.8900 1.5339 1.5791 3.8115 -7.7909 1.6861 21.6237 -1.4478 0.3638
