Pedestrian -1 -1 -0.6274 344.9763 155.1233 398.1607 250.9226 1.7161 0.6952 0.6543 -4.4755 1.3988 13.3914 -0.9446 0.5466
Pedestrian -1 -1 -1.1786 382.5288 168.8142 423.2335 248.5246 1.7031 0.6377 0.6993 -4.5768 1.6171 15.7969 -1.4568 0.4418
Pedestrian -1 -1 -2.1395 875.5507 145.8663 955.1617 265.8071 1.7509 0.7123 0.9612 4.6095 1.3573 11.0678 -1.7549 0.2904
Cyclist -1 -1 -2.1360 874.6724 144.5449 954.4490 266.4118 1.7777 0.7110 0.9700 4.5951 1.3651 11.0635 -1.7524 0.1119
Car -1 -1 -1.7104 659.8790 175.4958 725.6368 222.9647 1.4256 1.5891 4.0477 2.6103 1.5211 23.9433 -1.6038 0.9140
Car -1 -1 -1.2805 303.6859 180.9276 511.2770 313.7696 1.4708 1.6389 4.2644 -2.6763 1.6119 10.4152 -1.5269 0.8982
Car -1 -1 -1.2524 0.0000 177.3646 419.5063 375.0000 1.4355 1.5697 4.2249 -2.6081 1.4834 5.4219 -1.6830 0.8778
Car -1 -1 -1.8711 739.3397 181.1924 1003.2695 357.2276 1.4766 1.5831 3.7377 2.5398 1.5923 8.1025 -1.5790 0.8652
Car -1 -1 -1.7403 642.7848 172.1362 688.0387 206.2419 1.6262 1.6104 4.0175 2.7038 1.5924 36.4785 -1.6674 0.7061
Car -1 -1 -2.2465 850.9971 137.9652 1242.0000 375.0000 1.4872 1.5641 3.7484 2.3466 1.4427 2.8235 -1.6032 0.6759
Car -1 -1 -1.5939 542.5146 174.4068 575.4996 204.8208 1.4916 1.6152 3.9161 -2.7383 1.5773 37.6166 -1.6665 0.6387
Car -1 -1 -1.3674 391.8748 180.4729 504.0321 261.0682 1.4666 1.5704 3.8174 -3.3619 1.6499 15.4051 -1.5795 0.4477
