Pedestrian -1 -1 1.1701 897.1821 166.9843 979.3331 304.3639 1.6459 0.6681 0.7837 4.1522 1.4734 9.0005 1.5857 0.8759
Pedestrian -1 -1 1.9582 436.6115 173.8290 482.7075 260.1488 1.7801 0.6573 0.9559 -3.0529 1.6232 15.3424 1.7594 0.7754
Pedestrian -1 -1 2.6397 140.2418 184.5440 223.5853 336.3120 1.6787 0.6042 0.6283 -4.9394 1.7173 8.3847 2.1148 0.6912
Pedestrian -1 -1 -1.2988 623.5165 177.5258 642.3730 219.1329 1.7554 0.6362 0.7356 1.3373 1.5887 30.7506 -1.2609 0.5864
Pedestrian -1 -1 -1.2441 516.9950 179.4328 545.8796 237.0226 1.7629 0.6330 0.9560 -2.2141 1.7008 22.5236 -1.3464 0.5496
Pedestrian -1 -1 1.4654 635.6486 175.7225 647.2631 208.2153 1.8834 0.5944 0.7859 2.3410 1.5493 42.0439 1.5156 0.4581
Pedestrian -1 -1 -1.4797 300.8163 169.5735 333.5706 249.4649 1.7802 0.6385 0.6886 -6.5263 1.5156 16.4243 -1.8579 0.3740
Pedestrian -1 -1 -0.3657 617.8564 176.6746 631.9497 202.5031 1.8400 0.5187 0.8829 1.6990 1.4969 51.5618 -0.3380 0.3522
Pedestrian -1 -1 1.6736 430.6432 141.1436 456.6224 205.7905 1.9302 0.6817 1.0044 -4.8480 0.7264 21.9841 1.4542 0.3374
Pedestrian -1 -1 -0.6071 692.9982 176.4767 716.6812 222.5150 1.7281 0.5660 0.6935 3.9189 1.5406 27.3703 -0.4715 0.3076
Pedestrian -1 -1 -3.0161 564.7878 179.1884 607.9352 221.4223 1.7593 0.6954 1.7530 -0.6448 1.6640 30.3529 -3.0424 0.1460
Cyclist -1 -1 -2.9795 563.7622 179.3848 607.7859 220.7004 1.7181 0.7072 1.7711 -0.6700 1.6312 30.3394 -3.0066 0.6659
Car -1 -1 -1.7591 698.9316 133.4016 848.7959 272.0397 2.2710 1.8283 5.2012 3.1407 1.4844 14.3803 -1.5533 0.2703
