Pedestrian -1 -1 2.0689 1033.4763 125.3196 1079.2982 210.6707 1.7239 0.5065 0.7731 9.2206 0.7642 14.9846 2.6118 0.2528
Pedestrian -1 -1 -2.5365 131.4190 126.6534 186.7671 210.0415 1.7340 0.5041 0.8606 -9.5896 0.7737 15.2757 -3.0894 0.2309
Pedestrian -1 -1 1.1166 18.0970 149.9154 50.3043 213.1461 1.6965 0.4458 0.6583 -15.7695 1.0814 19.6999 0.4481 0.2102
Car -1 -1 -2.6639 148.2896 177.5866 408.2248 260.4942 1.5234 1.6857 4.4193 -6.5142 1.6241 14.3343 -3.0840 0.9019
Car -1 -1 3.3515 286.1515 165.9796 474.3901 242.7790 1.9441 1.8035 4.5334 -6.0706 1.7704 19.3649 3.0510 0.8076
Car -1 -1 2.5125 950.7433 167.2080 1242.0000 325.9138 1.6529 1.6833 4.0078 6.2942 1.5944 8.3556 3.1405 0.7972
Car -1 -1 -2.3429 0.0000 184.2381 161.1859 355.6536 1.4831 1.6238 3.9162 -7.0174 1.6124 7.2675 -3.0925 0.7214
Car -1 -1 -2.6688 416.2974 178.7944 505.9074 212.2908 1.5440 1.6262 3.9550 -7.2522 1.8436 35.0315 -2.8719 0.3410
Car -1 -1 1.6167 491.8810 175.3018 525.2651 206.6502 1.5621 1.5730 4.0637 -5.3827 1.6998 38.3748 1.4778 0.3397
Car -1 -1 1.4216 663.6093 180.0719 723.7762 226.0766 1.4436 1.5199 3.7148 2.7930 1.7141 25.1165 1.5303 0.2772
Car -1 -1 -1.4491 627.3118 176.2228 655.4229 197.7273 1.4991 1.5977 3.9812 2.3145 1.7569 53.0479 -1.4062 0.2706
Car -1 -1 -0.1774 1040.7635 182.7222 1242.0000 295.1317 1.4736 1.6095 3.8671 9.0255 1.6512 11.3470 0.4813 0.2406
