Pedestrian -1 -1 2.5973 307.4613 159.1534 361.2729 250.5638 1.7002 0.5414 0.8059 -5.3125 1.2166 13.8506 2.2374 0.2182
Pedestrian -1 -1 2.4880 380.0200 169.1058 425.5110 254.0238 1.6265 0.4874 0.7155 -4.0940 1.3191 14.1974 2.2120 0.2135
Pedestrian -1 -1 0.5854 856.0328 180.0022 898.1684 261.5745 1.5359 0.4090 0.6449 5.1612 1.4389 13.9126 0.9337 0.1762
Pedestrian -1 -1 1.8477 1012.1984 152.1571 1068.6924 247.5297 1.7488 0.6330 1.2224 8.2843 1.1437 13.8284 2.3781 0.1156
Cyclist -1 -1 1.5263 1018.6076 152.7803 1063.2728 248.9959 1.7469 0.6542 1.4314 8.2650 1.1592 13.8337 2.0556 0.1429
Cyclist -1 -1 2.5973 307.4613 159.1534 361.2729 250.5638 1.7002 0.5414 0.8059 -5.3125 1.2166 13.8506 2.2374 0.1073
Car -1 -1 -1.7713 559.7925 163.6516 607.2339 197.2162 1.6230 1.6796 3.8830 -1.3294 0.5814 36.8396 -1.8074 0.8910
Car -1 -1 -1.6445 490.6364 165.6323 528.9625 196.4166 1.4378 1.5977 3.8022 -4.9285 0.5243 35.5980 -1.7812 0.8526
Car -1 -1 1.8086 162.6798 157.4835 208.2149 183.6549 1.5523 1.5796 3.8740 -26.3757 -0.1010 44.9633 1.2807 0.1801
Car -1 -1 1.6440 413.5163 178.2642 458.6677 215.9427 1.4410 1.5231 3.7640 -7.0125 1.1763 29.4676 1.4121 0.1207
