Pedestrian -1 -1 2.0626 1061.1809 152.3102 1099.9536 219.5209 1.8309 0.6655 0.6798 13.0657 1.2716 20.1095 2.6318 0.2537
Pedestrian -1 -1 -2.3124 1034.8524 159.1157 1063.8226 207.0104 1.8046 0.7528 0.5770 16.7242 1.2873 27.5415 -1.7717 0.2309
Car -1 -1 -1.9308 796.9276 151.7724 1076.9236 321.8297 1.8059 1.7933 4.7269 4.0329 1.5824 10.0328 -1.5597 0.9104
Car -1 -1 2.2030 0.0000 195.2972 259.3619 375.0000 1.5014 1.5768 3.8935 -4.5771 1.7426 5.7836 1.5554 0.8483
Car -1 -1 -1.7862 746.7740 180.3764 861.3447 257.5146 1.4750 1.6020 4.0169 4.1525 1.6657 16.2222 -1.5409 0.8351
Car -1 -1 1.7519 504.8545 177.8221 557.5558 216.4062 1.5899 1.6455 4.0381 -3.5004 1.8272 32.3374 1.6444 0.7898
Car -1 -1 -1.8301 717.3839 175.9218 798.9666 234.3574 1.6167 1.5703 3.4297 4.3593 1.7177 21.9078 -1.6371 0.7606
Car -1 -1 -1.7033 707.7033 176.1669 765.5533 222.6622 1.5973 1.6106 3.8678 4.6215 1.7308 27.0256 -1.5364 0.6629
Car -1 -1 1.6556 545.3789 176.0943 577.5540 202.8365 1.5068 1.5898 3.9797 -2.8916 1.7099 43.1427 1.5887 0.5236
Car -1 -1 -1.6823 700.4883 175.9027 744.8723 211.9914 1.5242 1.5679 3.6573 5.0010 1.6703 32.6423 -1.5322 0.3374
Car -1 -1 1.7376 531.8814 178.3886 573.2339 209.1242 1.5067 1.5596 3.8398 -3.0141 1.8142 38.0615 1.6586 0.3196
Car -1 -1 1.6820 579.7897 176.4605 604.6191 195.6145 1.5021 1.6087 4.0508 -1.4564 1.8100 59.4536 1.6572 0.3063
Car -1 -1 0.3067 438.2599 175.9628 507.0905 202.2203 1.4958 1.5688 3.6652 -8.0647 1.6828 42.3333 0.1193 0.2752
