Pedestrian -1 -1 -2.3129 417.0645 187.7886 441.6082 236.1067 1.7403 0.6682 0.5749 -6.7257 2.3023 26.6929 -2.5580 0.1826
Pedestrian -1 -1 -1.7806 375.0248 171.2527 400.0699 223.0460 1.7973 0.7313 0.6265 -7.9046 1.7421 25.4872 -2.0788 0.1606
Car -1 -1 -1.4969 446.7995 178.1327 518.2942 238.8671 1.5017 1.6712 4.1020 -3.5338 1.6664 20.3293 -1.6675 0.9302
Car -1 -1 -1.7123 633.9696 169.8618 709.7010 236.5035 1.7249 1.6147 3.6899 1.6216 1.6478 20.5667 -1.6356 0.8823
Car -1 -1 -1.7262 613.7919 179.1873 665.6136 218.1567 1.5153 1.5952 3.9731 1.1593 1.8042 30.7935 -1.6896 0.7234
Car -1 -1 2.0771 0.0000 206.1704 308.1985 375.0000 1.4693 1.5495 3.6497 -2.8558 1.7215 3.5386 1.4334 0.6389
Car -1 -1 1.5689 502.4600 179.2922 536.5032 214.0658 1.5163 1.5092 3.4883 -4.3037 1.8361 33.9629 1.4433 0.4922
Car -1 -1 1.6057 527.7040 176.7136 550.0162 197.8066 1.5374 1.5692 3.8840 -5.4483 1.8443 55.3040 1.5076 0.2162
Car -1 -1 0.5629 420.9667 176.7216 527.1591 216.2058 1.4939 1.6130 3.9529 -5.5164 1.6580 29.0635 0.3765 0.2083
Car -1 -1 -1.7555 651.7867 150.1038 693.4149 184.3180 1.8688 1.6444 4.1276 3.5133 0.6265 41.5446 -1.6719 0.1590
