Pedestrian -1 -1 2.2422 536.3589 181.2488 588.4856 268.3317 1.6604 0.7337 0.7332 -0.8074 1.6569 14.2047 2.1808 0.9173
Pedestrian -1 -1 -1.7940 772.8032 161.7978 807.4023 229.2503 1.7069 0.7203 0.6978 4.8266 1.2095 18.5319 -1.5478 0.8352
Pedestrian -1 -1 -2.1619 182.7201 158.7811 261.1790 292.6112 1.6920 0.6569 0.6745 -5.0740 1.4061 9.5285 -2.6455 0.7437
Pedestrian -1 -1 -2.7681 439.7856 179.4624 481.7937 260.4226 1.5805 0.4808 0.6958 -2.8376 1.5419 14.3180 -2.9659 0.6723
Pedestrian -1 -1 -1.6956 604.4907 168.9916 626.6879 226.4651 1.7878 0.5829 0.9672 0.4170 1.3998 22.8554 -1.6829 0.6712
Pedestrian -1 -1 1.7659 591.2593 168.2801 610.8810 215.9940 1.8898 0.6340 0.8985 -0.0271 1.3672 28.9500 1.7598 0.6683
Pedestrian -1 -1 1.7780 521.3178 168.5167 556.6454 245.3444 1.8657 0.6766 1.1083 -1.5888 1.5516 18.0314 1.6859 0.6167
Pedestrian -1 -1 1.7669 700.8970 163.1083 718.0797 205.6656 1.8294 0.6411 0.5861 4.6903 1.0398 31.2595 1.9095 0.4722
Pedestrian -1 -1 -1.7519 645.6884 170.3952 661.2353 208.3222 1.7698 0.6224 0.6390 2.4399 1.2526 33.8713 -1.6857 0.4673
Pedestrian -1 -1 1.4329 585.9241 166.4679 603.8859 208.3188 1.8593 0.7027 0.7871 -0.3110 1.1924 32.3524 1.4182 0.3633
Pedestrian -1 -1 -1.6385 620.5825 170.7174 636.6942 210.0044 1.8237 0.7041 0.7142 1.2622 1.3241 33.7117 -1.6064 0.3576
Pedestrian -1 -1 -1.2503 631.0881 169.9225 649.4564 207.0197 1.7707 0.6120 0.9986 1.8805 1.2190 34.8609 -1.2019 0.3521
Cyclist -1 -1 -1.2744 262.5089 156.7213 319.4952 255.1673 1.6894 0.4722 1.7515 -5.7196 1.2655 13.2209 -1.6809 0.3858
Cyclist -1 -1 1.7573 520.4064 169.5295 554.8153 245.7360 1.8293 0.6312 1.3095 -1.6113 1.5431 17.9214 1.6635 0.2811
