Car -1 -1 2.1628 0.0000 204.2372 253.6802 375.0000 1.4874 1.6538 4.0433 -5.9230 1.9348 8.2404 1.5545 0.8935
Car -1 -1 1.9529 198.1795 196.9305 370.2950 294.9823 1.4539 1.5680 3.9183 -5.9774 1.9757 13.6450 1.5465 0.8912
Car -1 -1 -0.3999 848.8662 152.5418 1019.2552 208.7855 1.5231 1.6362 4.0747 9.0061 0.9734 20.3762 0.0107 0.8678
Car -1 -1 1.8850 317.0867 191.7991 427.2825 260.0851 1.4714 1.5617 3.8059 -6.0045 2.0078 18.5081 1.5748 0.8588
Car -1 -1 1.7864 393.0650 189.3979 466.9077 237.3434 1.3958 1.5998 3.9534 -6.0250 2.0009 24.3759 1.5460 0.8364
Car -1 -1 -1.7391 666.6096 172.9053 730.4438 218.2091 1.5262 1.6146 4.1873 3.1104 1.5286 26.4430 -1.6239 0.8210
Car -1 -1 1.7754 449.0506 186.4641 506.0166 223.1814 1.4381 1.6343 4.3582 -5.8465 2.0853 32.0876 1.5961 0.8005
Car -1 -1 2.3926 1146.3929 135.5208 1242.0000 175.1145 1.4853 1.5812 4.0385 23.3152 0.0852 27.9728 3.0825 0.6230
Car -1 -1 -3.5242 842.1740 148.3690 984.0926 198.3728 1.5245 1.5899 3.8163 9.4552 0.7784 22.8011 -3.1358 0.6048
Car -1 -1 -1.6406 659.4736 175.0257 702.5816 212.2672 1.5289 1.6046 3.8979 3.0331 1.6310 31.8168 -1.5470 0.5558
Car -1 -1 2.6878 802.3608 159.0982 929.0667 203.9223 1.5152 1.6241 3.8922 8.9177 1.0505 25.4269 3.0212 0.5204
Car -1 -1 -0.2618 763.2504 164.3392 877.2466 204.2649 1.5030 1.5980 3.9630 8.0483 1.1829 27.9890 0.0150 0.4811
Car -1 -1 1.7066 473.4514 184.3764 514.7413 215.8275 1.5031 1.6296 3.8667 -6.0633 2.1393 37.8621 1.5483 0.3968
