Pedestrian -1 -1 0.3038 0.0000 185.0997 81.8911 363.6412 1.5918 0.6219 0.5842 -5.5444 1.7156 6.8775 -0.3561 0.5703
Pedestrian -1 -1 0.1089 229.7379 175.8129 269.5445 277.2697 1.7943 0.7177 0.5751 -6.6429 1.8506 13.2187 -0.3492 0.4571
Pedestrian -1 -1 1.0877 807.2152 152.7279 855.9489 231.0233 1.8580 0.7268 1.0646 5.3758 1.3807 17.7119 1.3771 0.3956
Pedestrian -1 -1 1.0145 728.8654 177.0177 771.3636 278.7635 1.5602 0.4138 0.5811 2.1627 1.6286 11.4361 1.1955 0.2191
Pedestrian -1 -1 -2.0057 335.1403 175.5676 368.7634 236.4389 1.7287 0.6812 0.7253 -7.5695 1.8100 21.0299 -2.3477 0.2184
Pedestrian -1 -1 -0.0372 934.7846 204.3988 1051.6996 375.0000 1.5793 0.4421 0.6292 2.3745 1.7963 4.6252 0.4097 0.2124
Pedestrian -1 -1 -2.5614 123.9279 175.6603 164.1821 249.1713 1.7672 0.5926 0.6011 -11.4503 1.8374 17.6652 -3.1299 0.1921
Cyclist -1 -1 1.0681 805.3660 153.3000 856.4560 230.4898 1.8346 0.7222 1.1746 5.3831 1.3702 17.7970 1.3566 0.1670
Car -1 -1 -1.5496 579.0978 177.5391 611.6292 208.8004 1.5524 1.6446 4.3059 -0.7760 1.8176 38.6275 -1.5701 0.8509
Car -1 -1 -1.5261 542.5126 179.5445 570.0353 204.0756 1.4793 1.6055 3.5920 -3.4461 1.9261 46.3203 -1.6004 0.7312
Car -1 -1 1.4733 753.6625 181.5644 787.5041 207.8900 1.5040 1.6421 4.0849 9.8780 2.0703 44.7511 1.6886 0.2515
Car -1 -1 -1.1317 742.0043 181.0408 784.9785 202.9600 1.5793 1.6559 4.1255 11.8648 2.2364 55.7328 -0.9236 0.2469
Car -1 -1 -1.5190 497.7563 151.3821 555.2890 204.0600 1.5155 1.6011 3.5880 -2.5871 0.8981 22.5947 -1.6321 0.1751
