Cyclist -1 -1 1.4764 431.2347 174.7128 457.5649 239.7029 1.7894 0.5757 1.7635 -4.8453 1.8458 20.8441 1.2501 0.7416
Cyclist -1 -1 1.6567 459.6556 175.6231 483.7701 235.4175 1.8171 0.5995 1.8292 -4.4294 1.9091 22.9513 1.4675 0.6328
Car -1 -1 1.1670 763.2599 182.0797 1089.9783 375.0000 1.4976 1.6270 3.8904 2.9205 1.6226 7.7562 1.5134 0.9065
Car -1 -1 -1.8393 655.8649 182.6431 756.5961 253.3465 1.4273 1.4670 3.2861 2.0823 1.6788 16.7763 -1.7190 0.8817
Car -1 -1 -1.7562 556.5334 180.8768 603.3204 216.1620 1.6052 1.6537 3.6678 -1.5776 2.0244 35.6932 -1.8006 0.8437
Car -1 -1 -1.5071 346.9580 188.0492 419.2909 250.6065 1.4273 1.6064 3.7215 -6.0572 1.8789 19.4267 -1.8061 0.8115
Car -1 -1 1.6778 367.2255 185.2811 430.4012 234.9029 1.4659 1.6235 4.0509 -7.1280 1.9253 24.5166 1.3972 0.7489
Car -1 -1 -1.8418 606.6370 179.0957 683.3005 230.9575 1.5289 1.5736 3.6442 1.0182 1.7511 23.6916 -1.8001 0.7479
Car -1 -1 -1.6497 536.3807 181.0186 565.0007 206.7039 1.5215 1.5409 3.3103 -3.8115 2.0579 45.6132 -1.7331 0.6821
Car -1 -1 -2.3312 927.4566 160.1707 1242.0000 375.0000 1.4756 1.5990 3.8926 2.9259 1.4590 2.9262 -1.5952 0.6592
