Pedestrian -1 -1 -0.4314 759.7078 158.2171 776.5626 193.9519 1.6871 0.4845 0.6395 7.4919 0.9964 34.3674 -0.2188 0.2820
Pedestrian -1 -1 1.9537 0.0000 118.5458 41.9785 231.7468 1.7746 0.5435 0.7923 -9.8217 0.9236 11.7677 1.2693 0.2619
Cyclist -1 -1 1.9537 0.0000 118.5458 41.9785 231.7468 1.7746 0.5435 0.7923 -9.8217 0.9236 11.7677 1.2693 0.1079
Car -1 -1 -2.6453 146.2248 177.3205 358.3485 258.0132 1.5334 1.5894 3.5415 -7.2251 1.6300 14.6797 -3.0960 0.8838
Car -1 -1 -1.7820 623.1929 176.3701 668.6670 207.7579 1.4604 1.5664 3.3778 1.6947 1.6438 35.7660 -1.7356 0.8676
Car -1 -1 -2.3528 741.7834 177.6873 859.6923 225.1263 1.3896 1.5537 3.6875 6.0752 1.5608 23.5200 -2.1036 0.8610
Car -1 -1 -2.3776 0.0000 188.5556 196.5848 349.1080 1.4382 1.5837 3.8405 -6.7232 1.6218 7.5262 -3.0893 0.6750
Car -1 -1 3.5128 210.0136 179.7106 397.6447 248.6794 1.4932 1.5941 3.6497 -6.9951 1.6595 16.6216 3.1197 0.4789
Car -1 -1 -2.7851 422.6041 176.4598 503.0410 206.0923 1.5190 1.6080 3.8715 -7.8311 1.7165 38.3454 -2.9856 0.4575
Car -1 -1 3.4622 254.5215 150.1199 453.2888 233.4045 2.0844 1.8692 4.5814 -6.6670 1.5158 19.0192 3.1289 0.4497
Car -1 -1 -1.5481 452.0355 177.1703 489.2878 213.4025 1.5007 1.5459 3.7383 -6.2350 1.7063 32.3243 -1.7376 0.4029
Car -1 -1 0.9452 0.0000 216.5163 149.7518 375.0000 1.4644 1.5998 3.8932 -5.7680 1.8454 5.2298 0.1363 0.3601
Car -1 -1 -1.6867 606.1987 173.4086 639.1536 198.7620 1.5196 1.6153 3.9580 0.7221 1.5564 45.3839 -1.6713 0.3362
Car -1 -1 0.0339 438.7334 175.0289 506.0908 200.8136 1.4963 1.5966 3.8864 -8.2182 1.6300 43.1378 -0.1536 0.3110
