Pedestrian -1 -1 -1.4043 372.6912 167.5827 422.9366 274.7367 1.6637 0.6526 0.8475 -3.3181 1.4489 11.6082 -1.6825 0.9022
Pedestrian -1 -1 -1.6022 713.4734 161.7065 758.9891 269.1474 1.7243 0.7051 1.0226 2.2077 1.4079 12.0810 -1.4308 0.8090
Pedestrian -1 -1 -1.8811 657.4142 169.3369 706.4066 270.8398 1.6259 0.5906 0.7857 1.2857 1.4324 11.9501 -1.7819 0.7972
Pedestrian -1 -1 -1.3640 496.2833 169.0457 519.0325 218.4660 1.8304 0.6671 0.9932 -3.5538 1.3701 27.1215 -1.4982 0.6162
Pedestrian -1 -1 -1.5463 748.1935 165.0033 766.7493 219.6457 1.7371 0.5759 0.8225 5.0401 1.2137 23.2992 -1.3407 0.5703
Pedestrian -1 -1 2.7976 256.1239 170.8987 305.6288 251.3005 1.8078 0.5952 0.9017 -7.4750 1.5707 16.6760 2.3766 0.5079
Pedestrian -1 -1 2.8736 579.1593 173.4479 592.0059 196.5085 1.8689 0.4803 0.9531 -1.2681 1.2168 58.5823 2.8471 0.4882
Pedestrian -1 -1 0.4004 730.1362 161.7747 763.7735 215.8150 1.8448 0.6744 0.9663 5.0560 1.1725 25.0692 0.5923 0.4324
Pedestrian -1 -1 -1.8789 772.8717 154.9292 801.9343 219.4744 1.7663 0.5102 0.9707 5.1788 1.0403 20.1555 -1.6356 0.4039
Cyclist -1 -1 1.7888 524.0674 167.2329 562.9814 243.0719 1.7420 0.5929 1.7102 -1.4142 1.4155 17.3838 1.7034 0.8790
Cyclist -1 -1 1.7691 583.5095 169.1423 612.3388 226.1411 1.8136 0.6310 1.7614 -0.1252 1.4215 23.7772 1.7586 0.8394
Cyclist -1 -1 1.4623 547.6799 167.7866 568.6714 219.1994 1.7835 0.5521 1.7771 -1.5905 1.3088 25.8390 1.3962 0.6389
Cyclist -1 -1 -1.6159 713.6954 159.6143 759.9889 266.1433 1.7146 0.7061 1.0305 2.2242 1.3637 12.1151 -1.4437 0.1280
Cyclist -1 -1 -1.8789 772.8717 154.9292 801.9343 219.4744 1.7663 0.5102 0.9707 5.1788 1.0403 20.1555 -1.6356 0.1101
Car -1 -1 1.6898 553.3958 170.9072 585.4481 198.1222 1.7418 1.6783 4.2077 -2.0893 1.0646 48.1306 1.6416 0.5113
