Pedestrian -1 -1 1.1503 1002.4780 135.2486 1047.8336 217.3535 1.8302 0.6436 0.7326 9.5502 0.8231 16.1543 1.6774 0.3476
Pedestrian -1 -1 0.9869 1174.4677 119.6029 1224.0000 231.5744 1.8595 0.5418 1.0954 10.5466 0.8498 12.3118 1.6843 0.2219
Pedestrian -1 -1 2.6833 423.3006 173.2111 441.8930 195.8115 1.7684 0.5191 1.3380 -13.6276 1.1993 55.9460 2.4473 0.1655
Pedestrian -1 -1 0.3113 363.4448 182.8614 388.6852 209.5030 1.6015 0.5690 1.3455 -13.8708 1.7469 42.8349 0.0019 0.1244
Pedestrian -1 -1 1.6550 748.3943 157.0198 793.8210 279.8526 1.7678 0.6100 0.7486 2.4580 1.4316 10.6200 1.8777 0.1236
Pedestrian -1 -1 -1.8059 0.0000 108.3134 36.0744 197.5780 1.8261 0.6247 0.8054 -12.5899 0.3510 14.9517 -2.4927 0.1114
Cyclist -1 -1 2.1030 365.6418 183.6935 386.8593 210.2297 1.5754 0.5699 1.4436 -13.8834 1.7741 42.9229 1.7939 0.2988
Cyclist -1 -1 2.4034 423.0715 172.1309 443.6609 195.0592 1.7899 0.5173 1.6715 -13.5812 1.1378 56.0268 2.1686 0.2265
Cyclist -1 -1 0.9727 1171.2401 118.7198 1224.0000 229.1480 1.8309 0.5503 1.2209 10.5747 0.8082 12.3526 1.6699 0.1646
Cyclist -1 -1 -1.7855 691.3875 151.8486 711.8986 198.3762 1.7475 0.4325 1.6991 3.7110 0.6729 27.4150 -1.6505 0.1624
Car -1 -1 2.4580 0.0000 146.3888 108.3930 188.2040 1.6273 1.6446 4.1076 -23.4199 0.3013 29.6970 1.7976 0.2412
Car -1 -1 1.7461 171.4331 182.1400 220.8843 214.4701 1.5156 1.5148 3.6011 -20.3545 1.6034 35.2888 1.2285 0.1326
Car -1 -1 2.0643 145.8727 159.4021 268.8186 214.1699 1.7690 1.7670 4.6999 -13.9919 1.0891 25.1881 1.5645 0.1079
