Pedestrian -1 -1 2.3493 1172.5573 122.0766 1242.0000 217.2669 1.8392 0.6675 1.0807 11.9094 0.8585 14.3291 3.0327 0.6200
Pedestrian -1 -1 -2.6859 739.1920 143.5379 771.5312 191.0958 1.8085 0.7120 1.0234 5.6040 0.6941 28.0289 -2.4908 0.4766
Pedestrian -1 -1 1.8471 1035.0222 162.1669 1067.9832 224.1612 1.8350 0.6916 0.6957 13.3213 1.5190 21.8444 2.3883 0.1692
Cyclist -1 -1 1.1811 764.1423 181.0708 778.5482 202.9255 1.6798 0.5566 1.5528 12.6872 2.3371 56.8787 1.3989 0.2839
Cyclist -1 -1 2.3573 1173.3158 121.6719 1242.0000 215.6338 1.8110 0.6304 1.4217 12.0334 0.8249 14.2844 3.0473 0.1707
Cyclist -1 -1 0.3869 741.3234 142.7681 773.7675 191.0841 1.8359 0.7153 1.0417 5.6837 0.6931 28.0001 0.5849 0.1682
Car -1 -1 -1.4331 495.5420 178.6390 556.0497 224.7899 1.4836 1.6164 3.8557 -2.9552 1.7051 25.6272 -1.5474 0.9156
Car -1 -1 -1.0554 46.6754 185.4299 297.5098 302.2607 1.3911 1.5495 3.6521 -6.2976 1.6118 10.8095 -1.5726 0.9128
Car -1 -1 -1.5369 557.5734 176.3301 580.2591 197.2041 1.4958 1.5786 3.7555 -3.0848 1.7665 54.2279 -1.5939 0.3188
Car -1 -1 2.6109 78.3618 186.0447 289.4923 261.5273 1.4662 1.5926 3.9909 -9.8253 1.8141 16.8833 2.0904 0.1781
