Pedestrian -1 -1 -1.4597 172.3059 195.2246 199.3456 249.3476 1.7511 0.7116 0.6446 -14.2322 2.5138 24.1441 -1.9878 0.3791
Pedestrian -1 -1 -1.3954 114.0514 195.2276 141.7939 249.6456 1.7798 0.6836 0.5949 -16.3021 2.5477 24.3415 -1.9807 0.2928
Car -1 -1 -1.8444 637.3888 180.9641 752.3958 261.4728 1.4522 1.5074 3.3513 1.6108 1.6429 15.1503 -1.7416 0.9167
Car -1 -1 2.5005 556.6498 175.2651 652.1547 214.7731 1.5599 1.6174 3.8339 -0.2438 1.6682 30.5095 2.4919 0.8338
Car -1 -1 -0.8516 714.9406 173.1298 817.7372 214.6870 1.4277 1.5717 3.8343 5.7545 1.4389 26.5867 -0.6412 0.7909
Car -1 -1 -1.0068 865.1470 171.1737 937.7115 204.9184 1.4373 1.4987 3.2816 13.0249 1.3661 32.3001 -0.6271 0.7809
Car -1 -1 -0.9947 790.2496 172.3801 884.1021 210.7135 1.4664 1.6331 4.2403 9.3198 1.4486 29.5809 -0.6928 0.7492
Car -1 -1 -1.1027 914.7656 164.3316 995.9830 203.1728 1.7772 1.7551 4.4475 16.7862 1.3876 35.0676 -0.6599 0.6822
Car -1 -1 2.0097 677.2936 173.0943 746.2916 207.3006 1.5458 1.6477 4.2726 4.9460 1.5586 34.8756 2.1489 0.4626
Car -1 -1 -1.9609 55.6659 172.7218 146.3344 212.8572 1.4932 1.5882 3.8674 -20.2099 1.4887 28.5527 -2.5726 0.2722
Car -1 -1 1.6389 0.0000 176.0130 19.2405 226.9428 1.5147 1.5760 3.9467 -20.6344 1.6281 23.7643 0.9293 0.2495
