Pedestrian -1 -1 -1.3963 902.9208 144.2828 940.7366 236.5538 1.7736 0.5678 0.8019 6.1596 1.2247 14.3569 -0.9989 0.1819
Pedestrian -1 -1 -1.1573 818.4721 160.9907 850.9531 224.5909 1.7460 0.6200 0.7663 6.2769 1.4207 20.2979 -0.8620 0.1604
Pedestrian -1 -1 1.4400 1013.6420 157.5728 1041.8380 208.8647 1.6606 0.6165 1.4946 13.9314 1.1662 24.1653 1.9574 0.1103
Cyclist -1 -1 1.4268 1013.5402 157.3604 1042.7953 208.5677 1.6557 0.6274 1.4972 13.9294 1.1551 24.1382 1.9447 0.2178
Car -1 -1 -1.5456 590.6841 177.7170 637.6027 225.3780 1.6621 1.6690 4.5738 0.1721 1.8664 27.9430 -1.5403 0.9311
Car -1 -1 2.0431 173.3499 184.5202 343.3146 263.2267 1.5017 1.6798 4.3474 -7.8980 1.8064 16.6180 1.6052 0.9258
Car -1 -1 1.8579 368.8436 181.0569 445.5973 228.3328 1.5756 1.6622 4.0094 -7.4602 1.9032 26.7643 1.5881 0.8829
Car -1 -1 1.7765 431.6758 183.1042 481.1050 215.8304 1.4511 1.5716 4.0136 -7.4759 1.9808 35.2565 1.5686 0.6471
Car -1 -1 1.9623 467.9959 183.5464 516.0836 209.4688 1.4917 1.5937 3.9573 -7.3912 2.1957 45.3664 1.8013 0.2169
Car -1 -1 -0.7260 914.9042 157.2767 1047.5999 206.2201 1.5530 1.6126 3.8665 12.3639 1.0591 24.1655 -0.2582 0.1409
