Pedestrian -1 -1 2.7913 246.0848 167.1966 268.9619 202.5591 1.8495 0.5583 0.9573 -18.4470 1.1551 37.5123 2.3394 0.1617
Pedestrian -1 -1 1.7821 803.4140 163.8764 816.7317 196.9907 1.6809 0.5000 0.8112 10.5364 0.8385 36.3601 2.0636 0.1587
Pedestrian -1 -1 1.5162 282.1845 173.6620 314.5697 261.9298 1.7462 0.5705 0.7868 -6.3203 1.6125 14.4612 1.1139 0.1454
Pedestrian -1 -1 -1.6535 996.7191 151.5358 1021.1486 218.9894 1.6573 0.3974 1.6434 10.3473 0.9473 18.1966 -1.1422 0.1103
Cyclist -1 -1 -1.6329 999.3947 150.8536 1023.7822 217.7274 1.6509 0.4251 1.7522 10.4924 0.9206 18.3312 -1.1187 0.2695
Cyclist -1 -1 1.2274 878.1658 156.8008 902.3693 194.8735 1.7667 0.5895 1.5033 13.5147 0.6684 33.5660 1.6087 0.1493
Car -1 -1 -0.8804 0.0000 208.0776 306.3900 370.0000 1.4769 1.5601 3.6288 -3.0753 1.6847 3.4567 -1.5618 0.6613
Car -1 -1 -1.3872 0.0000 186.3572 21.8345 217.4928 1.5382 1.6123 4.0685 -32.7432 1.8716 37.9044 -2.0939 0.3980
Car -1 -1 1.6455 452.0212 173.7533 477.9377 194.5793 1.5330 1.6393 4.0688 -10.6773 1.0377 54.1573 1.4537 0.3814
Car -1 -1 1.7783 0.0000 186.5580 10.5363 259.9417 1.4618 1.6006 4.0865 -15.4765 1.6243 16.6039 1.0393 0.1483
