Pedestrian -1 -1 -0.2422 823.1928 120.5866 915.0966 289.3506 1.6751 0.4522 0.7943 2.6888 1.0719 7.3885 0.0902 0.2082
Pedestrian -1 -1 1.9355 699.6348 156.6087 715.4786 193.8073 1.8372 0.5077 0.8849 5.3121 0.6087 35.9853 2.0761 0.1970
Car -1 -1 -0.1957 216.6192 174.7882 377.0746 235.6883 1.6861 1.7125 4.2290 -9.2116 1.5014 21.7822 -0.5968 0.8524
Car -1 -1 -1.5072 540.4880 172.8639 573.0615 202.3228 1.5175 1.5550 3.4275 -2.3717 1.0735 38.7164 -1.5730 0.6911
Car -1 -1 1.8763 331.7820 178.3687 386.0016 208.3007 1.5122 1.6245 3.9888 -12.8606 1.3549 38.2993 1.5494 0.3296
Car -1 -1 -1.3463 595.7702 170.1470 625.9109 189.5108 1.4912 1.5864 3.9601 0.8124 0.6175 57.4268 -1.3371 0.2582
Car -1 -1 0.4947 428.9127 178.0291 516.4620 210.7637 1.4844 1.5880 3.7645 -6.0774 1.3279 33.9072 0.3136 0.2392
Car -1 -1 1.5260 616.0038 164.9289 635.4634 182.4787 1.5562 1.5796 3.9332 2.2310 0.0872 65.6739 1.5551 0.1821
Car -1 -1 1.1714 154.9776 183.8335 225.9164 215.3751 1.5001 1.6252 4.1330 -20.8272 1.6251 36.3358 0.6489 0.1700
Car -1 -1 -1.3192 578.8571 168.1149 607.3671 187.0953 1.6735 1.6461 4.1175 -0.6877 0.4938 65.5280 -1.3345 0.1530
