Car -1 -1 1.8202 0.0000 213.7468 185.4212 375.0000 1.4909 1.6654 4.1746 -6.0953 2.0742 8.0345 1.1867 0.9185
Car -1 -1 -1.9816 555.3537 203.0672 793.1813 360.9702 1.4746 1.5904 4.1028 0.5467 1.9766 9.7773 -1.9294 0.8963
Car -1 -1 1.7537 102.4295 212.0461 234.7478 314.1362 1.5321 1.5701 3.5058 -8.5722 2.4087 14.2131 1.2187 0.8934
Car -1 -1 -1.8452 495.1132 206.2840 629.1910 304.9898 1.4551 1.5788 3.9166 -1.1365 2.2101 14.1743 -1.9252 0.8752
Car -1 -1 -2.2523 679.3197 207.4567 1233.2035 375.0000 1.4136 1.5471 3.6557 1.9518 1.7654 5.3426 -1.9216 0.8726
Car -1 -1 -1.7732 439.5087 195.6575 530.4022 271.1656 1.6463 1.6261 3.6824 -3.4225 2.3094 18.9552 -1.9504 0.8614
Car -1 -1 -1.6409 404.0099 203.1715 449.3476 244.6754 1.4623 1.5857 4.1546 -7.9429 2.8539 30.8857 -1.8913 0.8258
Car -1 -1 1.6356 212.0570 193.6580 279.4273 262.6157 2.0048 1.7591 4.6142 -12.5167 2.7952 24.9307 1.1740 0.7014
Car -1 -1 1.6939 270.6923 201.5609 307.7885 231.8984 1.6389 1.6481 3.8564 -19.9864 3.5127 45.0037 1.2777 0.5528
Car -1 -1 -1.6691 397.5641 200.3288 435.9111 235.6614 1.5233 1.5119 3.3612 -9.6638 2.9572 35.8053 -1.9315 0.4170
