Pedestrian -1 -1 -1.8972 1090.5073 151.7742 1148.5769 260.4603 1.7037 0.5473 0.7640 8.2286 1.3736 11.7490 -1.2984 0.1836
Pedestrian -1 -1 2.4860 83.2860 199.3173 127.1244 245.2259 1.6690 0.5858 1.2913 -19.4396 2.7129 27.7451 1.8791 0.1710
Pedestrian -1 -1 2.5901 233.5992 182.5809 256.9797 212.8619 1.6899 0.5432 1.0665 -20.8783 2.2543 41.2440 2.1238 0.1428
Pedestrian -1 -1 -1.3058 686.8107 164.9804 703.0710 198.3309 1.7792 0.4759 1.6216 4.6021 1.3595 39.3309 -1.1906 0.1331
Pedestrian -1 -1 -1.4980 951.3373 160.1299 973.8730 220.1537 1.7093 0.5429 0.7340 10.2187 1.3473 20.9982 -1.0510 0.1228
Pedestrian -1 -1 1.5516 1045.3861 164.3199 1080.5042 254.7697 1.5993 0.5120 1.2307 8.3556 1.4487 13.4155 2.0983 0.1143
Cyclist -1 -1 2.2230 79.2640 200.1722 127.5056 247.3759 1.6874 0.5685 1.7479 -19.4656 2.7702 27.7007 1.6148 0.4067
Cyclist -1 -1 -1.3332 687.5223 164.7080 702.9877 198.0530 1.7809 0.4726 1.6257 4.6245 1.3462 39.3772 -1.2175 0.2583
Cyclist -1 -1 2.3609 234.5642 182.8580 262.6664 212.3284 1.6367 0.5197 1.5144 -20.7651 2.2223 41.4122 1.8984 0.1901
Cyclist -1 -1 1.1591 1029.6952 165.1155 1093.9565 256.3407 1.6078 0.4910 1.3677 8.3247 1.4718 13.4242 1.7038 0.1765
Car -1 -1 1.9972 262.0999 187.9724 322.5587 218.2682 1.4452 1.5708 3.5761 -16.6987 2.2797 38.0116 1.5856 0.7944
Car -1 -1 2.0607 201.2195 184.9856 269.9904 216.3261 1.5190 1.5870 3.9246 -19.9072 2.1995 38.4716 1.5858 0.3973
