Pedestrian -1 -1 -0.0721 879.6017 154.9340 920.0888 221.8491 1.8286 0.5227 1.0084 8.0223 1.3392 20.1142 0.3019 0.7687
Pedestrian -1 -1 2.0281 707.8984 152.0955 728.4214 197.9032 1.7984 0.4910 0.8424 4.2799 0.9838 28.8105 2.1737 0.1984
Pedestrian -1 -1 -3.2928 931.2231 174.1312 964.6061 233.5878 1.5714 0.4687 0.7479 9.0357 1.6067 19.4096 -2.8635 0.1772
Pedestrian -1 -1 -0.3260 759.9684 167.5040 777.4841 199.1505 1.8415 0.6597 0.8358 9.2811 1.5305 42.3570 -0.1121 0.1663
Cyclist -1 -1 -0.0520 878.4879 157.4055 927.0166 221.9828 1.7613 0.5349 1.2240 8.1040 1.3403 20.1254 0.3252 0.1061
Car -1 -1 1.9097 325.3134 182.5487 390.4514 217.1012 1.4741 1.6299 4.0542 -11.8121 1.9579 33.9517 1.5769 0.8018
Car -1 -1 1.8390 389.1882 182.9251 447.0623 219.4114 1.4705 1.5540 3.6661 -8.4605 1.9424 31.9360 1.5816 0.6724
Car -1 -1 -1.5085 598.3253 174.8294 627.8024 200.4161 1.5298 1.6158 4.0180 0.2011 1.6604 45.5120 -1.5045 0.5940
Car -1 -1 1.6526 482.3808 176.5785 508.0262 198.4775 1.6163 1.6472 3.9664 -8.8969 1.9162 55.9842 1.4953 0.4336
Car -1 -1 2.3397 0.0000 190.6635 109.8113 257.5333 1.4775 1.6358 4.2085 -15.8055 2.0068 19.2624 1.6593 0.2195
