Pedestrian -1 -1 -3.2965 860.2621 164.1155 882.7470 204.7570 1.8197 0.6523 0.8652 11.8078 1.4288 32.7044 -2.9533 0.3378
Car -1 -1 -1.7206 682.4890 174.3254 785.9656 263.3708 1.7833 1.6847 4.1368 2.6582 1.8217 16.5888 -1.5656 0.9404
Car -1 -1 -2.0192 804.2812 192.5603 1242.0000 375.0000 1.4431 1.5595 3.8514 2.7908 1.6512 5.6663 -1.5833 0.8870
Car -1 -1 -1.7276 662.5002 181.8093 734.9874 235.9646 1.4896 1.6072 4.0209 2.6302 1.7954 22.5632 -1.6139 0.8759
Car -1 -1 -2.4971 0.0000 155.9194 297.5556 315.4066 1.8059 1.7436 4.0456 -6.4067 1.6145 9.1315 -3.0955 0.8735
Car -1 -1 3.4750 230.0848 181.7876 431.8438 255.1791 1.5833 1.6613 4.0234 -6.3711 1.8009 16.6632 3.1146 0.7611
Car -1 -1 0.4622 175.7729 187.0499 404.9309 274.1986 1.5565 1.6378 3.7646 -6.1881 1.8526 14.1058 0.0551 0.7235
Car -1 -1 -1.6590 648.4437 178.5995 692.5424 218.0052 1.6024 1.6022 3.5758 2.5594 1.8692 31.6569 -1.5798 0.6813
Car -1 -1 1.5272 633.5054 179.0452 660.3585 204.0987 1.4814 1.5206 3.5857 2.2556 1.8863 45.3464 1.5761 0.5218
Car -1 -1 0.2965 468.0844 180.9438 542.6910 207.7063 1.5306 1.6344 4.1090 -6.2516 2.0263 43.0610 0.1527 0.4785
Car -1 -1 -2.5445 69.6031 196.3713 357.6116 297.6521 1.4515 1.5908 3.9287 -6.4237 1.8693 11.8049 -3.0339 0.4272
Car -1 -1 0.3122 397.9495 182.6674 501.9424 221.6277 1.5519 1.6399 3.9437 -6.7064 1.9773 30.2480 0.0954 0.4127
Car -1 -1 0.2578 340.9532 181.8952 466.3944 227.9290 1.5770 1.6273 4.0475 -7.3766 1.9126 25.8979 -0.0175 0.3044
