Pedestrian -1 -1 -1.8669 679.4928 178.5424 697.5797 214.9059 1.8390 0.7251 0.7844 3.9955 2.1353 37.0834 -1.7610 0.2644
Pedestrian -1 -1 -1.8594 8.1203 170.8463 58.8629 268.2837 1.5937 0.4535 0.8524 -9.8288 1.5613 12.2304 -2.5259 0.2081
Pedestrian -1 -1 -1.8517 295.5982 159.6904 325.0627 221.6922 1.8331 0.6712 0.6414 -9.0981 1.4443 21.7894 -2.2433 0.1965
Car -1 -1 -1.2533 232.4467 191.8157 466.6297 347.0611 1.4824 1.6072 3.9030 -3.1027 1.7790 9.3186 -1.5673 0.9139
Car -1 -1 1.4620 630.4052 182.6805 688.9009 228.6871 1.4907 1.6769 3.9849 1.6853 1.8766 26.2730 1.5246 0.8496
Car -1 -1 1.6826 531.0449 174.8396 565.3165 207.7189 1.9338 1.6706 4.1234 -3.8201 2.0631 44.7697 1.5974 0.8171
Car -1 -1 2.3500 0.0000 0.0000 1242.0000 375.0000 1.4639 1.6009 3.9110 -2.8655 1.3886 1.7953 1.4055 0.5170
Car -1 -1 -1.5933 626.0717 174.7641 654.0948 201.6480 1.5701 1.6227 4.0356 1.7815 1.6935 44.4561 -1.5540 0.4226
Car -1 -1 1.5900 488.9020 178.4415 518.2202 206.2132 1.4907 1.5944 3.9140 -6.1303 1.8290 41.5921 1.4442 0.3220
Car -1 -1 2.2126 0.0000 208.0231 271.0869 371.1863 1.4395 1.6066 3.9873 -6.2505 1.9918 9.2818 1.6327 0.2644
Car -1 -1 1.1397 538.6860 179.3138 580.4833 201.9080 1.5608 1.5849 3.8871 -3.7774 2.0554 53.1189 1.0686 0.2570
