Pedestrian -1 -1 -1.5426 784.2555 137.3774 797.5583 178.0573 1.8182 0.5553 1.4309 8.2432 0.2329 33.0106 -1.3000 0.1335
Pedestrian -1 -1 -2.1926 933.5357 147.6343 975.7244 224.7186 1.7846 0.6138 0.6885 8.1098 1.2011 17.0972 -1.7567 0.1239
Cyclist -1 -1 -1.5557 785.6348 139.2470 797.3809 179.0557 1.7756 0.5026 1.6770 8.2823 0.2770 33.0550 -1.3123 0.2780
Car -1 -1 2.1445 27.6664 190.8065 197.6806 255.1087 1.4947 1.7579 4.4635 -13.7560 2.0554 20.2700 1.5541 0.9279
Car -1 -1 1.7844 405.1158 182.1039 441.4592 205.1233 1.5863 1.7383 4.3235 -13.8626 2.3030 53.6770 1.5325 0.5172
Car -1 -1 0.7547 0.0000 196.7952 47.0679 244.8837 1.4989 1.5835 3.7855 -21.4126 2.3309 24.2013 0.0357 0.2566
Car -1 -1 2.2701 0.0000 183.0165 73.9746 225.8293 1.5439 1.5751 4.0755 -23.9371 1.9821 29.0381 1.5851 0.2142
Car -1 -1 2.1954 193.6714 184.9926 268.8280 216.9763 1.5558 1.5842 3.8934 -20.2502 2.2414 38.6856 1.7157 0.1428
Car -1 -1 1.1987 343.8400 190.3167 381.7763 210.3263 1.5367 1.6563 4.1285 -21.0188 3.0695 61.2043 0.8689 0.1348
Car -1 -1 1.4841 656.4614 189.3495 700.2894 225.8868 1.4264 1.5724 4.0106 2.9301 2.2040 31.9865 1.5739 0.1343
