Pedestrian -1 -1 1.4286 767.5322 142.6063 792.4897 199.9464 1.8360 0.6757 0.8449 5.4962 0.8678 23.5496 1.6548 0.3045
Car -1 -1 -1.7727 698.0535 178.3681 810.0400 257.8486 1.4843 1.6161 3.6538 2.9185 1.6178 15.5715 -1.5918 0.9087
Car -1 -1 -1.2578 338.4999 182.0449 444.8183 246.5931 1.5781 1.6698 4.0517 -6.0339 1.8627 20.2680 -1.5441 0.9061
Car -1 -1 2.1602 0.0000 198.6519 262.8610 358.4305 1.4928 1.5663 3.6878 -6.1629 1.8881 9.1897 1.5824 0.8946
Car -1 -1 -0.4202 844.6819 152.0197 1054.5541 221.3224 1.6368 1.7111 4.4006 8.2541 1.1451 17.9053 0.0052 0.8584
Car -1 -1 2.5291 963.6606 131.8547 1242.0000 242.7581 1.6621 1.7330 4.2840 8.2482 1.0480 11.6993 3.1312 0.8160
Car -1 -1 1.7429 443.1414 182.6166 498.1017 220.2078 1.4727 1.6602 4.1425 -6.0333 1.9265 31.4314 1.5543 0.7216
Car -1 -1 2.1624 1070.0088 157.1887 1242.0000 294.5721 1.4556 1.5948 3.8924 7.8878 1.2900 8.9336 2.8692 0.5632
Car -1 -1 1.7325 472.4960 179.7415 515.4942 212.1359 1.5368 1.5827 3.7847 -5.9185 1.9078 36.9279 1.5742 0.5158
Car -1 -1 1.7063 486.8202 179.5839 523.4843 207.2696 1.4938 1.5924 3.8850 -6.0627 1.9024 41.8238 1.5628 0.5104
Car -1 -1 1.6861 505.0643 176.9522 536.8004 201.2063 1.5127 1.6088 4.2715 -5.8924 1.7971 47.8651 1.5639 0.3955
