Pedestrian -1 -1 -1.6575 789.9579 168.0014 807.8949 210.7953 1.6252 0.5974 0.8156 7.2445 1.4412 27.8501 -1.4060 0.7084
Pedestrian -1 -1 -2.0387 1006.2994 158.9340 1060.1461 250.6731 1.6525 0.5877 0.7339 7.7811 1.4021 13.3752 -1.5218 0.6833
Pedestrian -1 -1 -2.0554 1044.6665 157.2984 1114.6909 254.9596 1.7119 0.5522 1.2433 8.5675 1.4396 13.2862 -1.4932 0.2205
Pedestrian -1 -1 -1.8586 968.0546 147.2910 1045.4165 271.1787 1.7554 0.5683 1.6559 5.9987 1.3935 11.0882 -1.3743 0.1401
Cyclist -1 -1 -1.9889 960.8119 146.3389 1051.7511 272.3214 1.7829 0.5453 1.7245 5.9821 1.4080 11.0866 -1.5057 0.9199
Cyclist -1 -1 -2.0555 1035.6282 158.0719 1115.8728 255.4246 1.7032 0.5794 1.5528 8.5662 1.4450 13.4164 -1.4977 0.2622
Cyclist -1 -1 -1.6476 789.9106 168.9919 807.2063 215.2854 1.7103 0.5121 1.5380 7.1231 1.5680 27.4561 -1.3969 0.1691
Car -1 -1 2.6437 906.3527 181.5095 988.5094 208.3227 1.5281 1.6605 4.1122 19.8969 2.0522 42.7000 3.0766 0.4332
Car -1 -1 1.2361 940.8143 181.6004 988.9940 204.6969 1.4867 1.6573 4.3783 24.7032 2.1260 50.4333 1.6888 0.2673
Car -1 -1 1.0569 1054.5918 174.1736 1103.6729 193.3353 1.5616 1.6500 4.1543 39.7080 1.6778 61.2148 1.6299 0.2488
Car -1 -1 2.2325 897.5261 184.1664 942.8503 202.1741 1.5063 1.6075 3.9658 27.5480 2.5379 64.1069 2.6362 0.1959
Car -1 -1 1.2444 808.5607 171.3324 856.3646 197.1629 1.5046 1.5947 3.9313 13.4742 1.4163 44.0149 1.5392 0.1885
