Pedestrian -1 -1 0.3300 719.4995 131.4241 756.7209 209.3580 1.5937 0.4178 0.6689 2.6308 0.7469 15.0959 0.4989 0.4503
Pedestrian -1 -1 -1.5694 696.6001 160.8635 710.3649 200.1792 1.8529 0.6441 0.7334 4.4182 1.2881 34.4069 -1.4432 0.4093
Pedestrian -1 -1 1.2037 520.6673 169.8419 555.1247 219.5645 1.8009 0.7239 1.6908 -2.7607 1.6922 27.0484 1.1024 0.1483
Pedestrian -1 -1 0.9049 497.5336 171.4856 539.5587 221.1745 1.7712 0.6298 1.6772 -3.4171 1.7227 26.5292 0.7774 0.1323
Cyclist -1 -1 1.6809 506.9836 171.4941 529.2055 222.5387 1.8079 0.6062 1.9064 -3.4061 1.7601 26.5114 1.5538 0.7048
Cyclist -1 -1 1.6825 538.8616 172.6008 552.0784 203.6868 1.7311 0.5508 1.8358 -3.7024 1.7173 41.1004 1.5927 0.3687
Cyclist -1 -1 1.3741 524.5398 170.2215 553.2443 219.5217 1.7831 0.7319 1.7897 -2.7249 1.6882 27.0565 1.2741 0.3052
Cyclist -1 -1 0.2343 719.9717 132.0592 756.1143 209.1422 1.5785 0.4175 0.6678 2.6303 0.7435 15.0962 0.4032 0.1222
Car -1 -1 1.8738 259.0967 179.1149 418.7169 284.3526 1.6702 1.6661 4.0302 -4.9880 1.8076 13.7389 1.5310 0.9197
Car -1 -1 -1.8039 722.9582 172.0225 908.5139 308.1895 1.5723 1.5986 3.6797 2.6112 1.5630 10.1763 -1.5608 0.9142
Car -1 -1 1.7360 450.0687 177.6852 510.7097 220.8221 1.6056 1.7351 4.4176 -5.2605 1.8188 29.5683 1.5609 0.8645
Car -1 -1 -1.5155 636.9421 174.1380 662.9724 197.5315 1.5615 1.6113 3.7894 2.7916 1.6550 50.3478 -1.4608 0.3349
