Pedestrian -1 -1 0.2609 1077.5831 95.3357 1190.7915 269.1205 1.8400 0.6047 0.9222 5.8805 1.0196 8.1840 0.8670 0.5822
Pedestrian -1 -1 -2.3094 86.7902 125.8776 158.5683 237.8976 1.7849 0.4944 0.9117 -8.0477 1.0367 11.8444 -2.8959 0.3655
Pedestrian -1 -1 1.6150 316.5031 124.5618 342.1783 192.6170 1.8555 0.6276 0.9460 -7.9032 0.5392 20.2183 1.2467 0.2771
Pedestrian -1 -1 -2.2474 681.4815 183.0459 710.0524 231.1638 1.7194 0.6722 0.8276 3.1072 2.1020 26.5333 -2.1330 0.1541
Pedestrian -1 -1 0.1270 442.5715 181.1292 463.2493 223.3135 1.5385 0.4338 0.6974 -5.8440 1.8474 26.6558 -0.0873 0.1494
Pedestrian -1 -1 -1.2098 264.5768 136.8971 287.9842 184.9918 1.9200 0.6808 0.6248 -13.5143 0.4849 29.1374 -1.6407 0.1431
Pedestrian -1 -1 -1.2024 822.5367 165.2974 848.5917 220.4551 1.7264 0.6017 0.6519 7.1538 1.4903 23.0234 -0.9053 0.1325
Pedestrian -1 -1 -2.2770 887.0560 157.9903 921.5070 221.9356 1.6783 0.5416 0.6806 7.8372 1.2886 19.3444 -1.8978 0.1136
Cyclist -1 -1 1.6467 315.4363 122.5474 341.5339 191.9760 1.8814 0.6022 0.9953 -7.8858 0.5185 20.1133 1.2774 0.1376
Cyclist -1 -1 -1.7526 739.2225 173.5676 751.0179 204.2472 1.6804 0.3541 1.6330 7.5191 1.7215 40.3726 -1.5702 0.1123
Car -1 -1 1.6937 596.5129 174.5076 620.2547 192.1004 1.4703 1.5955 3.9499 -0.1314 1.6192 62.7434 1.6912 0.3760
Car -1 -1 1.9134 443.2121 166.8493 496.7886 197.1453 1.5276 1.5392 4.0247 -7.4347 1.2252 38.4854 1.7236 0.1195
