Pedestrian -1 -1 -1.0161 104.9407 172.6439 131.4942 218.8505 1.8422 0.6943 0.5571 -19.8430 1.8342 29.0568 -1.6112 0.3282
Pedestrian -1 -1 2.1644 136.7127 183.9868 166.6614 229.5910 1.8126 0.6185 0.9221 -18.6936 2.2735 29.3761 1.6015 0.2230
Pedestrian -1 -1 -2.0711 694.5971 181.5040 711.5132 216.6472 1.7267 0.5818 0.6825 4.6133 2.1647 36.0807 -1.9457 0.1113
Cyclist -1 -1 0.7855 831.9476 179.1217 907.1716 258.3946 1.6566 0.6242 1.5933 5.6992 1.8039 16.0635 1.1197 0.1532
Cyclist -1 -1 2.1315 268.7639 184.1564 293.0241 212.2889 1.7329 0.5489 1.7760 -21.0444 2.4698 46.0969 1.7051 0.1153
Cyclist -1 -1 2.1644 136.7127 183.9868 166.6614 229.5910 1.8126 0.6185 0.9221 -18.6936 2.2735 29.3761 1.6015 0.1138
Car -1 -1 2.1230 72.7446 195.3669 188.7546 246.5658 1.4805 1.5565 3.6581 -16.0627 2.2980 24.3365 1.5444 0.8562
Car -1 -1 -1.6019 601.4796 175.6705 630.4338 202.7215 1.5616 1.6328 4.1876 0.2905 1.7428 44.2043 -1.5959 0.7235
Car -1 -1 1.7945 416.9694 182.0684 450.5740 204.3486 1.5075 1.5609 3.8026 -12.7606 2.2004 52.3115 1.5560 0.4311
Car -1 -1 1.7109 581.8455 182.3855 611.4667 204.6137 1.4842 1.5924 4.0389 -0.9520 2.2003 52.0772 1.6922 0.1344
