Car -1 -1 -0.4578 853.4623 185.7933 1226.7040 302.5126 1.6026 1.7161 4.6679 6.3061 1.8191 11.0854 0.0470 0.8882
Car -1 -1 -0.4103 789.6474 189.3551 960.6825 251.6633 1.4869 1.6042 3.8269 6.7255 1.9351 18.6447 -0.0700 0.8755
Car -1 -1 0.4444 135.0876 184.0267 386.6285 270.0451 1.4764 1.6147 3.8985 -6.4049 1.6972 13.4135 0.0061 0.8678
Car -1 -1 -0.2205 704.4394 182.8395 805.8175 222.4044 1.6047 1.6683 3.9406 6.0592 2.0409 30.5986 -0.0275 0.8283
Car -1 -1 -2.7579 233.4094 181.8014 444.5888 257.8507 1.5533 1.6635 4.0111 -5.8895 1.7613 15.8427 -3.1090 0.7966
Car -1 -1 0.3797 338.8397 185.8193 494.0107 242.8650 1.5007 1.6290 3.9358 -5.4864 1.8883 20.5002 0.1208 0.7709
Car -1 -1 -0.6952 1072.7240 193.7044 1242.0000 375.0000 1.4891 1.6119 3.8425 6.6695 1.7086 6.6446 0.0693 0.7550
Car -1 -1 3.3265 370.6107 175.0244 495.2416 219.8955 1.5184 1.6472 4.0310 -6.2062 1.5981 25.4323 3.0890 0.7391
Car -1 -1 -0.3597 768.4402 184.8704 915.9547 241.4095 1.5366 1.6347 3.7335 6.6152 1.9008 20.9244 -0.0584 0.7143
Car -1 -1 -1.4942 644.3930 184.4353 675.2314 210.7400 1.4999 1.6249 4.0493 3.1236 2.2587 45.1272 -1.4261 0.6962
Car -1 -1 0.4397 367.5887 186.9823 499.8566 236.9124 1.4527 1.5710 3.7459 -5.5765 1.9216 22.7829 0.2017 0.5812
Car -1 -1 0.3115 464.1168 183.7274 543.3215 213.8890 1.5435 1.6117 3.9138 -5.7324 2.1462 38.8450 0.1654 0.4547
Car -1 -1 -2.3115 982.0897 213.2964 1242.0000 375.0000 1.4802 1.5876 3.7834 2.6737 1.7100 2.1348 -1.4807 0.3915
Car -1 -1 -2.9314 420.0137 185.0458 515.0739 222.6019 1.5074 1.5824 3.6687 -5.9764 2.0338 30.3122 -3.1250 0.3815
