Pedestrian -1 -1 -0.6366 327.2115 187.2627 349.7720 226.9998 1.6705 0.5878 0.6981 -11.7467 2.3012 31.1112 -0.9953 0.2531
Pedestrian -1 -1 1.8359 4.3611 158.1869 37.7251 214.4892 1.8933 0.6942 0.8227 -20.2594 1.4004 24.7772 1.1556 0.1427
Cyclist -1 -1 1.0448 984.6379 145.6729 1188.5212 363.8104 1.7587 0.7721 1.7245 4.2380 1.5400 6.6839 1.5893 0.1640
Cyclist -1 -1 2.2994 324.7109 186.1490 348.7202 226.6084 1.6965 0.5895 0.7902 -11.7936 2.2776 31.0387 1.9387 0.1161
Car -1 -1 1.9604 205.9456 180.7312 346.7303 255.2951 1.7097 1.7872 4.5577 -8.7655 1.9464 19.3349 1.5394 0.9097
Car -1 -1 1.8699 392.8903 185.4241 451.7252 220.4219 1.5968 1.6964 4.2994 -9.4927 2.2742 36.6758 1.6179 0.6989
Car -1 -1 1.7752 446.5545 183.0759 483.3206 208.7347 1.6311 1.6809 4.0777 -9.9381 2.3623 49.5395 1.5778 0.5863
Car -1 -1 -2.3161 997.3990 68.8887 1242.0000 375.0000 2.0612 1.7423 4.3162 5.0590 1.5668 5.6217 -1.6098 0.3741
Car -1 -1 1.4862 512.7747 177.0994 536.4690 196.4850 1.5043 1.5895 3.9732 -7.0368 1.8643 59.0170 1.3676 0.2722
Car -1 -1 1.4285 294.6432 0.0000 1242.0000 375.0000 1.4980 1.5714 3.8648 0.2896 0.9725 2.7435 1.5211 0.1929
Car -1 -1 -1.2011 305.1895 187.1606 374.5860 225.1189 1.5405 1.6277 3.9417 -12.2100 2.2298 32.7585 -1.5557 0.1418
