Pedestrian -1 -1 -1.6209 793.8578 153.6477 828.4028 233.1187 1.7507 0.7088 0.6458 4.6886 1.1384 16.2149 -1.3489 0.7191
Pedestrian -1 -1 0.5908 960.2291 149.1376 1064.1761 314.9138 1.7573 0.6506 0.7942 4.5797 1.4156 8.1152 1.0853 0.5352
Pedestrian -1 -1 2.7648 367.4031 151.5063 412.3921 228.1642 1.8294 0.5956 0.9046 -5.2320 1.1148 17.6533 2.4756 0.5316
Pedestrian -1 -1 1.9268 595.2952 159.6560 612.6678 196.3905 1.8757 0.6511 0.8396 0.1296 0.7612 37.1829 1.9254 0.3758
Pedestrian -1 -1 2.0070 583.5265 161.5124 600.6552 197.7383 1.8914 0.5536 0.9702 -0.4955 0.8487 38.0589 1.9891 0.3580
Pedestrian -1 -1 -1.9859 739.0864 157.7938 756.7224 196.6492 1.8507 0.5680 0.7681 7.0522 0.7225 34.6483 -1.7915 0.2546
Pedestrian -1 -1 -1.2532 525.2410 168.8477 546.4932 213.3260 1.7117 0.6616 0.6404 -2.5739 1.2258 28.0271 -1.3491 0.2267
Pedestrian -1 -1 2.5882 0.0000 124.4749 78.1359 287.9759 1.8108 0.6599 0.8947 -6.9176 1.1806 8.4854 1.9139 0.2203
Pedestrian -1 -1 -0.7383 509.8445 163.2328 532.2910 206.9398 1.8121 0.6513 0.6775 -3.3996 1.0557 30.2491 -0.8543 0.2134
Car -1 -1 1.7075 610.2498 164.9726 660.3204 202.2514 1.4975 1.6272 4.1874 1.5159 0.8346 31.0594 1.7509 0.6709
Car -1 -1 1.6084 1048.9149 155.3691 1217.0052 288.2331 1.5707 1.6934 4.3938 7.8950 1.2631 10.7479 2.2251 0.5528
Car -1 -1 -1.6999 680.9208 151.2337 738.0286 206.1201 1.9329 1.6232 3.7949 3.9954 0.8681 27.1997 -1.5604 0.1985
