Pedestrian -1 -1 1.9737 0.0000 152.8944 243.0299 374.0000 1.7050 0.7057 0.8143 -2.0492 1.6063 2.9739 1.4020 0.8639
Pedestrian -1 -1 -1.4992 622.6520 163.8522 656.3957 250.1410 1.6338 0.6112 0.7734 0.7122 1.3009 14.0176 -1.4548 0.8537
Pedestrian -1 -1 -1.6891 653.5244 170.1745 683.1138 246.3814 1.7455 0.5828 0.8978 1.5305 1.4873 16.9097 -1.6057 0.7826
Pedestrian -1 -1 -1.3730 605.8262 165.9421 632.6373 226.0185 1.8255 0.6541 1.0243 0.5358 1.3539 22.3958 -1.3546 0.7710
Pedestrian -1 -1 -1.7182 692.3606 168.7820 722.9435 242.7757 1.6736 0.5770 0.8344 2.4203 1.3872 16.6656 -1.5816 0.7400
Pedestrian -1 -1 2.0095 417.1825 173.6037 445.7543 234.0758 1.7299 0.5733 0.6919 -4.9797 1.5052 20.9433 1.7735 0.7301
Pedestrian -1 -1 -1.5046 670.1828 168.4985 701.9293 256.1284 1.6302 0.5617 0.8308 1.5964 1.3896 13.8180 -1.3972 0.6502
Pedestrian -1 -1 -1.9594 203.4735 170.3488 257.1428 267.7095 1.7233 0.6895 0.6255 -6.8475 1.5272 13.1769 -2.4361 0.6025
Pedestrian -1 -1 2.3499 436.1443 169.4378 467.8563 232.4839 1.7381 0.6129 0.6243 -4.2370 1.4067 20.2295 2.1407 0.5546
Pedestrian -1 -1 -2.4110 697.2935 163.1736 746.7477 239.2503 1.8529 0.6428 1.0715 3.0000 1.4077 18.1109 -2.2545 0.4841
Pedestrian -1 -1 -1.9133 738.1708 160.6265 771.0620 224.7425 1.8382 0.6376 1.0058 4.4682 1.2409 21.1353 -1.7127 0.4557
Cyclist -1 -1 -1.4785 665.7787 169.4281 699.1614 258.0646 1.6459 0.5685 0.8879 1.5293 1.4230 13.8272 -1.3759 0.1330
Cyclist -1 -1 -1.7666 689.4711 169.8501 721.8733 244.4287 1.6837 0.5732 0.8911 2.3752 1.4219 16.6769 -1.6327 0.1269
Cyclist -1 -1 -1.6819 651.7881 168.8479 681.1809 243.8708 1.7237 0.5826 0.9341 1.4932 1.4342 16.9769 -1.6009 0.1100
Car -1 -1 1.6581 536.6703 177.9985 572.9810 206.9745 1.5163 1.6666 4.1335 -2.5244 1.3340 39.6710 1.5899 0.5697
