Pedestrian -1 -1 -1.4180 685.1620 165.3647 698.2556 197.3194 1.7608 0.5276 1.3929 4.5566 1.3484 40.4965 -1.3071 0.2043
Pedestrian -1 -1 2.5209 112.8413 198.2726 154.7762 241.8867 1.6818 0.5993 1.3238 -19.4265 2.7432 29.3917 1.9408 0.1329
Pedestrian -1 -1 -0.9181 913.8425 166.9031 952.2393 222.0740 1.6947 0.5488 1.1014 10.1045 1.5123 22.6677 -0.5041 0.1297
Pedestrian -1 -1 2.2956 255.2788 182.2208 280.7994 211.6255 1.7371 0.5677 1.4753 -20.8343 2.3177 43.9114 1.8546 0.1237
Cyclist -1 -1 2.1128 254.7155 182.6467 280.5715 212.5550 1.7542 0.5490 1.8400 -20.8378 2.3629 43.8780 1.6715 0.5449
Cyclist -1 -1 -1.5494 687.3069 165.3282 696.8014 197.1957 1.7527 0.4984 1.6925 4.5824 1.3392 40.5538 -1.4381 0.4323
Cyclist -1 -1 2.3029 109.1884 197.6515 155.8349 242.3490 1.7029 0.5825 1.7175 -19.4532 2.7433 29.3692 1.7218 0.3119
Cyclist -1 -1 -0.9345 911.1405 166.7011 955.3542 222.7738 1.7165 0.5375 1.4160 10.1151 1.5285 22.6702 -0.5202 0.1645
Car -1 -1 1.9883 290.8995 186.7106 350.3909 215.2929 1.4850 1.6512 4.1121 -16.6324 2.3242 41.5940 1.6098 0.8059
Car -1 -1 -1.8589 811.2449 181.9055 905.5187 238.9124 1.4533 1.5375 3.7538 7.0225 1.7396 20.8947 -1.5397 0.2080
Car -1 -1 2.0921 117.6648 190.6587 193.8164 223.6719 1.5218 1.5484 4.0070 -23.5267 2.4971 37.4781 1.5345 0.1963
Car -1 -1 -2.9645 782.5272 153.7323 893.0994 195.4240 1.5386 1.6163 3.9082 8.8613 0.8333 28.2419 -2.6636 0.1727
Car -1 -1 0.8860 0.0000 219.3211 55.6353 270.6349 1.4936 1.6325 3.8248 -21.0262 3.1260 24.2003 0.1760 0.1675
Car -1 -1 1.1689 0.0000 198.7921 70.4636 236.6368 1.4929 1.5922 4.0167 -26.2115 2.7165 32.3742 0.4922 0.1445
Car -1 -1 1.6809 353.3907 190.0232 381.2428 210.8801 1.5054 1.6687 4.1777 -19.4717 2.9374 57.9444 1.3577 0.1392
