Pedestrian -1 -1 1.0814 301.5150 170.3889 330.0106 222.0956 1.7402 0.5506 0.8958 -10.1519 1.6576 24.7788 0.6959 0.2561
Pedestrian -1 -1 -3.2097 697.9020 183.3571 723.4074 247.8640 1.7143 0.5913 0.6437 2.6800 2.0045 19.5917 -3.0768 0.2470
Pedestrian -1 -1 -1.0230 354.0978 174.6157 377.9862 218.8406 1.7306 0.6665 0.6326 -9.7243 1.8018 28.6443 -1.3478 0.1757
Pedestrian -1 -1 -2.8302 910.8423 114.0748 941.2402 184.6935 1.7881 0.6797 0.5434 8.1461 0.3001 18.7021 -2.4249 0.1368
Pedestrian -1 -1 2.0426 401.1938 182.0642 422.6288 225.3322 1.7601 0.5949 0.7216 -8.2572 2.1479 29.9384 1.7753 0.1336
Pedestrian -1 -1 1.9347 141.2260 118.2551 192.8971 218.8680 1.7939 0.5571 0.8107 -8.2085 0.8208 13.3107 1.3909 0.1224
Pedestrian -1 -1 1.2428 302.1270 147.9054 321.4414 185.5697 1.8811 0.6449 0.9175 -15.1636 0.6354 36.5907 0.8524 0.1117
Pedestrian -1 -1 -0.9079 809.1838 177.7076 834.3861 224.6840 1.7286 0.6428 0.6532 7.9085 1.9142 27.0925 -0.6275 0.1036
Pedestrian -1 -1 -2.0078 1036.0917 173.6279 1124.9867 323.7635 1.6897 0.6448 0.6728 5.4631 1.6995 8.4934 -1.4529 0.1002
Cyclist -1 -1 1.5530 305.9082 170.8515 324.0928 221.6794 1.6992 0.5571 1.3900 -10.2192 1.6326 24.8668 1.1665 0.1534
Cyclist -1 -1 2.0065 6.3380 123.5817 72.9853 213.5611 1.7146 0.5486 1.2841 -11.4307 0.7761 14.4339 1.3456 0.1066
Car -1 -1 1.6437 570.8766 174.4179 599.4705 199.0053 1.6246 1.6802 4.2832 -1.7121 1.7383 50.1203 1.6093 0.7237
