Pedestrian -1 -1 -0.9106 1195.1710 173.3368 1242.0000 281.0158 1.7389 0.6437 0.5676 10.2567 1.7476 12.0283 -0.2173 0.2532
Pedestrian -1 -1 0.3293 1169.2275 31.3736 1242.0000 375.0000 1.7061 0.5393 0.5304 3.0013 1.1142 3.3855 1.0130 0.1559
Pedestrian -1 -1 1.1552 874.8288 124.5126 913.7469 200.8433 1.8553 0.6589 0.7247 7.0007 0.6807 17.9133 1.5222 0.1322
Pedestrian -1 -1 -1.2597 862.7991 159.9717 926.7354 260.3870 1.8138 0.6399 1.8145 5.4731 1.5815 13.9380 -0.8935 0.1222
Cyclist -1 -1 -1.9288 862.9933 159.8281 933.5890 261.1265 1.8253 0.6193 1.8977 5.4770 1.5910 13.9502 -1.5626 0.9001
Cyclist -1 -1 -1.5742 1031.8729 172.7106 1058.2437 255.7096 1.6375 0.4445 1.6551 9.0165 1.6351 15.0601 -1.0440 0.2020
Car -1 -1 -1.6498 595.4232 173.5802 644.1158 215.1126 1.6319 1.7097 4.3513 0.3028 1.6653 30.6557 -1.6407 0.8254
Car -1 -1 1.7331 453.2796 182.8153 477.1483 199.8232 1.5205 1.5973 4.0977 -13.8317 2.5023 69.0100 1.5357 0.2367
Car -1 -1 1.6578 502.6508 167.7555 550.0829 215.1903 2.4290 2.0998 5.8357 -4.5627 2.1683 39.8905 1.5441 0.1181
Car -1 -1 -1.9087 499.2870 164.1825 536.3844 185.1751 1.6048 1.6545 4.1043 -7.3896 0.9422 57.3605 -2.0364 0.1008
