Pedestrian -1 -1 2.5645 516.2017 177.4249 537.6873 198.0503 1.7522 0.5534 1.8450 -7.2052 2.1533 62.4519 2.4497 0.1164
Cyclist -1 -1 2.5645 516.2017 177.4249 537.6873 198.0503 1.7522 0.5534 1.8450 -7.2052 2.1533 62.4519 2.4497 0.3226
Car -1 -1 -1.7872 712.8506 179.7752 846.8236 270.7289 1.4924 1.6139 4.3219 3.1232 1.6511 14.3330 -1.5779 0.9126
Car -1 -1 1.9176 172.6242 196.7498 433.3055 362.2810 1.4882 1.6181 4.1136 -3.5759 1.8603 9.1520 1.5538 0.9070
Car -1 -1 -1.9102 755.5121 189.0207 1065.6002 374.3177 1.4277 1.6274 4.3646 2.8670 1.6594 8.1318 -1.5838 0.8946
Car -1 -1 1.7879 428.3140 185.6786 519.1042 248.8322 1.4585 1.5772 3.9566 -3.6055 1.8408 19.4804 1.6066 0.8417
Car -1 -1 -1.7354 690.1447 179.1118 770.5159 239.5385 1.4814 1.5736 3.6440 3.1696 1.6702 19.8948 -1.5805 0.8363
Car -1 -1 1.7865 359.3090 188.8180 474.8241 276.4731 1.4896 1.5315 3.4973 -3.8352 1.8542 14.6813 1.5345 0.8231
Car -1 -1 2.2653 0.0000 198.6603 259.6835 375.0000 1.4527 1.5878 3.9248 -3.4468 1.6505 3.5244 1.5281 0.8145
Car -1 -1 -1.7839 642.0414 180.0482 683.0912 208.3540 1.5109 1.5821 3.7606 2.9385 1.9446 41.4877 -1.7143 0.6132
Car -1 -1 -2.3729 994.2274 191.8347 1242.0000 375.0000 1.5171 1.5615 3.6665 2.7704 1.6228 2.1358 -1.5241 0.5424
Car -1 -1 -1.5268 601.6845 180.8864 623.9109 201.6886 1.5183 1.5657 3.8333 0.2210 2.1651 56.1184 -1.5234 0.2863
