Pedestrian -1 -1 -1.7315 841.8521 139.3635 861.4379 182.8317 1.8553 0.6728 0.8434 10.6653 0.1010 30.6468 -1.3978 0.4132
Pedestrian -1 -1 -3.2808 949.6098 150.4233 977.0539 209.0286 1.7864 0.6224 0.6766 11.0871 0.8712 21.9501 -2.8172 0.1326
Pedestrian -1 -1 -1.8844 965.0781 161.7320 1041.1321 301.4340 1.6499 0.5873 0.8241 4.8859 1.4299 8.8033 -1.3912 0.1216
Cyclist -1 -1 -1.0379 407.4660 174.2464 430.0553 204.9025 1.7162 0.4208 1.7427 -10.6575 1.3675 40.4731 -1.2918 0.3162
Cyclist -1 -1 -0.0479 559.9089 164.9765 581.6579 189.6248 1.8817 0.5599 1.6450 -2.6224 0.6979 54.3293 -0.0940 0.2082
Cyclist -1 -1 -0.2345 908.0836 161.7597 1042.9021 300.6554 1.6591 0.6103 1.3933 4.5715 1.4370 8.8954 0.2276 0.1461
Car -1 -1 2.6148 850.7749 140.8617 951.8886 175.3141 1.5356 1.6221 4.0790 13.7382 -0.2478 32.9078 3.0088 0.6191
Car -1 -1 -1.6016 535.6198 170.6376 561.6153 194.6075 1.5273 1.6092 3.7724 -3.7813 0.9002 47.0089 -1.6795 0.4952
Car -1 -1 1.2277 999.1412 139.7938 1062.1217 175.1328 1.7228 1.5946 3.9195 22.2757 -0.2966 37.1729 1.7657 0.1612
Car -1 -1 1.8048 14.2706 196.3087 60.0378 221.3328 1.5328 1.5557 3.8622 -38.4907 2.6540 48.0076 1.1336 0.1470
Car -1 -1 -3.3921 787.2938 155.5050 840.2361 174.0182 1.6052 1.6483 4.2342 18.5416 -0.5832 62.8348 -3.1047 0.1434
