Car -1 -1 1.9800 428.1730 176.8847 681.1492 346.6483 1.5261 1.5950 3.7275 -0.4572 1.5859 8.6047 1.9269 0.9080
Car -1 -1 -1.3487 663.2246 179.6839 779.5959 262.9680 1.4540 1.6006 3.7452 2.3770 1.6153 14.9636 -1.1952 0.8971
Car -1 -1 -1.6555 948.0660 184.0114 1023.5928 246.8431 1.5368 1.5548 3.2639 10.3239 1.8758 20.0903 -1.1875 0.8321
Car -1 -1 -1.7971 996.2614 201.0208 1242.0000 375.0000 1.5030 1.5026 3.2900 4.5517 1.8300 6.5607 -1.2127 0.8076
Car -1 -1 -0.7463 0.0000 180.9764 499.6877 375.0000 1.5090 1.4983 3.4143 -2.2870 1.5819 4.5726 -1.1886 0.8064
Car -1 -1 1.6855 799.4789 171.2788 847.2604 209.8424 1.6599 1.6784 3.9560 9.8297 1.5925 33.2041 1.9704 0.7569
Car -1 -1 0.2309 664.9109 167.3861 760.7866 205.2585 1.4395 1.5125 3.5342 4.0628 1.2320 28.7652 0.3693 0.6202
Car -1 -1 -1.5773 944.0579 184.0905 1000.3184 235.2503 1.5320 1.5913 3.7067 12.2115 1.9454 24.5042 -1.1204 0.4855
Car -1 -1 1.5929 929.4003 178.5490 954.6086 200.4861 1.5401 1.6356 4.1135 24.8511 1.9842 54.0073 2.0216 0.4162
Car -1 -1 -1.5532 829.8831 176.6257 861.3118 205.4470 1.5103 1.5988 3.8705 13.1948 1.7330 40.4442 -1.2405 0.4098
