Pedestrian -1 -1 -1.8673 932.6693 150.7837 966.9999 220.7623 1.8201 0.6493 0.6805 8.9608 1.2464 19.1444 -1.4359 0.2249
Pedestrian -1 -1 1.2374 683.5667 178.0465 694.0250 201.0862 1.8059 0.4987 1.0815 6.2404 2.2236 57.3995 1.3446 0.2206
Car -1 -1 2.1790 56.4919 187.9917 197.2463 239.1040 1.4709 1.7311 4.3607 -16.0874 2.0267 24.2699 1.5984 0.8448
Car -1 -1 1.8193 375.8100 179.4690 418.8231 205.5199 1.5648 1.6806 4.1795 -13.6850 2.0112 46.5318 1.5344 0.7572
Car -1 -1 2.0588 203.4993 176.3663 279.4012 210.3142 1.7737 1.7137 4.8702 -20.6751 1.9839 40.6549 1.5907 0.6543
Car -1 -1 1.8883 333.4458 181.7798 379.2980 206.2941 1.4927 1.6367 4.1327 -16.6726 2.1068 47.5290 1.5523 0.4987
Car -1 -1 1.8149 436.8279 180.0388 468.6028 199.0944 1.5358 1.6804 4.2783 -13.4796 2.1746 61.9468 1.6012 0.4374
Car -1 -1 0.5848 106.3987 182.7312 209.0132 216.0759 1.5244 1.6324 3.8910 -21.5319 2.0072 34.3711 0.0284 0.4314
Car -1 -1 1.0041 1170.9855 169.6305 1242.0000 194.5674 1.5475 1.6561 4.2756 38.8033 1.3478 46.9949 1.6910 0.3004
Car -1 -1 1.4497 769.8719 189.3907 808.9897 219.7713 1.4427 1.5501 3.8439 9.4685 2.3698 38.4369 1.6887 0.2803
Car -1 -1 -1.8875 538.3906 157.3888 613.9611 203.0995 1.5219 1.6255 3.7453 -1.3419 1.0074 26.0598 -1.9389 0.2552
Car -1 -1 1.3670 402.6310 181.4001 429.9101 199.5854 1.4994 1.5749 3.8262 -17.0941 2.2762 63.4898 1.1047 0.2156
