Pedestrian -1 -1 1.9982 1005.1508 145.0862 1047.0508 222.9339 1.5762 0.4935 0.7457 8.8078 0.8401 14.9594 2.5177 0.6480
Pedestrian -1 -1 -1.2070 388.9836 167.7131 426.5019 245.3096 1.7784 0.6927 0.5627 -4.5526 1.4636 16.7740 -1.4735 0.6027
Pedestrian -1 -1 1.9912 44.4059 198.0536 100.7433 315.5706 1.5531 0.4315 0.5657 -7.3255 1.7901 9.9029 1.3611 0.3441
Pedestrian -1 -1 2.1725 374.6559 169.4485 419.0823 245.9902 1.8193 0.6755 0.8681 -5.0345 1.5340 17.5894 1.8922 0.2648
Pedestrian -1 -1 -0.3393 1020.2177 143.6601 1072.7638 224.5544 1.5679 0.5077 0.7557 8.7756 0.8357 14.2436 0.1996 0.2414
Pedestrian -1 -1 -2.2521 1023.2229 139.1267 1063.0566 203.9134 1.7615 0.5765 0.7799 12.2317 0.6106 19.9550 -1.7129 0.2271
Pedestrian -1 -1 -1.6795 493.1324 178.7938 530.6196 257.5443 1.7456 0.7119 1.3358 -2.1268 1.6868 16.6532 -1.8102 0.2271
Pedestrian -1 -1 -1.2895 682.8923 177.1468 705.1845 225.8431 1.8165 0.6753 0.6988 3.4957 1.6552 27.2471 -1.1684 0.2046
Pedestrian -1 -1 0.5782 126.0950 128.4788 193.1383 255.8138 1.6826 0.5177 0.5889 -6.0369 0.9833 9.7575 0.0309 0.1808
Cyclist -1 -1 1.9282 677.7781 155.2897 697.0924 186.7315 1.8448 0.5788 1.7638 5.1674 0.3077 43.0608 2.0420 0.6708
Cyclist -1 -1 -1.7070 488.5813 179.0263 532.2988 254.8973 1.6618 0.7487 1.8705 -2.1796 1.6088 16.7317 -1.8401 0.3346
Cyclist -1 -1 2.0547 1004.7960 145.6182 1049.7854 224.5746 1.6004 0.5034 0.7923 8.8460 0.8744 14.9829 2.5754 0.1143
Car -1 -1 -1.8062 715.6595 153.7401 853.7720 269.3856 1.8881 1.5940 3.8928 3.2651 1.4362 13.6804 -1.5817 0.8919
Car -1 -1 -1.6367 534.9742 177.8635 569.9749 208.4365 1.6135 1.6558 4.0210 -2.7747 1.4224 40.0143 -1.7106 0.2325
