Pedestrian -1 -1 -0.6836 931.4470 158.3131 959.0392 199.7303 1.8256 0.6516 0.9113 14.9329 1.1850 32.2317 -0.2535 0.2007
Pedestrian -1 -1 -1.7790 1094.2534 170.8881 1150.1438 282.3691 1.7410 0.5796 0.7914 8.2660 1.7106 11.7419 -1.1782 0.1366
Cyclist -1 -1 -0.6768 932.2296 163.3299 962.8100 203.0194 1.7524 0.6372 1.0795 15.0646 1.3323 32.2956 -0.2442 0.1014
Car -1 -1 2.1008 0.0000 181.2170 234.9305 304.6441 1.7789 1.7484 4.5225 -8.7664 1.9568 13.0137 1.5171 0.9224
Car -1 -1 1.9228 341.2533 185.4039 418.5695 228.5631 1.6309 1.7610 4.2624 -9.7187 2.2030 30.6960 1.6182 0.7957
Car -1 -1 1.6751 421.3870 183.2039 457.3758 211.1246 1.5356 1.6819 4.1743 -10.2588 2.1907 43.4702 1.4442 0.5112
Car -1 -1 1.5720 503.2111 175.6910 524.6065 195.9489 1.4925 1.5826 3.9491 -7.4540 1.7203 55.7934 1.4395 0.2571
Car -1 -1 -1.5833 590.4196 178.6613 608.0909 196.0606 1.5780 1.6292 4.0549 -1.0677 2.1490 68.8521 -1.5992 0.2188
Car -1 -1 1.6880 493.8999 181.8417 531.5286 211.3293 1.5063 1.6001 4.1979 -5.4081 2.0344 40.2543 1.5548 0.1372
Car -1 -1 1.4138 846.9838 187.1276 873.4569 205.5507 1.5391 1.6445 4.1213 22.7652 2.8845 65.8148 1.7449 0.1367
Car -1 -1 -0.7239 889.6691 182.5311 952.5542 207.1750 1.6895 1.6713 4.0862 22.3991 2.4069 52.0261 -0.3200 0.1293
