Car -1 -1 1.0821 842.6056 209.5230 1242.0000 375.0000 1.4117 1.6864 4.4201 3.9460 1.9045 7.4605 1.5509 0.9249
Car -1 -1 -1.7955 754.7349 198.1599 897.2769 297.6280 1.4172 1.5656 4.1763 3.7737 1.9645 13.4743 -1.5294 0.9042
Car -1 -1 1.8097 285.9503 146.1266 510.4294 338.5704 1.9503 1.7215 4.4169 -2.5068 1.6798 9.5288 1.5581 0.8974
Car -1 -1 -1.7664 730.1201 190.9860 814.0025 256.8683 1.4694 1.4701 3.2801 4.0447 1.9799 18.6479 -1.5571 0.8707
Car -1 -1 1.7206 428.4852 184.1116 534.9336 268.6729 1.4759 1.5995 3.9039 -2.5874 1.7422 15.0801 1.5527 0.8370
Car -1 -1 -1.7809 697.7141 184.7586 762.0721 234.3947 1.5744 1.5548 3.3157 4.1036 2.0218 25.3939 -1.6233 0.7839
Car -1 -1 1.6624 530.5845 179.2354 579.2784 218.5529 1.5518 1.7288 4.1536 -2.3560 1.8470 31.2449 1.5872 0.7793
Car -1 -1 -1.7172 683.2991 185.0477 733.7127 223.8754 1.4535 1.5440 3.6125 3.9874 1.9910 29.9677 -1.5869 0.6913
Car -1 -1 -1.6406 675.5624 182.3974 715.0255 216.7218 1.5479 1.6393 4.1888 4.1416 2.0505 35.8466 -1.5272 0.4919
Car -1 -1 1.5894 575.4799 183.3375 608.4166 215.5309 1.4972 1.5926 4.0810 -0.9255 2.0639 36.9308 1.5639 0.3418
