Pedestrian -1 -1 -2.4895 740.0841 164.1167 766.9980 210.1574 1.7295 0.4935 0.8918 5.5358 0.9381 27.4980 -2.2932 0.3104
Pedestrian -1 -1 2.1173 498.6812 186.2177 530.0645 223.8840 1.6557 0.6681 1.6127 -4.2456 1.7034 32.5145 1.9880 0.1806
Cyclist -1 -1 -1.0739 499.6131 186.7981 530.0822 223.8867 1.6295 0.6692 1.6381 -4.2270 1.7043 32.5403 -1.2026 0.3700
Cyclist -1 -1 -2.8221 740.1099 164.3183 766.7089 209.7659 1.7114 0.4937 0.8880 5.5341 0.9256 27.4988 -2.6259 0.1615
Car -1 -1 -1.1950 174.9074 191.7969 398.6953 305.8247 1.4316 1.6509 4.4733 -4.8501 1.5589 11.5289 -1.5852 0.8746
Car -1 -1 -1.3123 353.0855 182.2961 425.1467 224.0220 1.5070 1.6491 4.2590 -8.4818 1.4027 28.1135 -1.6030 0.8613
Car -1 -1 -1.0118 0.0000 193.7724 205.2888 292.8520 1.4135 1.5055 3.5252 -8.6497 1.5831 12.3541 -1.6126 0.8452
Car -1 -1 -1.2329 288.7831 183.6605 383.3418 235.4641 1.4540 1.5517 3.7141 -8.2522 1.4115 22.0427 -1.5875 0.7740
Car -1 -1 -1.1106 173.3090 182.6191 290.0980 236.0841 1.5044 1.6212 3.8689 -11.4836 1.4325 22.1687 -1.5839 0.7569
Car -1 -1 -1.4478 490.2383 184.2142 530.5770 215.5540 1.4987 1.5783 3.6340 -4.8828 1.4519 36.1972 -1.5813 0.6053
Car -1 -1 -1.5386 571.0858 179.2791 600.7846 207.1916 1.5226 1.5812 3.6212 -1.2357 1.1999 41.0210 -1.5689 0.4792
Car -1 -1 -1.0789 499.4403 186.7524 530.0675 223.9329 1.6330 0.6800 1.6441 -4.2300 1.7056 32.5326 -1.2076 0.1046
