Pedestrian -1 -1 -1.9138 811.3705 137.0902 844.4861 203.9364 1.8565 0.7332 0.5993 6.0952 0.8636 20.3561 -1.6271 0.2282
Pedestrian -1 -1 -2.3125 867.1036 177.9905 918.6971 257.8285 1.7326 0.5888 0.9568 6.3223 1.8528 16.2801 -1.9491 0.2165
Cyclist -1 -1 -2.2813 866.2551 178.7175 918.5300 258.3344 1.7246 0.5870 0.9955 6.3089 1.8619 16.2786 -1.9186 0.1235
Car -1 -1 -1.8650 730.7893 191.2677 924.8367 319.5584 1.4357 1.5704 3.8039 2.8818 1.7547 10.5545 -1.6068 0.9025
Car -1 -1 1.7083 480.6692 175.7462 540.4172 224.7520 1.5713 1.5671 3.7350 -3.4443 1.6803 25.2230 1.5734 0.8614
Car -1 -1 1.7603 404.8674 182.9788 506.7922 252.3582 1.3809 1.5901 4.0238 -3.5334 1.6478 16.9711 1.5574 0.8611
Car -1 -1 1.3888 653.4198 183.3465 718.7031 231.8106 1.5361 1.5931 4.0379 2.5928 1.9426 25.8455 1.4868 0.8457
Car -1 -1 2.0596 0.0000 188.9562 340.2838 375.0000 1.4517 1.4923 3.4506 -3.0887 1.5960 4.6708 1.5003 0.7836
Car -1 -1 1.6748 519.3517 174.8295 560.1577 208.9861 1.5311 1.5604 3.7145 -3.3377 1.6308 34.4195 1.5784 0.6188
Car -1 -1 -1.6765 647.2902 180.6998 689.9745 216.7307 1.5845 1.6041 4.1027 2.7217 1.9848 34.7051 -1.5995 0.3949
Car -1 -1 1.4570 540.1687 176.7192 572.8951 203.8692 1.6290 1.6257 4.0386 -3.4847 1.8874 46.0334 1.3814 0.2635
