Pedestrian -1 -1 -3.0540 533.9923 200.7378 571.1379 299.7953 1.7180 0.6637 0.6156 -1.0810 2.2350 13.0321 -3.1366 0.2474
Pedestrian -1 -1 -2.4724 543.7438 171.7594 571.2016 222.5691 1.8156 0.6915 0.7247 -1.9548 1.7768 26.2691 -2.5466 0.1773
Pedestrian -1 -1 1.2861 706.3022 167.2505 738.2289 234.9379 1.8185 0.6796 0.7480 3.0260 1.6683 19.7986 1.4347 0.1349
Pedestrian -1 -1 0.7943 399.5890 157.9174 427.7604 193.5799 1.7516 0.5659 1.3610 -9.8422 1.0183 36.0233 0.5292 0.1173
Cyclist -1 -1 0.7943 399.5890 157.9174 427.7604 193.5799 1.7516 0.5659 1.3610 -9.8422 1.0183 36.0233 0.5292 0.1464
Cyclist -1 -1 1.9327 638.7889 112.0967 676.7113 179.9087 1.8252 0.5536 1.5467 1.3075 0.1902 20.2370 1.9962 0.1453
Car -1 -1 -0.1471 258.9835 194.7416 338.0241 222.9924 1.4590 1.5962 4.0028 -18.0061 2.7761 41.6733 -0.5530 0.7104
Car -1 -1 1.6665 240.1487 193.6020 268.9256 216.6383 1.7467 1.7627 4.6994 -30.3885 3.5946 61.7382 1.2105 0.1509
Car -1 -1 1.6745 620.3398 187.6713 663.8884 224.5916 1.5096 1.6047 4.0257 1.4993 2.2371 33.3007 1.7183 0.1453
Car -1 -1 1.5781 78.8379 191.7757 110.0442 221.8894 2.0128 1.8254 4.7522 -38.4318 3.4889 53.7990 0.9599 0.1190
