Pedestrian -1 -1 1.1486 195.8105 131.3424 241.3531 219.7113 1.8901 0.7072 0.5799 -8.6666 1.0026 15.8867 0.6560 0.5660
Pedestrian -1 -1 0.8961 943.3879 135.6550 1051.8906 296.2293 1.8534 0.6427 1.0721 4.7021 1.4244 8.9153 1.3672 0.5035
Pedestrian -1 -1 -1.0723 802.1251 148.2727 836.5813 214.6434 1.7440 0.6547 0.6646 5.5888 1.0985 19.4238 -0.7966 0.2873
Pedestrian -1 -1 2.0666 1128.9045 145.3447 1225.8903 277.9501 1.7799 0.6952 1.0030 7.9670 1.4110 10.2061 2.7150 0.2605
Pedestrian -1 -1 2.3059 355.1517 185.4714 385.9911 244.1936 1.6354 0.4757 0.7263 -6.9134 2.0054 20.7044 1.9869 0.2075
Cyclist -1 -1 1.0539 938.4982 150.0815 1056.8575 308.3407 1.7820 0.6282 1.4379 4.6470 1.5259 8.8548 1.5227 0.1934
Car -1 -1 1.7829 380.6338 185.5764 487.3813 258.9733 1.5044 1.6683 4.1325 -4.1863 1.8517 17.5902 1.5519 0.9210
Car -1 -1 2.0816 0.0000 199.9821 313.6035 375.0000 1.4597 1.6046 4.1852 -3.9679 1.7583 5.7857 1.5011 0.8782
Car -1 -1 1.6929 487.5879 177.8152 534.5154 213.9405 1.5117 1.6343 3.9834 -4.4652 1.7509 32.7419 1.5580 0.8408
Car -1 -1 -1.5834 613.4250 176.6046 662.2548 224.2538 1.5218 1.5777 3.3506 0.8905 1.6609 25.0000 -1.5490 0.7276
