Pedestrian -1 -1 -1.6172 646.3988 181.1904 659.5593 215.1828 1.8283 0.6850 0.6352 2.3014 2.2863 39.2845 -1.5598 0.1421
Car -1 -1 2.0790 116.6411 188.9116 249.4607 241.9983 1.4665 1.7592 4.4449 -13.7583 2.0402 23.5197 1.5543 0.9238
Car -1 -1 1.8566 416.3370 182.0757 453.0703 204.7432 1.6739 1.7286 4.1323 -13.8460 2.4309 57.0980 1.6193 0.6013
Car -1 -1 2.2054 35.3632 192.4683 152.7814 236.0197 1.4793 1.6202 4.1302 -20.2295 2.3100 28.4623 1.5917 0.2216
Car -1 -1 1.4931 649.4164 188.8508 690.8645 225.2398 1.4892 1.5776 4.1036 2.6843 2.2752 33.3827 1.5719 0.1451
Car -1 -1 2.0317 112.5733 185.4980 183.5930 216.4694 1.4717 1.5663 3.8995 -24.2369 2.1726 37.9546 1.4663 0.1390
Car -1 -1 1.9514 227.2347 190.6713 283.3118 220.4768 1.5318 1.5814 3.7967 -20.2957 2.6019 41.3639 1.4974 0.1321
Car -1 -1 2.5277 790.6044 170.4425 887.9791 204.8376 1.5099 1.6181 4.0678 10.4582 1.4044 33.0638 2.8311 0.1294
Car -1 -1 -0.3862 1063.5063 222.0816 1242.0000 286.2992 1.4880 1.5877 3.6402 14.7257 2.9212 19.7865 0.2453 0.1259
Car -1 -1 2.0855 196.4290 185.8478 256.7367 211.0953 1.4518 1.5789 4.0377 -24.1973 2.3107 45.6299 1.6000 0.1217
Car -1 -1 -0.8471 0.0000 189.5164 68.1798 231.7341 1.4806 1.5467 3.8635 -23.9422 2.1914 28.8041 -1.5362 0.1136
