Pedestrian -1 -1 -2.6958 303.8873 174.0116 316.8486 194.2955 1.9051 0.5207 1.0034 -28.2914 2.0152 68.0862 -3.0885 0.2620
Pedestrian -1 -1 2.4572 871.7984 190.0374 916.8602 228.6147 1.6852 0.7888 1.8164 12.8663 2.4813 32.7563 2.8276 0.1048
Cyclist -1 -1 2.4572 871.7984 190.0374 916.8602 228.6147 1.6852 0.7888 1.8164 12.8663 2.4813 32.7563 2.8276 0.2753
Cyclist -1 -1 -0.3154 1091.0930 183.9594 1161.6781 242.7201 1.6765 0.6953 1.5581 15.2114 2.0142 21.3556 0.2964 0.1533
Car -1 -1 -1.3336 340.2187 184.1639 474.3521 277.4935 1.5364 1.6626 3.8435 -3.8854 1.7912 14.2872 -1.5953 0.9508
Car -1 -1 2.1487 20.9940 185.7727 168.4725 238.4583 1.4378 1.6784 4.3793 -16.2385 1.8894 22.9892 1.5390 0.8737
Car -1 -1 -1.4179 442.3903 178.8587 486.8058 211.7877 1.4967 1.5882 3.6817 -7.1047 1.8068 35.3499 -1.6152 0.8165
Car -1 -1 -1.6256 540.8675 177.8512 569.1647 202.2363 1.4993 1.6207 4.1598 -3.6829 1.8431 47.4184 -1.7031 0.5543
Car -1 -1 1.9160 351.1586 177.7377 391.9872 198.9467 1.4975 1.6145 4.0666 -17.7967 1.8769 53.9450 1.5985 0.2865
Car -1 -1 2.6675 0.0000 182.7340 84.5548 215.9322 1.5893 1.6246 4.3336 -30.6997 2.1447 38.2240 1.9941 0.1829
Car -1 -1 2.3147 811.3795 191.3974 899.7126 228.0666 1.5149 1.5980 3.9452 11.2498 2.4091 33.1262 2.6386 0.1791
