Car -1 -1 -1.9171 766.5536 179.4567 1016.1172 340.1581 1.5854 1.6196 3.8303 3.2087 1.6877 9.2069 -1.5929 0.9169
Car -1 -1 -1.7760 680.1030 181.4695 751.2909 232.2194 1.4305 1.5316 3.3699 3.1931 1.7222 22.6574 -1.6386 0.8997
Car -1 -1 -2.4029 0.0000 183.3789 232.3142 340.5911 1.4631 1.6284 4.0474 -6.5503 1.5901 7.7586 -3.0873 0.8229
Car -1 -1 3.5581 120.7861 178.4527 367.2665 267.5722 1.5034 1.5897 3.6786 -6.5724 1.6125 13.1448 3.1021 0.8164
Car -1 -1 0.2660 358.9428 173.4783 494.5088 224.0764 1.5210 1.5993 3.8194 -5.7023 1.5416 22.5467 0.0206 0.7768
Car -1 -1 -2.7436 267.1693 178.5338 440.6154 240.8021 1.4440 1.5628 3.7160 -6.2842 1.5914 17.7886 -3.0790 0.7159
Car -1 -1 -2.2500 894.8940 180.6594 1242.0000 375.0000 1.5217 1.6564 4.2225 3.2768 1.5892 4.0669 -1.6074 0.6841
Car -1 -1 -0.2058 738.4495 183.6186 844.0727 222.0409 1.5205 1.6244 3.9953 7.4120 1.9805 29.9238 0.0340 0.4908
Car -1 -1 3.3140 389.7171 178.6167 500.0631 220.8228 1.5382 1.6226 3.8702 -6.2555 1.7651 27.4490 3.0915 0.4867
Car -1 -1 0.3289 323.1615 181.0541 478.1714 236.4055 1.4659 1.5895 3.8753 -5.8520 1.7067 20.2621 0.0506 0.4255
Car -1 -1 -2.7157 230.3348 184.5327 435.7740 261.8764 1.5242 1.6079 3.7757 -5.8761 1.7893 15.4257 -3.0746 0.4207
Car -1 -1 0.1920 436.6452 169.0007 525.1049 201.8073 1.6311 1.6747 4.1919 -6.5641 1.4399 36.7431 0.0161 0.4135
