Pedestrian -1 -1 1.7898 788.1226 178.5678 810.7593 233.9335 1.7273 0.5584 0.7274 6.0102 1.9138 23.0514 2.0409 0.2226
Cyclist -1 -1 1.2663 1153.1731 103.1639 1242.0000 293.3662 1.6682 0.5153 1.6945 5.9747 1.0573 7.2088 1.9385 0.2177
Car -1 -1 -1.7143 683.8298 184.9203 758.1284 243.6380 1.5052 1.6120 3.5671 3.0931 1.8868 21.0102 -1.5711 0.9380
Car -1 -1 -1.7087 667.1337 182.2398 726.2347 228.8120 1.5312 1.6151 3.8104 3.0536 1.9004 26.4212 -1.5957 0.8208
Car -1 -1 1.5098 532.0895 178.8733 566.5471 209.4230 1.5167 1.5966 3.8834 -3.3308 1.8565 38.6591 1.4240 0.6596
Car -1 -1 2.1369 0.0000 208.8351 331.9388 375.0000 1.4758 1.5935 3.9045 -2.8334 1.7520 3.5198 1.4946 0.5728
Car -1 -1 0.9247 598.2697 178.9652 660.5363 205.5178 1.5090 1.6121 4.1783 1.1020 1.9019 44.1693 0.9489 0.3878
Car -1 -1 2.0066 637.1043 181.2914 675.0327 200.4464 1.4817 1.5974 4.0149 3.8341 2.2070 59.8449 2.0698 0.2582
Car -1 -1 -1.6963 649.0158 162.1201 708.0536 215.5737 2.2772 2.0240 5.5051 3.0341 1.8203 33.5234 -1.6074 0.2402
Car -1 -1 0.5015 0.0000 0.0000 1242.0000 375.0000 1.4645 1.5965 3.7607 3.1000 1.4768 1.3062 1.5952 0.2102
Car -1 -1 1.3560 540.4388 180.0128 574.4617 203.3783 1.5367 1.5756 3.9719 -3.7743 2.0630 50.8823 1.2819 0.2018
