Pedestrian -1 -1 -0.4073 902.7145 156.0124 953.4647 229.2029 1.8628 0.5141 1.0828 8.1517 1.4345 18.6186 -0.0010 0.7890
Pedestrian -1 -1 1.6265 901.6806 156.7088 919.7862 206.2564 1.8487 0.5893 0.9608 11.4154 1.2467 27.4799 2.0161 0.1323
Pedestrian -1 -1 0.4589 892.1095 162.1823 928.0504 221.5555 1.8321 0.5955 0.8759 9.4291 1.5032 22.7877 0.8462 0.1313
Cyclist -1 -1 -3.5231 902.6373 156.1685 953.7227 229.4066 1.8632 0.5112 1.0941 8.1553 1.4391 18.6226 -3.1167 0.1583
Car -1 -1 1.9261 299.8002 186.7716 372.0491 225.4766 1.4856 1.6091 4.0149 -11.7729 2.1256 31.1485 1.5671 0.7881
Car -1 -1 1.8563 362.6624 182.1655 431.9604 225.7783 1.5837 1.6014 4.0176 -8.5147 1.9851 29.0671 1.5733 0.7363
Car -1 -1 -1.6654 599.5597 178.1482 630.5657 203.4455 1.5000 1.5855 3.9598 0.2477 1.8505 45.6776 -1.6605 0.4442
Car -1 -1 1.8421 472.5329 179.9775 509.8663 202.6788 1.5569 1.6632 4.1072 -8.6960 2.1011 52.9523 1.6797 0.3652
Car -1 -1 3.0447 465.0395 181.9340 530.8123 206.7913 1.4960 1.5938 3.9723 -7.1298 2.0863 45.6117 2.8901 0.1345
Car -1 -1 1.7154 443.2262 174.6557 489.4628 210.3248 1.5479 1.5434 4.0070 -6.6552 1.6372 33.5551 1.5207 0.1321
