Cyclist -1 -1 -2.4958 33.3418 155.5986 110.6824 208.6662 1.6757 0.8001 1.8970 -17.2434 0.7416 23.1053 -3.1313 0.2792
Car -1 -1 -1.0398 0.0000 189.1975 211.3426 311.6501 1.5595 1.6004 3.8253 -7.9920 1.6339 11.2470 -1.6466 0.9061
Car -1 -1 -1.4508 459.0821 185.4732 514.7076 228.3924 1.5010 1.5955 4.0713 -4.5374 1.5126 27.2302 -1.6148 0.9006
Car -1 -1 -1.1806 187.7064 186.5650 325.2007 255.8589 1.4515 1.5965 3.7316 -8.1901 1.4882 17.0328 -1.6230 0.8390
Car -1 -1 -1.5651 574.3530 180.3008 604.1699 208.4612 1.5375 1.6281 4.0015 -1.0807 1.2703 41.2610 -1.5916 0.7136
Car -1 -1 -1.4414 494.7361 181.9216 533.0390 212.7913 1.5730 1.5693 3.6927 -5.0049 1.4063 38.4727 -1.5704 0.4999
Car -1 -1 -1.0839 200.0387 184.0147 299.7449 229.8038 1.5182 1.5907 3.8004 -12.7332 1.4795 25.7551 -1.5393 0.3820
Car -1 -1 2.3116 0.0000 186.8032 114.3755 276.7890 1.4120 1.5893 3.9554 -11.4295 1.4471 13.3572 1.6136 0.2716
Car -1 -1 2.0606 516.8572 180.0350 563.2386 203.0278 1.4829 1.5266 3.7446 -4.5330 1.1499 48.3794 1.9672 0.2466
Car -1 -1 1.6034 529.1327 180.3730 550.6065 199.5483 1.4849 1.5901 3.9253 -5.4313 1.1110 57.6702 1.5095 0.2113
