Pedestrian -1 -1 -2.2859 0.0000 94.8545 70.4579 247.9174 1.8034 0.6697 0.6786 -7.2981 0.8848 8.8894 -2.9587 0.4632
Pedestrian -1 -1 -2.4975 238.6439 120.4916 274.6352 188.8673 1.8104 0.6910 0.5729 -9.5898 0.4243 19.4955 -2.9493 0.3539
Car -1 -1 -1.7127 669.3046 184.6145 749.4686 243.5076 1.4335 1.6313 4.2731 2.6681 1.8041 20.5669 -1.5864 0.9262
Car -1 -1 0.4015 132.2815 181.0836 408.0994 274.0231 1.4942 1.6337 4.0502 -5.8296 1.6484 12.6159 -0.0239 0.8435
Car -1 -1 -0.1495 740.2698 182.6908 851.4311 229.6553 1.5666 1.5949 3.5880 6.4330 1.9268 25.4325 0.0947 0.7941
Car -1 -1 -2.3138 0.0000 183.0092 233.9192 361.5163 1.4942 1.6297 4.0385 -6.2201 1.6118 7.2414 -3.0055 0.7381
Car -1 -1 3.4125 259.4793 172.3984 414.6318 228.4976 1.4422 1.5606 3.6303 -7.3168 1.4309 19.4772 3.0573 0.6892
Car -1 -1 0.5527 236.9112 180.2042 424.0644 246.0848 1.4572 1.6022 3.9536 -6.7253 1.6463 17.3708 0.1880 0.5643
Car -1 -1 3.4506 145.2364 187.5007 364.0542 266.4606 1.4598 1.5722 3.7080 -7.1602 1.7805 14.7499 3.0053 0.5636
Car -1 -1 -2.1591 841.5645 0.0000 1242.0000 375.0000 2.0849 1.7916 4.6829 2.9347 1.5846 4.1441 -1.5769 0.5245
Car -1 -1 1.6284 513.5557 174.2946 542.7678 199.1899 1.4880 1.5957 4.1028 -5.1458 1.5833 45.4567 1.5160 0.4877
Car -1 -1 0.1853 357.6994 184.0003 490.8145 236.2177 1.4936 1.5707 3.6882 -5.6067 1.8465 21.9191 -0.0629 0.4853
Car -1 -1 -2.8916 443.9743 182.1636 530.7659 216.0359 1.5561 1.6253 3.8257 -5.8878 2.0160 34.6438 -3.0592 0.4391
Car -1 -1 0.1824 463.5099 180.5993 543.5350 209.8409 1.5326 1.6275 4.0709 -5.7759 1.9630 39.1712 0.0365 0.3640
Car -1 -1 -1.6507 701.9720 176.3242 740.7763 208.9007 1.6176 1.6813 4.4412 5.8585 1.8144 38.5826 -1.5017 0.3199
