Pedestrian -1 -1 1.7051 374.2121 171.3868 418.2801 276.1526 1.8933 0.6555 1.0998 -4.0720 1.8672 13.6298 1.4192 0.8395
Cyclist -1 -1 1.7203 420.5817 175.8665 461.7084 267.0462 1.8593 0.5992 1.8756 -3.7052 1.9293 15.7321 1.4919 0.8715
Cyclist -1 -1 1.7055 373.4239 171.7091 417.3322 275.4188 1.8743 0.6523 1.0962 -4.0881 1.8539 13.6282 1.4186 0.1068
Car -1 -1 -1.9067 697.4341 183.2330 861.8364 295.8739 1.4694 1.4754 3.2744 2.4646 1.6591 11.4454 -1.7011 0.8825
Car -1 -1 -1.7823 567.0009 182.6270 622.8386 223.4745 1.5585 1.6110 3.6427 -0.7384 1.9975 30.4233 -1.8070 0.8506
Car -1 -1 -1.4012 262.2359 192.5679 380.2904 282.7744 1.4297 1.5361 3.5554 -5.5619 1.8687 14.1556 -1.7699 0.8351
Car -1 -1 -1.8205 628.8481 179.4252 727.0419 246.0933 1.4838 1.5639 3.8396 1.5718 1.6709 18.4784 -1.7379 0.7782
Car -1 -1 -1.6693 545.0835 183.4208 580.4153 212.0970 1.4776 1.6173 3.7043 -2.7343 2.1011 40.5821 -1.7368 0.7402
Car -1 -1 0.7340 977.6745 190.0655 1242.0000 375.0000 1.4843 1.6021 3.8115 2.9872 1.5891 2.4579 1.5585 0.7185
Car -1 -1 1.6746 316.3151 189.9881 398.3422 257.0831 1.4760 1.6158 4.0766 -6.6302 1.9826 19.1451 1.3448 0.6359
Car -1 -1 1.7170 405.8293 183.4555 451.4528 218.9594 1.5830 1.6042 4.0092 -8.8912 2.1352 35.4800 1.4727 0.5130
Car -1 -1 -0.3312 655.3350 171.6460 753.4161 207.5914 1.4552 1.5681 3.7869 3.9041 1.4066 30.3599 -0.2050 0.4018
