Pedestrian -1 -1 2.1863 544.0798 174.2728 566.5756 211.6052 1.8245 0.7148 0.9225 -2.7538 1.8966 35.8834 2.1097 0.3746
Car -1 -1 -1.8539 622.6076 190.3507 716.8715 257.2859 1.4804 1.5420 3.2912 1.4014 1.9761 18.6517 -1.7812 0.9083
Car -1 -1 2.5001 549.0641 186.8692 635.9553 223.3514 1.5559 1.6441 3.8886 -0.8307 2.2533 34.0368 2.4752 0.8593
Car -1 -1 -0.7950 691.9181 185.3843 785.8864 223.7765 1.4490 1.6011 3.9010 5.3824 2.0045 30.1811 -0.6209 0.8408
Car -1 -1 -0.9728 831.0545 183.3282 896.0387 214.3208 1.4330 1.4910 3.2559 12.6258 1.9786 35.9876 -0.6385 0.7870
Car -1 -1 -0.9760 760.9747 182.9093 843.6755 217.8366 1.4561 1.6215 4.1810 8.8562 1.9469 33.2065 -0.7182 0.5893
Car -1 -1 0.8835 874.0809 198.8370 1242.0000 375.0000 1.4761 1.5917 4.0188 2.7981 1.6730 3.4141 1.5275 0.5889
Car -1 -1 -1.0485 874.7949 176.3536 946.4022 208.8684 1.6422 1.6946 4.2045 16.1664 1.8403 38.8157 -0.6571 0.5822
Car -1 -1 -1.9772 111.8276 187.0662 186.3307 224.8824 1.5242 1.5594 3.4104 -20.4294 2.1843 31.8892 -2.5434 0.5166
Car -1 -1 2.2304 4.7889 186.2362 132.6250 233.4703 1.5644 1.6131 4.1857 -20.2690 2.1085 27.2028 1.5946 0.4647
Car -1 -1 1.6371 971.5543 177.0566 1004.2775 202.6133 1.5138 1.5834 3.9690 23.8488 1.7917 45.5363 2.1165 0.4476
Car -1 -1 -0.1242 1000.4934 177.6544 1119.2782 217.3131 1.5737 1.6472 4.0923 18.9139 1.7883 30.6082 0.4245 0.3851
