Car -1 -1 1.7981 428.9156 187.8236 489.5298 227.1853 1.4424 1.5974 4.0152 -6.2286 2.1074 30.0049 1.5946 0.8487
Car -1 -1 -1.7142 648.3204 175.3053 695.8090 211.1525 1.5527 1.6321 3.9659 2.7839 1.6740 33.5574 -1.6328 0.8263
Car -1 -1 2.2063 0.0000 207.5629 201.8103 375.0000 1.5419 1.6017 3.8384 -6.0108 1.9867 7.2884 1.5343 0.7986
Car -1 -1 -1.0341 161.0380 197.6852 234.1018 232.7022 1.5613 1.6016 3.5767 -20.8319 2.8811 36.5334 -1.5495 0.7012
Car -1 -1 -1.0134 119.1248 199.3941 194.7028 231.8214 1.4653 1.5888 3.7293 -23.5019 2.9145 37.5205 -1.5700 0.6863
Car -1 -1 1.7728 459.3987 185.9537 507.6657 219.0839 1.4628 1.5734 3.9368 -6.1821 2.1424 35.4207 1.6007 0.6118
Car -1 -1 -2.2378 999.3130 200.8292 1242.0000 375.0000 1.4576 1.5960 3.8803 2.9859 1.6379 2.6101 -1.4405 0.5562
Car -1 -1 2.0377 213.8501 191.4764 286.3448 225.5557 1.5306 1.6596 4.0001 -18.1962 2.5275 36.6028 1.5789 0.4814
Car -1 -1 2.0874 485.2364 181.4568 542.6999 209.6523 1.5712 1.6313 4.1241 -5.7959 2.1200 43.7758 1.9560 0.4589
Car -1 -1 -1.0186 69.5398 203.9871 152.0722 238.7065 1.5325 1.6546 4.0380 -25.9280 3.2436 37.5904 -1.6194 0.2867
Car -1 -1 1.3376 817.3110 157.6989 853.2546 181.8642 1.8930 1.7586 4.6541 18.3076 0.7062 58.8992 1.6374 0.2706
