Pedestrian -1 -1 -2.0592 788.7260 156.6470 894.1025 321.9384 1.7455 0.7433 0.9867 2.6411 1.4844 8.1375 -1.7605 0.9402
Pedestrian -1 -1 -1.9404 712.6541 163.4862 802.5287 335.4102 1.7437 0.6321 0.9712 1.6250 1.5624 7.8167 -1.7481 0.9235
Pedestrian -1 -1 -2.1372 273.0370 167.9943 343.6535 273.4580 1.6547 0.7199 0.8720 -4.8618 1.4441 11.8139 -2.5254 0.9168
Pedestrian -1 -1 -0.5496 1043.8175 147.0190 1177.0396 309.7432 1.7607 0.7562 0.9817 5.7041 1.3889 8.1670 0.0396 0.8992
Pedestrian -1 -1 -1.9323 621.5571 171.3160 658.7604 242.9071 1.6564 0.6461 0.7760 0.8794 1.4220 17.0872 -1.8871 0.8301
Pedestrian -1 -1 0.7077 786.9644 158.1769 849.6176 268.8651 1.6789 0.4919 0.8252 3.3818 1.3264 11.3727 0.9850 0.7831
Pedestrian -1 -1 1.6948 359.6782 165.0667 397.5819 253.3646 1.7559 0.6638 0.6733 -4.5798 1.4303 14.6724 1.3919 0.7268
Pedestrian -1 -1 2.2619 1002.1671 149.7026 1095.9576 280.9791 1.7164 0.5929 1.0072 6.0798 1.3020 9.8383 2.7982 0.6919
Pedestrian -1 -1 -2.7665 1110.1982 148.3559 1207.2219 286.6692 1.6802 0.5711 0.8394 7.1030 1.2789 9.2307 -2.1296 0.6046
Cyclist -1 -1 1.9335 382.3625 170.0246 443.2215 258.6169 1.6619 0.5943 1.7682 -3.7807 1.4479 14.3830 1.6755 0.7382
Cyclist -1 -1 2.3228 1004.0409 151.1140 1098.9698 281.1277 1.7042 0.5915 0.9899 6.1080 1.3072 9.8342 2.8614 0.1154
Cyclist -1 -1 -1.9364 710.0415 161.1528 800.4564 335.4463 1.7624 0.6290 1.0001 1.5967 1.5581 7.8086 -1.7472 0.1068
Car -1 -1 1.7732 403.2874 156.2151 486.8299 225.4032 2.0383 1.7843 4.5667 -4.9983 1.2945 23.4523 1.5603 0.8954
Car -1 -1 1.7199 446.2457 158.7440 507.0357 213.7140 2.1331 1.8308 4.9248 -5.1845 1.2511 30.3556 1.5471 0.7623
Car -1 -1 1.5415 522.1038 170.6917 557.0173 201.6617 1.5429 1.6861 4.2465 -3.3260 1.0053 37.9933 1.4498 0.6708
