Pedestrian -1 -1 1.6394 479.4792 176.0151 515.9813 262.1819 1.8209 0.7399 0.7179 -2.2747 1.7062 15.5646 1.4910 0.5393
Pedestrian -1 -1 -0.4246 644.4072 169.4502 667.9542 212.2840 1.7761 0.7075 0.7623 2.2864 1.2774 30.2473 -0.3550 0.4739
Pedestrian -1 -1 1.7288 787.5522 183.6028 842.4261 297.4511 1.7910 0.7252 1.1204 3.5344 1.8293 11.9828 2.0039 0.3896
Pedestrian -1 -1 1.1622 148.1613 205.7195 295.7442 374.0000 1.6553 0.6000 0.7378 -2.4983 1.8285 4.6261 0.6827 0.2603
Pedestrian -1 -1 -1.2409 0.0000 249.6931 180.8946 374.0000 1.7196 0.6418 0.7047 -2.5864 2.0972 3.5332 -1.8469 0.2170
Pedestrian -1 -1 1.2024 864.6415 186.9283 924.5204 322.0144 1.6609 0.5496 0.5106 3.6599 1.7330 9.1057 1.5689 0.1843
Pedestrian -1 -1 -3.0126 833.7743 191.8108 883.2045 319.0250 1.7247 0.6344 0.5957 3.6183 1.8787 10.2193 -2.6862 0.1595
Pedestrian -1 -1 -1.4052 716.1616 180.6830 746.8756 259.3289 1.6497 0.5570 0.6549 2.7687 1.6338 15.4662 -1.2365 0.1588
Cyclist -1 -1 1.2002 698.1365 183.4552 741.3463 251.8899 1.5114 0.5151 1.3609 2.6843 1.5598 16.6230 1.3523 0.6702
Cyclist -1 -1 1.7561 782.2708 186.3126 845.3002 303.0393 1.7936 0.7594 1.5128 3.5138 1.8807 11.9514 2.0303 0.2185
Cyclist -1 -1 2.0498 128.4319 205.0266 289.6143 374.0000 1.6798 0.5972 0.8018 -2.5177 1.8449 4.5917 1.5642 0.1307
Cyclist -1 -1 -1.2474 0.0000 239.8305 190.5882 374.0000 1.6587 0.6647 0.7672 -2.6075 1.9920 3.6258 -1.8458 0.1133
Car -1 -1 1.7241 732.7935 183.6660 843.6863 270.0041 1.4853 1.6014 4.1557 3.9061 1.5375 14.6915 1.9740 0.2829
Car -1 -1 -1.6576 451.2439 180.9506 487.9073 210.6191 1.5262 1.6027 3.9238 -7.2151 1.4988 39.0550 -1.8442 0.1999
