Pedestrian -1 -1 0.2671 0.0000 172.8785 20.8637 277.7973 1.6100 0.4518 0.6059 -9.8158 1.6107 11.4015 -0.4323 0.1724
Pedestrian -1 -1 2.8356 216.4284 158.0081 266.5796 248.2617 1.6665 0.4990 0.7368 -7.0754 1.3927 13.7560 2.3680 0.1570
Pedestrian -1 -1 -2.2873 0.0000 145.0958 31.8448 233.9279 1.7446 0.5513 0.6476 -12.2059 1.1998 14.4927 -2.9783 0.1507
Cyclist -1 -1 1.2511 767.5631 176.1004 794.5505 220.4220 1.7077 0.5451 1.6615 6.7652 1.8414 28.7752 1.4791 0.1911
Car -1 -1 1.7137 469.2282 177.0403 551.8144 239.9170 1.5603 1.7105 4.1444 -2.7231 1.6903 20.2603 1.5810 0.9141
Car -1 -1 1.5099 681.1702 177.5441 726.0433 221.2403 1.6947 1.6168 3.9707 3.8462 1.9062 30.4491 1.6337 0.8930
Car -1 -1 1.7561 548.4163 177.4855 597.2496 209.1999 1.5121 1.7459 4.3901 -1.8920 1.7670 37.3600 1.7054 0.8293
Car -1 -1 -1.7167 665.6831 182.6321 705.6801 214.0129 1.5030 1.5557 3.5280 3.8460 2.0356 37.4728 -1.6158 0.5240
Car -1 -1 1.5273 575.2500 179.0821 599.6315 202.2548 1.5927 1.6033 3.8940 -1.7062 2.0650 52.6680 1.4946 0.2906
Car -1 -1 -1.9106 858.8719 206.7025 1205.5504 375.0000 1.6316 1.4437 2.9311 3.1096 1.9876 6.0388 -1.4567 0.2767
