Pedestrian -1 -1 1.0606 320.3077 178.5442 338.7935 214.5317 1.8218 0.5885 0.7656 -14.4750 2.1188 37.1423 0.6911 0.3378
Pedestrian -1 -1 -2.0502 285.2477 182.3295 324.2533 241.8098 1.7124 0.7806 0.8224 -9.1476 2.0027 21.5119 -2.4483 0.2444
Car -1 -1 3.5442 0.0000 165.4175 237.9114 285.9677 1.8765 1.7039 3.8028 -8.7897 1.7611 12.4455 2.9391 0.7969
Car -1 -1 -1.8219 472.5973 182.9073 522.4312 218.7389 1.6480 1.6297 3.5763 -5.7350 2.1809 36.2506 -1.9783 0.7532
Car -1 -1 3.3913 126.4823 181.6327 307.0630 246.6432 1.5168 1.6017 3.7569 -9.9170 1.7558 18.3857 2.9023 0.6345
Car -1 -1 3.4164 36.8792 178.6116 278.6363 265.4314 1.6376 1.6640 3.9837 -9.3031 1.7692 15.1153 2.8723 0.5233
Car -1 -1 3.2800 179.4189 180.9149 329.8961 237.7061 1.5751 1.6446 3.8779 -10.6290 1.8342 21.7768 2.8304 0.3171
Car -1 -1 1.6505 231.8243 159.2580 266.3685 185.9645 1.5726 1.5935 3.9544 -22.2999 0.7724 44.6172 1.1892 0.2212
Car -1 -1 -2.2418 283.0694 179.8493 365.6469 215.7477 1.5548 1.6070 3.7131 -13.3181 1.8958 33.5060 -2.6178 0.2090
Car -1 -1 -0.0117 288.1124 167.9444 353.2563 191.2323 1.6690 1.6733 4.4050 -21.3811 1.3175 53.3231 -0.3915 0.1886
