Car -1 -1 -1.1324 32.6968 189.4894 395.8834 376.0000 1.5179 1.6155 3.7845 -3.5589 1.5735 7.2734 -1.5733 0.9277
Car -1 -1 -1.2652 329.0174 187.5786 416.0747 235.2655 1.3770 1.5489 3.7754 -7.3998 1.4595 22.8333 -1.5755 0.8717
Car -1 -1 -1.4948 581.9850 180.8820 622.3048 216.0648 1.6067 1.6747 3.6955 -0.2537 1.4099 34.7240 -1.5026 0.8216
Car -1 -1 -1.0063 42.1048 189.9642 269.2200 286.8526 1.3959 1.5432 3.6656 -7.5567 1.4911 12.3870 -1.5447 0.7652
Car -1 -1 -1.1592 293.4440 185.6379 365.9298 220.5750 1.4539 1.5956 3.8233 -12.2832 1.4749 31.9040 -1.5243 0.7651
Car -1 -1 1.7699 440.3126 170.2666 523.9647 231.6928 1.4855 1.5354 3.4074 -3.2869 1.1251 19.1073 1.6016 0.7472
Car -1 -1 -1.3966 412.2557 183.3707 462.0107 217.1230 1.4405 1.5739 3.6801 -7.6977 1.3629 32.5570 -1.6273 0.7336
Car -1 -1 -0.9266 0.0000 187.7540 153.1361 271.2354 1.4606 1.6254 4.0642 -11.4545 1.5210 14.7362 -1.5787 0.5928
Car -1 -1 -1.4689 490.7361 181.4268 534.5860 215.0189 1.5474 1.6871 4.5085 -4.6444 1.3740 35.3862 -1.5989 0.5792
Car -1 -1 -1.0231 117.2286 185.9975 256.3668 242.2399 1.4878 1.6187 4.0778 -12.2247 1.5142 21.1309 -1.5424 0.3422
