Pedestrian -1 -1 -3.0436 1060.5518 161.3488 1104.8531 243.0522 1.7429 0.5468 0.7692 10.3295 1.4978 15.8420 -2.4748 0.1199
Pedestrian -1 -1 1.8261 940.5570 106.8373 973.4042 176.3830 1.8568 0.6171 0.8721 9.4752 0.0946 19.7936 2.2671 0.1133
Pedestrian -1 -1 2.7579 0.0000 188.0099 21.2850 225.1152 1.8229 0.7188 0.8558 -30.4587 2.6002 36.4393 2.0651 0.1023
Cyclist -1 -1 1.2423 749.8804 164.2183 767.3892 192.4549 1.6920 0.5595 1.5911 9.0345 1.1749 44.0587 1.4429 0.1587
Cyclist -1 -1 1.4681 1115.6163 157.0042 1189.2205 256.6920 1.6110 0.8141 1.8876 9.4290 1.3552 12.6785 2.0961 0.1556
Cyclist -1 -1 2.4457 0.0000 192.7493 44.5036 229.7204 1.7892 0.7890 1.9448 -30.3416 2.8398 37.0542 1.7630 0.1172
Car -1 -1 1.9748 321.5231 186.8180 380.6274 216.8650 1.5270 1.6245 4.1854 -14.5912 2.3583 40.7933 1.6330 0.5965
Car -1 -1 2.2476 34.3003 195.9380 98.9851 226.3558 1.5530 1.3707 2.9290 -30.5330 2.8994 40.5819 1.6055 0.1060
Car -1 -1 1.3698 671.7675 182.0669 711.6191 209.6211 1.4902 1.5651 3.8983 4.7129 2.0574 42.3789 1.4792 0.1047
Car -1 -1 1.1014 887.4481 162.7032 969.5770 198.9949 1.5338 1.6236 4.2639 14.2645 1.1052 32.6695 1.5096 0.1023
