Car -1 -1 -1.6664 528.2609 177.1657 600.0843 240.4880 1.6715 1.7134 3.8246 -1.4041 1.4601 20.9971 -1.7327 0.9435
Car -1 -1 -1.5508 431.1452 181.1738 489.0119 234.3287 1.5442 1.6591 3.5464 -4.6769 1.4279 22.7733 -1.7514 0.9082
Car -1 -1 -1.1547 0.0000 194.1577 228.9239 324.9828 1.4144 1.5726 3.9540 -6.9281 1.5675 10.1347 -1.7422 0.9071
Car -1 -1 -1.2987 209.7926 186.5833 328.9665 250.8139 1.4734 1.6598 4.4606 -8.7584 1.5149 18.9176 -1.7272 0.8928
Car -1 -1 -1.4037 329.4728 184.1425 387.9984 223.4524 1.5426 1.6542 4.1891 -10.4811 1.5016 30.4067 -1.7333 0.8214
Car -1 -1 -1.1862 105.5522 185.5077 223.1973 242.1025 1.4318 1.5533 3.5561 -12.2779 1.4418 20.0800 -1.7293 0.7358
Car -1 -1 -1.2844 204.5607 168.5910 281.2290 216.1427 1.7963 1.6795 4.1133 -14.8070 1.1694 29.3247 -1.7485 0.6903
Car -1 -1 1.6899 369.9315 181.6868 408.9761 210.6635 1.4988 1.5711 4.0177 -11.9056 1.3174 39.2936 1.3972 0.6369
Car -1 -1 1.6129 459.1550 167.7565 487.3029 192.6773 1.5295 1.6107 3.9815 -8.6293 0.4591 46.1989 1.4291 0.3498
Car -1 -1 1.4682 500.8299 182.1840 525.6642 201.0681 1.4968 1.6188 3.9958 -7.8153 1.2577 59.1067 1.3369 0.3035
Car -1 -1 2.1419 289.7552 181.1380 356.4535 208.5333 1.4875 1.5794 4.1073 -16.2564 1.2673 41.1979 1.7679 0.2986
