Car -1 -1 -1.6657 520.8968 176.4755 588.9254 234.4135 1.6035 1.7027 3.6577 -1.7269 1.3628 21.8401 -1.7441 0.9308
Car -1 -1 -1.5121 417.6303 181.8466 483.1100 239.0177 1.5467 1.6814 3.5484 -4.6274 1.4567 21.3255 -1.7235 0.9107
Car -1 -1 -1.2510 157.6436 185.6710 304.5969 261.2945 1.5175 1.6469 4.5441 -8.6183 1.5308 16.8181 -1.7184 0.9022
Car -1 -1 1.7597 311.3418 183.9492 376.2278 224.1995 1.4579 1.6352 4.0917 -10.2911 1.4131 28.1823 1.4123 0.8807
Car -1 -1 -1.1438 56.3928 186.8412 201.5288 251.5151 1.4767 1.5954 3.9559 -12.2191 1.5245 18.5880 -1.7189 0.8488
Car -1 -1 -1.2187 174.9193 166.9395 266.2870 216.1170 1.7241 1.7090 4.1808 -14.6506 1.0845 27.3856 -1.7061 0.7203
Car -1 -1 -1.4533 358.7146 183.1918 400.2442 213.7705 1.4884 1.5932 3.8468 -11.7304 1.3910 37.0239 -1.7584 0.6551
Car -1 -1 -1.0287 0.0000 201.1262 152.2700 376.0000 1.5005 1.6259 4.0619 -6.9193 1.7246 7.9388 -1.7291 0.6476
Car -1 -1 -1.3148 272.9437 182.8830 323.2606 211.6848 1.4831 1.5780 3.8540 -16.7742 1.3641 39.0334 -1.7185 0.3377
Car -1 -1 1.5950 502.6047 181.6884 523.2352 200.4188 1.4885 1.5904 3.9082 -7.7885 1.2093 59.1505 1.4643 0.3300
Car -1 -1 1.6249 455.5590 170.0488 486.3307 197.4373 1.6282 1.6638 4.1746 -8.5261 0.7277 44.9107 1.4381 0.2819
