Pedestrian -1 -1 1.2498 169.1359 131.3487 204.0535 193.9490 1.8503 0.6787 0.8578 -12.8775 0.6239 21.8617 0.7227 0.3411
Car -1 -1 -2.3339 1074.0535 184.1972 1157.4841 212.8305 1.4848 1.6158 3.9256 28.6824 2.1640 41.1149 -1.7286 0.8351
Car -1 -1 -0.6956 907.0809 184.2710 1242.0000 375.0000 1.5032 1.6197 3.7805 4.7717 1.6187 6.3294 -0.0726 0.8123
Car -1 -1 3.8656 0.0000 183.5298 166.7655 341.3180 1.5045 1.6334 3.9116 -7.3275 1.6332 7.8295 3.1303 0.7864
Car -1 -1 3.6891 0.0000 171.5552 216.5338 290.4164 1.5346 1.6214 3.7823 -8.0205 1.5182 10.3106 3.0403 0.7635
Car -1 -1 3.5510 0.0000 173.0278 285.9121 273.9942 1.6390 1.7074 4.0265 -8.2053 1.6427 12.8579 2.9920 0.7590
Car -1 -1 -0.5332 818.7114 185.8902 1203.7025 327.9638 1.5042 1.6150 3.7997 4.6169 1.6790 8.7289 -0.0616 0.7341
Car -1 -1 -1.7956 462.1265 179.2942 502.1387 205.5983 1.5500 1.6340 4.0400 -8.1847 1.9783 45.7614 -1.9720 0.7279
Car -1 -1 0.4415 120.0016 180.2541 331.5309 255.4109 1.5028 1.5713 3.6821 -8.1523 1.6703 15.4466 -0.0374 0.6145
Car -1 -1 -1.5313 320.4138 173.2978 367.4241 213.6721 1.5006 1.6035 4.1559 -10.6974 1.5203 29.0880 -1.8811 0.3799
