Pedestrian -1 -1 1.7496 163.8495 115.1083 206.5934 202.2458 1.8824 0.7283 0.5435 -9.4389 0.6353 15.9644 1.2228 0.4948
Car -1 -1 -0.4925 857.2728 188.8397 1114.2638 280.6027 1.5133 1.6253 3.8266 6.6273 1.8229 13.0782 -0.0335 0.9164
Car -1 -1 -0.2237 717.1320 181.8456 844.9593 231.0171 1.6280 1.6908 4.0364 5.8180 1.9511 25.0448 0.0012 0.8545
Car -1 -1 -2.5917 16.1367 186.5224 358.9208 303.6793 1.4772 1.6283 3.9222 -5.8493 1.6876 10.1941 -3.1019 0.8055
Car -1 -1 -2.4316 0.0000 185.2746 235.5822 337.1137 1.4304 1.5928 3.9183 -6.4665 1.5799 7.7988 -3.1073 0.7884
Car -1 -1 -0.4407 817.8110 185.3958 1038.8046 264.9025 1.5552 1.6742 3.9612 6.5944 1.8379 15.3211 -0.0422 0.7695
Car -1 -1 3.3999 286.5754 175.7589 456.7447 236.1774 1.5680 1.6683 4.1341 -6.4640 1.6517 19.7587 3.0872 0.7501
Car -1 -1 0.5058 212.6872 183.8993 444.1080 265.5956 1.5296 1.6663 4.1823 -5.7928 1.7757 14.9281 0.1410 0.7352
Car -1 -1 0.5156 276.9492 183.7791 457.5067 252.1290 1.4829 1.5845 3.7842 -5.7733 1.7605 17.1618 0.1951 0.6554
Car -1 -1 -1.6819 639.1914 182.2289 677.2165 212.2552 1.5065 1.6249 4.0596 2.5547 2.0477 39.5560 -1.6185 0.6506
Car -1 -1 0.2281 427.6328 180.6491 524.3488 215.8689 1.5521 1.6459 4.0988 -6.1419 1.9202 33.1165 0.0456 0.6218
Car -1 -1 2.2001 1039.3662 207.7804 1242.0000 375.0000 1.4918 1.6544 4.0928 5.7895 1.8270 5.7382 2.9635 0.5516
Car -1 -1 0.4699 117.0420 183.3628 382.8495 274.1454 1.4631 1.6015 3.8745 -6.2310 1.6601 12.6606 0.0204 0.5209
Car -1 -1 -2.7775 360.7440 180.2129 487.0178 227.1315 1.5355 1.6207 3.9100 -6.4330 1.8010 24.9612 -3.0277 0.5013
