Pedestrian -1 -1 -3.2052 867.7440 133.4612 915.3560 264.5127 1.7500 0.6499 0.5661 3.8462 1.2243 10.0250 -2.8492 0.1769
Pedestrian -1 -1 -0.5285 0.0000 219.3940 166.7929 375.0000 1.6624 0.6309 0.6483 -2.5696 1.8988 3.2335 -1.1617 0.1609
Pedestrian -1 -1 -2.2629 865.3586 160.3677 892.9263 211.8870 1.7920 0.6394 0.6586 9.4692 1.3581 25.5120 -1.9117 0.1584
Pedestrian -1 -1 -1.5683 934.0616 175.8528 1000.1004 325.1314 1.6724 0.6762 0.5751 4.1412 1.7098 8.5013 -1.1298 0.1261
Pedestrian -1 -1 -3.3339 1141.7639 122.7747 1213.2505 249.1415 1.7572 0.5778 0.7083 8.1442 1.0612 10.4461 -2.6853 0.1182
Pedestrian -1 -1 0.7210 734.2925 164.1196 757.2507 198.1007 1.6817 0.5350 1.0387 6.7856 1.2498 36.2790 0.9040 0.1107
Pedestrian -1 -1 -1.9252 1034.2916 174.5645 1118.9922 333.4413 1.6685 0.5863 0.6479 5.0713 1.6887 7.9577 -1.3755 0.1073
Cyclist -1 -1 1.5708 588.5048 171.0339 598.4036 201.5883 1.7495 0.5668 1.5395 -1.0006 1.6457 42.0882 1.5467 0.1086
Car -1 -1 1.6244 604.0800 178.8297 634.6565 208.5454 1.6275 1.5931 3.8045 0.5537 1.9939 42.2499 1.6368 0.6821
Car -1 -1 -1.2934 557.1018 184.0961 608.5766 218.9408 1.6680 1.6504 4.1451 -1.4087 2.2975 38.1709 -1.3307 0.1219
