Pedestrian -1 -1 -2.9911 802.1901 152.0403 921.7177 344.4481 1.8674 0.6819 1.0992 2.6852 1.5829 7.5243 -2.6652 0.9340
Pedestrian -1 -1 2.0206 64.9042 164.6055 213.8235 374.0000 1.8491 0.7333 1.0141 -4.0794 1.7139 6.3483 1.4615 0.9019
Pedestrian -1 -1 1.6554 531.3965 170.7029 562.6760 245.0483 1.8583 0.7259 1.0040 -1.4198 1.5896 18.4554 1.5742 0.8674
Pedestrian -1 -1 2.8010 604.9905 171.7688 650.2336 241.3286 1.8512 0.7980 1.0256 0.6781 1.5934 19.6513 2.8296 0.8458
Pedestrian -1 -1 -2.3384 1003.0886 151.2930 1184.6385 374.0000 1.7509 0.6044 1.0079 3.6667 1.5442 5.5011 -1.7779 0.8244
Pedestrian -1 -1 2.6817 594.6357 170.2719 625.7602 232.3391 1.8052 0.7291 0.6686 0.2281 1.4797 21.3637 2.6869 0.7333
Pedestrian -1 -1 -1.7927 697.0977 170.5631 717.5612 214.5381 1.8169 0.7172 0.6476 4.4070 1.3660 30.0292 -1.6534 0.6214
Pedestrian -1 -1 3.5255 0.0000 188.7408 63.1507 328.3573 1.7204 0.5837 0.6598 -7.5008 1.8189 9.2614 2.8527 0.5495
Pedestrian -1 -1 -1.9238 140.8684 167.4473 225.8072 273.2902 1.6967 0.6894 1.7767 -7.2458 1.4727 12.3441 -2.4509 0.1319
Cyclist -1 -1 -1.9410 139.8991 171.7849 228.5195 277.4750 1.6912 0.7073 1.8128 -7.2250 1.5370 12.3339 -2.4673 0.6681
Cyclist -1 -1 -2.3558 991.2160 148.8848 1176.3755 374.0000 1.7719 0.6067 1.0476 3.6020 1.5488 5.5229 -1.8051 0.1217
Car -1 -1 1.7434 468.0530 166.4343 548.6121 235.2718 1.9757 1.7855 4.6733 -2.8774 1.5444 22.9880 1.6150 0.8527
Car -1 -1 1.8468 381.0356 158.5679 516.4763 268.2696 2.1264 1.7691 4.7178 -3.2938 1.6831 16.3393 1.6454 0.8219
