Car -1 -1 -1.2763 328.9351 185.9564 453.4642 259.4523 1.4661 1.6233 3.8678 -4.7980 1.4861 16.3196 -1.5582 0.9322
Car -1 -1 -1.0801 100.0256 187.4554 291.8040 270.0232 1.4776 1.6322 4.2581 -8.4241 1.5325 15.1139 -1.5813 0.9098
Car -1 -1 -1.5787 577.9108 172.8343 630.9594 224.7294 1.6311 1.6684 3.5254 -0.1733 1.2431 24.3662 -1.5862 0.8704
Car -1 -1 -0.9515 0.0000 183.3876 173.5607 253.2808 1.5348 1.6717 3.9647 -12.8125 1.4958 17.7654 -1.5693 0.8401
Car -1 -1 -1.4765 510.6949 175.1216 546.4811 202.9537 1.4197 1.5628 3.7329 -4.2282 0.9059 38.5428 -1.5854 0.5791
Car -1 -1 -1.3961 409.6812 178.3393 454.2010 209.1581 1.4873 1.5762 3.7134 -8.9225 1.1566 36.5906 -1.6340 0.5686
Car -1 -1 -1.2092 323.8250 180.8345 383.5644 210.3640 1.4549 1.6194 3.9896 -13.1784 1.2402 37.4293 -1.5458 0.4964
Car -1 -1 2.2621 65.2318 153.3447 198.6792 203.8525 1.6236 1.6908 4.0570 -16.5553 0.6002 25.2168 1.6861 0.3294
Car -1 -1 -0.8733 0.0000 192.2058 121.7613 376.0000 1.5029 1.5782 3.6871 -4.2885 1.5574 3.5558 -1.7149 0.2983
Car -1 -1 1.5978 552.6235 168.0399 587.5886 201.6804 1.5167 1.5663 3.8394 -1.7849 0.7435 34.3456 1.5460 0.2957
