Pedestrian -1 -1 -0.5701 1055.8086 151.5836 1204.2054 324.5572 1.7810 0.7380 1.0605 5.6048 1.4849 7.6666 0.0433 0.8773
Pedestrian -1 -1 1.3055 1126.1212 115.2425 1184.9069 228.3369 1.7779 0.5575 0.8105 8.9626 0.7537 11.5900 1.9525 0.1792
Pedestrian -1 -1 0.2331 825.5217 135.7527 889.4620 235.1952 1.6864 0.5335 0.9681 4.4093 0.9292 12.4706 0.5671 0.1161
Pedestrian -1 -1 -1.9926 835.0892 175.4160 870.7764 246.6224 1.7642 0.6735 0.5684 6.2089 1.6398 17.8259 -1.6614 0.1145
Pedestrian -1 -1 -0.2628 941.2057 142.6714 1010.8761 247.4663 1.6852 0.5379 0.9103 6.0912 1.0785 11.7220 0.2073 0.1136
Pedestrian -1 -1 3.1161 231.5339 171.8724 303.3615 255.3434 1.5665 0.5061 1.2427 -6.6090 1.4063 13.7682 2.6793 0.1107
Pedestrian -1 -1 1.6273 63.5215 191.8116 94.8568 256.2128 1.8151 0.6953 0.5612 -15.2708 2.1515 20.4965 0.9958 0.1057
Pedestrian -1 -1 -1.9340 418.7296 145.7579 455.3665 227.7618 1.6381 0.4801 0.8132 -3.5138 0.9457 14.5906 -2.1632 0.1054
Cyclist -1 -1 3.2985 226.0149 172.2964 308.2897 254.9111 1.5584 0.5101 1.3817 -6.5984 1.4053 13.7682 2.8624 0.1951
Cyclist -1 -1 -3.6890 1059.6915 147.8855 1209.1632 321.8917 1.7912 0.7161 1.0823 5.6534 1.4572 7.6683 -3.0716 0.1270
Car -1 -1 -2.6511 529.3369 158.8788 621.1000 193.9180 1.5407 1.6162 3.9402 -1.4026 0.5914 32.6680 -2.6916 0.1284
Car -1 -1 0.5968 218.7096 212.7598 380.9178 273.6534 1.4662 1.5997 3.8671 -8.3703 2.4068 19.4136 0.1968 0.1203
Car -1 -1 1.6075 547.0895 153.9782 614.0942 215.4043 1.5429 1.6841 4.3490 -0.6350 0.8783 19.9355 1.5782 0.1121
