Pedestrian -1 -1 2.0917 26.7312 158.6339 59.9685 206.5260 1.8164 0.5855 1.0075 -21.9451 1.2774 27.9022 1.4298 0.4248
Pedestrian -1 -1 1.6852 292.8388 124.0410 319.4171 185.6604 1.8697 0.6733 0.7778 -9.4545 0.3889 22.3575 1.2893 0.2448
Cyclist -1 -1 1.1085 687.9626 180.5787 732.7700 239.6776 1.6806 0.6663 1.6286 2.9410 1.9219 21.6238 1.2410 0.2478
Cyclist -1 -1 -2.0809 1030.4468 182.3429 1066.3678 224.2845 1.6790 0.5336 1.6514 18.2231 2.0861 30.0914 -1.5413 0.2340
Cyclist -1 -1 -1.2773 32.4642 157.6413 59.1890 205.0752 1.8074 0.5606 0.9654 -21.9604 1.2281 28.0415 -1.9371 0.2173
Car -1 -1 0.6259 0.1422 190.6516 367.2508 313.9309 1.4465 1.6214 4.1511 -5.6966 1.7140 9.7963 0.1104 0.9248
Car -1 -1 -1.7751 701.0098 187.6650 810.4964 260.6214 1.3893 1.5925 4.2924 3.1786 1.7785 16.7779 -1.5921 0.8899
Car -1 -1 -1.9839 799.6041 193.5737 1242.0000 375.0000 1.4158 1.6058 4.2408 2.8116 1.6451 5.8385 -1.5560 0.8883
Car -1 -1 -1.6860 655.4211 175.9874 699.3488 211.3206 1.6450 1.6858 4.3355 3.2748 1.8119 36.1664 -1.5970 0.8554
Car -1 -1 0.5181 113.0441 181.4102 371.8190 273.7522 1.4469 1.5671 3.6614 -6.2287 1.6044 12.3586 0.0594 0.7676
Car -1 -1 -2.6978 162.5347 166.0520 400.0943 256.7875 1.7405 1.7314 4.0777 -6.6420 1.6104 14.7589 -3.1144 0.7212
Car -1 -1 -2.9013 420.3234 180.1284 515.0905 216.3541 1.4972 1.5905 3.7307 -6.1192 1.8196 31.0547 -3.0947 0.4288
Car -1 -1 -1.7839 939.9568 177.7524 1010.5045 224.8397 1.6389 1.5935 3.8705 13.8346 1.8408 27.6134 -1.3243 0.3171
Car -1 -1 -1.3015 518.6114 172.8376 556.1910 197.4108 1.5080 1.5054 3.5371 -4.6330 1.5074 46.1465 -1.4014 0.2822
Car -1 -1 -1.7080 647.1371 177.6404 680.3309 202.5558 1.5390 1.6327 3.9867 3.4541 1.8673 47.3921 -1.6362 0.2503
Car -1 -1 1.6150 501.9175 176.7066 538.0049 211.3210 1.5404 1.5444 3.8697 -4.2996 1.7359 34.5406 1.4916 0.2363
