Pedestrian -1 -1 0.0468 772.4196 111.3101 825.5391 199.9722 1.8929 0.6619 1.1059 4.1153 0.5793 15.8795 0.2958 0.4474
Cyclist -1 -1 0.0468 772.4196 111.3101 825.5391 199.9722 1.8929 0.6619 1.1059 4.1153 0.5793 15.8795 0.2958 0.2329
Car -1 -1 -1.8423 674.3774 192.3246 765.0947 252.8081 1.4071 1.5404 3.5326 2.8645 1.9926 19.8279 -1.7020 0.9058
Car -1 -1 -2.4448 0.0000 195.3173 237.6431 344.9433 1.5502 1.6647 3.9702 -6.9245 1.8480 8.6480 -3.1052 0.8949
Car -1 -1 -1.7522 640.8887 187.1679 697.1758 227.5565 1.4530 1.5699 4.0450 2.2994 2.0809 29.5334 -1.6760 0.8868
Car -1 -1 -2.6965 199.2736 192.9122 420.9929 269.9074 1.5312 1.6737 4.1755 -6.5111 1.9977 15.8062 -3.0820 0.8244
Car -1 -1 -2.5295 0.0000 194.0962 314.6247 306.5652 1.5171 1.6405 3.9102 -6.8590 1.8704 11.0365 -3.0752 0.8109
Car -1 -1 -2.8127 328.5324 189.6981 465.7257 242.0703 1.5374 1.6284 3.8104 -6.6619 2.0877 22.6565 -3.0961 0.6955
Car -1 -1 -2.7957 1045.7264 193.2282 1242.0000 375.0000 1.5435 1.5991 3.9306 6.8264 1.8105 7.3306 -2.0667 0.6874
Car -1 -1 0.2131 426.8705 192.9944 521.0618 227.3144 1.4911 1.5992 4.0125 -6.2516 2.4422 33.2041 0.0278 0.6084
Car -1 -1 0.3316 368.1915 188.0661 488.4468 231.3020 1.5518 1.6406 4.1526 -6.9385 2.1550 27.5933 0.0869 0.5595
Car -1 -1 1.4404 638.3284 178.7588 677.7057 208.9239 1.5680 1.6521 4.2583 2.6062 1.9179 40.5359 1.5036 0.5506
Car -1 -1 -2.8270 347.3221 188.4708 474.3334 234.9018 1.5199 1.6304 3.9553 -6.9207 2.0840 25.1368 -3.0936 0.4927
Car -1 -1 0.5121 307.8918 191.4602 456.9647 246.8446 1.4301 1.5696 3.7689 -6.4958 1.9907 20.5660 0.2093 0.4677
Car -1 -1 0.4287 262.2962 189.8407 439.1849 252.5893 1.4553 1.5813 3.8999 -6.5185 1.9071 18.2127 0.0891 0.4580
Car -1 -1 -1.8289 619.0771 185.4589 648.6614 205.0791 1.4989 1.5473 3.6830 1.9157 2.5752 59.6176 -1.7974 0.3903
