Cyclist -1 -1 1.5114 480.1275 183.6604 491.8251 215.4376 1.7430 0.5475 1.8488 -7.1221 2.3747 41.1903 1.3407 0.5194
Car -1 -1 -1.9804 816.2714 185.7664 1210.3892 375.0000 1.4900 1.5947 3.7320 3.1575 1.6432 6.6629 -1.5561 0.9190
Car -1 -1 2.0889 0.0000 213.0705 367.1371 375.0000 1.4176 1.5562 3.9523 -3.6331 1.8789 6.2838 1.5820 0.8937
Car -1 -1 1.2772 651.0654 184.1220 715.6915 226.9947 1.5008 1.5620 3.4051 2.7409 1.9675 28.0364 1.3728 0.8829
Car -1 -1 -3.1878 799.9996 183.4884 948.7069 244.7377 1.5712 1.6204 3.7822 7.2794 1.8901 20.2875 -2.8487 0.7834
Car -1 -1 -1.8841 587.7294 185.4750 632.6007 213.7162 1.5283 1.5887 3.7124 -0.0711 2.3135 42.8534 -1.8864 0.6540
Car -1 -1 2.4820 547.5751 185.4799 597.4569 205.8421 1.5192 1.6018 3.8256 -3.0148 2.5668 57.9883 2.4298 0.6305
Car -1 -1 -3.5884 970.7458 180.1709 1146.8070 238.7496 1.4841 1.5706 3.7255 11.9515 1.6918 19.4782 -3.0454 0.4787
Car -1 -1 1.1451 614.5595 181.0496 655.8837 202.3314 1.4993 1.5970 4.0373 1.8401 2.1454 54.6726 1.1781 0.3223
Car -1 -1 2.2921 706.4084 180.7300 753.2853 200.1965 1.5494 1.6441 4.0458 10.1135 2.2354 60.8954 2.4554 0.2680
