Pedestrian -1 -1 2.0046 809.3290 142.3752 862.3311 245.5829 1.8496 0.6221 0.9195 4.1728 1.3038 13.4785 2.2981 0.5543
Pedestrian -1 -1 2.1660 547.0469 162.5534 566.2398 201.1825 1.8766 0.5335 0.8963 -2.6653 1.3765 35.5703 2.0913 0.1390
Cyclist -1 -1 -1.6652 711.8699 158.1828 746.3997 230.8484 1.8281 0.7161 1.8669 3.0836 1.4593 19.1032 -1.5083 0.1710
Cyclist -1 -1 0.3446 364.6065 180.9330 448.5433 253.2720 1.6575 0.5990 1.8049 -4.8221 1.8520 16.9740 0.0712 0.1451
Car -1 -1 1.7234 521.0671 181.4655 597.5342 235.9189 1.4136 1.6364 4.3852 -1.4592 1.6999 21.6959 1.6563 0.8968
Car -1 -1 -2.0432 846.4295 167.4524 1242.0000 375.0000 1.3898 1.5512 4.1129 3.5861 1.3555 6.6890 -1.5699 0.8516
Car -1 -1 -1.5020 565.4370 180.0974 610.1181 217.9295 1.4486 1.6094 4.1632 -0.9186 1.7769 30.5450 -1.5324 0.7679
Car -1 -1 -1.7053 692.2699 173.0110 737.1077 207.5576 1.5757 1.6200 3.8855 4.9610 1.5841 34.8722 -1.5656 0.5069
Car -1 -1 -1.7181 722.6376 138.2427 820.0086 244.2948 2.3333 1.7352 4.0270 3.8222 1.5722 17.9332 -1.5122 0.2797
Car -1 -1 -1.7705 676.5775 173.2899 708.5840 195.0580 1.5129 1.5696 3.7874 5.9038 1.5459 52.1776 -1.6588 0.2509
