Pedestrian -1 -1 0.6097 744.3251 184.2404 854.3011 374.0000 1.5962 0.7007 0.5436 1.5178 1.6210 5.6869 0.8528 0.8182
Pedestrian -1 -1 0.3620 97.2176 175.1474 130.7200 232.4443 1.7093 0.7109 0.6337 -14.8453 1.5210 21.8468 -0.2345 0.6096
Pedestrian -1 -1 -2.3294 1097.8314 149.4067 1134.2157 205.2051 1.8379 0.6563 0.7463 17.2162 0.7819 24.0760 -1.7187 0.5656
Pedestrian -1 -1 0.2073 736.4241 162.1766 758.9083 205.9935 1.6690 0.5060 0.7660 5.6299 0.9340 27.7418 0.4007 0.4029
Pedestrian -1 -1 -3.5901 1105.4387 162.8729 1165.4319 240.6003 1.7448 0.6994 0.8893 12.2474 1.3279 16.5442 -2.9655 0.2191
Pedestrian -1 -1 -0.8011 1079.0457 149.1942 1107.5734 192.7901 1.7874 0.6132 0.7729 20.4066 0.4639 29.8295 -0.2102 0.2148
Pedestrian -1 -1 -1.8196 254.8015 175.3261 267.6018 203.4365 1.7439 0.5721 0.6854 -21.3136 1.3616 45.0075 -2.2646 0.1758
Pedestrian -1 -1 2.3080 742.2560 158.6537 779.4893 202.8542 1.6297 0.4890 1.5131 6.0064 0.7884 27.1219 2.5189 0.1168
Cyclist -1 -1 2.5637 738.4785 158.8149 783.8252 203.1293 1.6394 0.4918 1.6783 6.0087 0.8012 27.1028 2.7748 0.2846
Car -1 -1 -1.0295 990.1709 182.4703 1220.5785 275.6055 1.4215 1.5922 3.8117 8.7540 1.4417 12.5167 -0.4343 0.8202
