Pedestrian -1 -1 -2.6270 880.0526 173.6206 901.1695 210.8134 1.7491 0.6082 0.7357 13.3494 1.7865 34.4260 -2.2604 0.2580
Pedestrian -1 -1 2.4536 975.9088 149.4753 1038.5061 231.0691 1.7911 0.6823 1.0419 8.8993 1.2783 16.2720 2.9460 0.1672
Pedestrian -1 -1 1.1141 0.0000 151.1017 34.9542 197.6984 1.7695 0.5941 1.3987 -23.0697 0.9438 27.9578 0.4288 0.1248
Pedestrian -1 -1 2.4005 224.2403 186.9627 245.6758 210.8347 1.7765 0.6183 1.4126 -28.7996 2.8746 55.3703 1.9225 0.1024
Cyclist -1 -1 2.1283 224.2428 187.6182 245.8733 211.6667 1.7751 0.5939 1.8284 -28.7710 2.9270 55.3396 1.6505 0.2769
Cyclist -1 -1 0.8373 0.0000 151.4152 40.4189 197.7696 1.7684 0.6046 1.5407 -23.0515 0.9509 27.9398 0.1521 0.2204
Cyclist -1 -1 -2.6964 1162.7852 134.2255 1242.0000 215.0819 1.6867 0.4985 1.5416 13.1042 0.8813 15.8520 -2.0147 0.1282
Car -1 -1 1.8556 380.0776 184.0693 422.0580 208.8257 1.4589 1.5777 3.7752 -13.3331 2.2056 46.1222 1.5754 0.5941
Car -1 -1 1.4198 649.7421 170.7931 699.0234 206.7412 1.4890 1.5764 3.9418 2.7412 1.4040 31.9028 1.5042 0.2554
Car -1 -1 0.4327 0.0000 155.0872 102.3252 196.6028 1.5776 1.5883 3.5620 -22.5464 0.9028 28.5958 -0.2305 0.1106
