Pedestrian -1 -1 -2.4359 959.4624 162.7517 986.9464 209.8702 1.7203 0.5738 0.7077 13.4335 1.3518 26.7785 -1.9757 0.3070
Pedestrian -1 -1 1.2778 1087.9094 147.4565 1242.0000 375.0000 1.7526 0.6860 0.9967 3.1167 1.6339 3.9651 1.9075 0.2871
Pedestrian -1 -1 2.0816 1007.0738 119.8092 1051.7614 194.7033 1.8725 0.5657 1.0331 10.7342 0.5466 18.5458 2.5996 0.2851
Pedestrian -1 -1 -3.4878 973.4970 98.7135 1036.9282 196.8272 1.7754 0.5859 0.8841 7.2775 0.4342 13.4063 -2.9993 0.2811
Pedestrian -1 -1 -2.5522 918.3813 107.9462 989.4363 206.2587 1.7640 0.5429 1.0835 6.3911 0.5997 13.5475 -2.1197 0.1876
Pedestrian -1 -1 -1.8472 877.1802 126.7545 903.9458 183.6949 1.8519 0.6898 0.5722 9.1963 0.3529 23.7793 -1.4823 0.1711
Cyclist -1 -1 1.1872 1067.6376 133.4835 1242.0000 375.0000 1.7365 0.7077 1.2915 3.0554 1.5629 3.8974 1.8152 0.2320
Cyclist -1 -1 -2.3446 908.5135 110.2403 994.7914 208.8358 1.7478 0.4756 1.6035 6.3600 0.6382 13.6228 -1.9160 0.2030
Cyclist -1 -1 -3.4878 973.4970 98.7135 1036.9282 196.8272 1.7754 0.5859 0.8841 7.2775 0.4342 13.4063 -2.9993 0.1269
Cyclist -1 -1 -2.4009 958.8087 162.9895 986.9469 210.3187 1.7275 0.5718 0.7406 13.4224 1.3678 26.7818 -1.9411 0.1112
Car -1 -1 -1.5745 584.5384 177.3418 609.7650 201.4944 1.5343 1.6297 4.0715 -0.9074 1.8501 48.6510 -1.5935 0.5054
Car -1 -1 1.7579 425.7755 182.3958 457.5747 203.3760 1.5490 1.6992 4.2623 -13.3691 2.3371 57.4031 1.5297 0.3267
Car -1 -1 1.7013 456.1840 181.3041 486.7347 205.1032 1.5178 1.5649 3.8510 -9.4698 2.1196 49.3796 1.5124 0.3238
