Pedestrian -1 -1 -1.6144 741.0211 175.4529 753.6902 209.4653 1.8058 0.6209 1.1079 7.3813 1.9487 38.9880 -1.4293 0.2360
Pedestrian -1 -1 -2.0162 808.7299 122.1212 840.3947 187.6344 1.8400 0.6584 0.6303 6.0817 0.4155 20.6268 -1.7333 0.1541
Pedestrian -1 -1 0.4701 1117.1772 151.8549 1218.1530 280.2363 1.7806 0.6496 0.9884 8.1139 1.4897 10.5915 1.1099 0.1432
Pedestrian -1 -1 -1.2630 754.3323 163.2645 772.2223 203.0545 1.8218 0.5814 0.8655 7.0919 1.3831 33.5531 -1.0570 0.1258
Pedestrian -1 -1 1.7304 677.7430 184.5994 697.6259 235.4748 1.6941 0.5921 0.5644 2.5996 2.0995 24.5339 1.8337 0.1112
Cyclist -1 -1 0.9218 1109.7163 156.2931 1224.5149 278.7007 1.7007 0.6266 1.3832 8.1692 1.4710 10.7173 1.5594 0.1629
Cyclist -1 -1 -2.1210 872.5402 153.4888 913.9480 211.8475 1.6765 0.4645 1.4208 8.3621 1.1205 21.4660 -1.7545 0.1410
Cyclist -1 -1 -1.6867 741.3632 174.6635 756.1644 209.7834 1.8377 0.5747 1.7594 7.4061 1.9375 38.7432 -1.4998 0.1304
Cyclist -1 -1 -1.6020 1199.8486 181.5920 1239.9341 275.1166 1.6511 0.5059 1.6466 11.5024 1.8271 13.6928 -0.9146 0.1158
Car -1 -1 2.0324 187.5597 188.8828 295.3265 237.1489 1.5361 1.7602 4.3592 -13.4658 2.1758 26.5934 1.5674 0.9333
Car -1 -1 2.1165 0.0000 194.3504 63.2550 230.1329 1.5764 1.6616 4.1179 -29.8888 2.7292 36.5247 1.4341 0.1859
Car -1 -1 3.3956 75.2032 199.8820 191.4038 237.3199 1.4989 1.6205 4.0690 -21.2992 2.7641 32.3482 2.8168 0.1392
Car -1 -1 2.1202 0.0000 201.0117 102.5399 252.1665 1.4791 1.6391 4.3594 -20.2077 2.5669 25.6046 1.4569 0.1231
Car -1 -1 1.4721 416.1491 188.3593 439.2942 206.6851 1.5502 1.6749 4.2728 -17.0253 3.0441 67.2070 1.2245 0.1221
Car -1 -1 1.6684 157.0285 182.8360 192.6683 209.6796 1.5643 1.5563 3.8469 -27.5180 2.2250 45.6575 1.1284 0.1208
