Pedestrian -1 -1 1.5915 404.7526 175.2892 417.7201 213.4172 1.8963 0.6111 1.0965 -10.1059 2.0221 36.5666 1.3233 0.3071
Cyclist -1 -1 1.5915 404.7526 175.2892 417.7201 213.4172 1.8963 0.6111 1.0965 -10.1059 2.0221 36.5666 1.3233 0.1129
Car -1 -1 2.0042 90.5509 200.5800 388.6156 375.0000 1.5132 1.5507 3.5234 -3.8675 1.8939 8.1323 1.5720 0.9124
Car -1 -1 -1.6935 663.2850 181.2896 724.8606 229.4641 1.4218 1.5496 3.6996 2.6503 1.7223 23.8048 -1.5847 0.8670
Car -1 -1 -3.5668 850.8890 166.0825 1080.9420 237.3041 1.5728 1.6892 4.5190 8.1047 1.4236 16.8132 -3.1250 0.8593
Car -1 -1 -1.3540 413.7463 186.7702 478.0910 231.4942 1.5521 1.6393 3.9371 -6.3762 2.1351 28.2355 -1.5747 0.8513
Car -1 -1 -3.4881 815.6888 152.0941 1002.3210 217.0037 1.7096 1.7359 4.4382 8.0962 1.1632 19.9435 -3.1080 0.7651
Car -1 -1 1.9355 277.6044 196.3419 403.3266 269.0370 1.4282 1.5643 3.7290 -6.3383 2.0518 17.2643 1.5880 0.7299
Car -1 -1 2.7635 766.9781 167.2885 898.4608 216.4103 1.7067 1.7272 4.2046 7.9538 1.5137 26.1077 3.0555 0.7185
Car -1 -1 1.7818 472.7249 184.9519 518.5372 215.5998 1.5185 1.6502 4.1162 -6.2344 2.2166 39.5064 1.6258 0.6703
Car -1 -1 -0.6034 1104.8933 148.7000 1233.7644 187.6006 1.5174 1.6041 3.8802 22.3904 0.5756 29.0385 0.0486 0.6195
Car -1 -1 -0.6115 1049.9796 150.1309 1164.1346 186.6281 1.5988 1.6323 4.0264 22.2548 0.6038 32.4511 -0.0146 0.4492
Car -1 -1 -1.9673 995.4905 153.1211 1062.5626 185.3251 1.5420 1.5807 3.7745 21.0784 0.5975 36.5153 -1.4474 0.3694
