Pedestrian -1 -1 2.0098 111.2088 176.5065 129.6172 206.6233 1.7433 0.5574 0.9160 -28.7849 1.9607 42.3788 1.4159 0.2875
Pedestrian -1 -1 0.8971 599.7346 167.5848 617.4363 204.7969 1.8308 0.6827 0.5577 -0.1084 1.5719 35.9265 0.8936 0.1936
Cyclist -1 -1 2.0256 110.1723 176.7964 132.4392 205.8696 1.6762 0.5707 1.2997 -28.7863 1.9123 42.4645 1.4326 0.2433
Car -1 -1 2.2905 84.3654 183.7526 204.1776 225.0599 1.4747 1.6911 4.2207 -18.6901 1.9487 29.1397 1.7241 0.8603
Car -1 -1 2.6191 300.2986 178.4097 385.9803 208.3497 1.5267 1.6344 4.1608 -14.6552 1.8491 39.6978 2.2673 0.7320
Car -1 -1 2.7171 248.6717 181.4394 323.0681 207.3732 1.4910 1.5755 3.9109 -20.1013 2.0478 44.7797 2.2971 0.5271
Car -1 -1 2.1919 939.7497 172.1839 994.1356 193.6891 1.5251 1.6184 3.8793 26.1004 1.4779 52.7977 2.6485 0.2514
Car -1 -1 1.2502 483.3960 174.0361 521.7903 196.0029 1.5174 1.6007 3.8767 -7.8285 1.6067 52.1553 1.1016 0.2212
Car -1 -1 1.3247 807.4738 167.6955 839.6208 188.3446 1.8029 1.7172 4.5653 19.2581 1.3528 65.3084 1.6100 0.2209
Car -1 -1 1.2020 1018.5943 168.1893 1056.4418 185.8016 1.5201 1.5966 3.8891 38.0376 1.1178 64.3201 1.7338 0.2024
Car -1 -1 -1.9127 994.9412 168.3826 1033.2441 186.5319 1.5320 1.6271 4.1017 35.2382 1.1549 63.0579 -1.4053 0.1909
