Pedestrian -1 -1 2.3060 839.0983 113.9651 963.9536 288.3568 1.8094 0.7589 1.1014 3.1998 1.1988 8.0717 2.6704 0.2526
Cyclist -1 -1 1.5462 504.3104 177.8786 514.4702 208.6044 1.7436 0.5405 1.8950 -5.9306 2.0449 42.2403 1.4071 0.4547
Car -1 -1 -1.5398 469.8637 182.2297 506.0450 215.7784 1.4783 1.6079 3.9818 -5.9128 1.9610 35.0353 -1.7063 0.7505
Car -1 -1 -1.7435 682.8093 164.8122 786.7094 247.0143 1.8172 1.7749 4.4998 2.9397 1.6397 18.2114 -1.5869 0.7269
Car -1 -1 1.3794 634.8610 174.8595 681.6276 209.5326 1.4595 1.4702 3.3270 2.0703 1.5545 32.3145 1.4422 0.7181
Car -1 -1 -2.2875 939.8817 182.9924 1242.0000 375.0000 1.5015 1.5703 3.8220 3.1220 1.5753 3.3069 -1.5751 0.6470
Car -1 -1 -1.7173 574.5734 178.4987 604.5858 202.4578 1.6062 1.6130 3.5980 -1.5111 2.0219 51.1819 -1.7472 0.6104
Car -1 -1 -1.8586 604.7046 175.5340 651.4178 206.8665 1.6064 1.5759 3.5922 0.8976 1.7598 39.2625 -1.8365 0.4411
Car -1 -1 1.4395 667.8970 176.8210 731.3629 225.6802 1.4374 1.5385 3.7439 2.7814 1.5768 23.4129 1.5556 0.3901
Car -1 -1 -1.6777 555.4504 179.2765 578.9311 198.2571 1.5276 1.5861 3.8901 -3.7007 2.0937 61.5056 -1.7380 0.3247
Car -1 -1 -1.6380 295.9250 186.1302 349.4116 231.3146 1.4907 1.6061 4.0630 -10.9557 2.0329 27.2622 -2.0172 0.2569
Car -1 -1 1.7750 455.5295 180.4799 498.6504 209.7816 1.4997 1.5823 3.9262 -7.3347 1.9431 39.9385 1.5940 0.2365
