Pedestrian -1 -1 -1.8840 742.2708 144.5406 839.4661 323.0162 1.8354 0.7302 1.0799 1.9138 1.5446 7.9871 -1.6585 0.4649
Pedestrian -1 -1 1.0181 437.0197 157.2389 466.3522 215.3789 1.8811 0.6944 0.6767 -5.2738 1.3762 23.8268 0.8022 0.2205
Pedestrian -1 -1 -1.5667 250.6088 194.2644 296.1256 308.9876 1.7270 0.6372 0.5842 -5.3686 2.0777 11.4057 -1.9984 0.1777
Cyclist -1 -1 1.3157 735.5122 135.8345 849.3168 333.8226 1.8871 0.7179 1.8120 1.8449 1.5346 7.7916 1.5384 0.2113
Car -1 -1 -1.4449 448.3265 181.4598 530.1378 242.8705 1.3663 1.5709 4.1315 -3.0651 1.6151 18.7291 -1.6056 0.8863
Car -1 -1 -1.6983 654.6416 171.2553 719.8499 221.2630 1.5005 1.6117 3.8849 2.3960 1.4529 23.6121 -1.5991 0.8780
Car -1 -1 1.8056 285.8376 186.8134 485.2047 325.9865 1.4269 1.6010 4.1262 -2.8479 1.6595 9.9077 1.5317 0.8306
Car -1 -1 -1.8093 709.9321 167.8901 877.8497 287.6094 1.5666 1.5948 3.8936 2.6286 1.5020 11.4005 -1.5894 0.6718
Car -1 -1 -1.5730 633.4549 172.9602 663.1003 199.8180 1.4510 1.6015 3.8680 2.1285 1.4576 40.9636 -1.5219 0.5226
Car -1 -1 1.1929 775.3904 135.1415 895.7834 201.9499 1.5113 1.5678 3.8253 5.5187 0.6585 18.2941 1.4813 0.2642
