Pedestrian -1 -1 2.5330 848.4304 127.6115 884.8910 191.1371 1.8146 0.5646 0.8247 7.4168 0.5226 20.9915 2.8682 0.4792
Pedestrian -1 -1 1.5255 707.6614 176.2017 726.1579 224.6476 1.8536 0.6744 0.7724 4.1128 1.9862 28.0788 1.6687 0.3050
Car -1 -1 1.7637 382.7214 194.2265 489.1408 272.9506 1.5474 1.7105 4.1119 -4.0931 2.1249 17.3969 1.5351 0.9184
Car -1 -1 -1.8989 710.8652 189.9081 873.7411 305.0965 1.5371 1.5419 3.3286 2.7711 1.8593 11.8760 -1.6765 0.9146
Car -1 -1 -1.8148 663.5544 189.1748 770.9238 267.3322 1.4977 1.5548 3.6146 2.2745 1.9138 16.4921 -1.6813 0.8816
Car -1 -1 1.7102 437.7436 196.6702 506.9253 250.9365 1.4531 1.6281 4.0198 -4.3666 2.2854 23.1579 1.5251 0.8464
Car -1 -1 -1.7717 640.3365 189.5630 722.7183 248.7358 1.5536 1.6858 4.3022 2.0612 2.1251 22.4326 -1.6822 0.7730
Car -1 -1 -2.1189 841.8486 199.2869 1242.0000 375.0000 1.4841 1.5110 3.3945 3.0057 1.7402 5.2419 -1.6238 0.7725
Car -1 -1 -1.6234 631.1240 186.5275 668.0032 222.2347 1.5348 1.5434 3.5612 1.7887 2.2163 34.1582 -1.5723 0.7061
Car -1 -1 1.6608 479.7259 188.7979 523.0400 226.7550 1.5552 1.6252 3.9467 -4.9880 2.3354 33.2722 1.5125 0.6947
Car -1 -1 1.4739 610.0980 187.4574 637.2296 210.7513 1.6446 1.6910 4.1858 0.9929 2.8178 55.7938 1.4910 0.3458
