Pedestrian -1 -1 -1.2675 190.8492 156.2151 212.7181 197.9082 1.7647 0.6061 0.7971 -17.5685 1.0608 30.9901 -1.7797 0.2602
Pedestrian -1 -1 1.7575 316.2926 163.2199 332.2950 202.5431 1.8609 0.5385 0.9990 -13.7674 1.4053 34.6837 1.3820 0.2297
Pedestrian -1 -1 -1.5780 144.5314 161.7659 165.4834 218.0049 1.7273 0.5481 0.7928 -14.3240 1.3871 22.6400 -2.1370 0.1501
Pedestrian -1 -1 -0.1992 962.9386 162.2734 982.3218 197.5495 1.7998 0.4916 0.8088 18.6323 1.2604 37.1536 0.2622 0.1281
Pedestrian -1 -1 3.2098 359.2170 160.5745 435.2058 304.8570 1.7393 0.5565 0.8785 -2.7080 1.5916 9.0607 2.9263 0.1260
Cyclist -1 -1 -1.4830 190.9330 151.2253 208.9147 192.8296 1.7530 0.5370 1.5800 -17.7814 0.8421 31.2304 -1.9971 0.1471
Cyclist -1 -1 1.7683 316.7541 161.2191 333.9981 200.1589 1.8458 0.5556 1.1647 -13.7680 1.2946 34.8209 1.3941 0.1263
Car -1 -1 0.7394 67.7366 180.4887 293.7534 260.9158 1.5593 1.6609 4.1382 -9.1937 1.7365 15.4664 0.2104 0.9373
Car -1 -1 -0.3633 951.7127 176.7545 1242.0000 281.2095 1.5627 1.6698 4.1496 8.1462 1.6355 12.1454 0.2157 0.9296
Car -1 -1 0.8164 1057.8182 164.9415 1143.7710 194.7272 1.5022 1.5475 3.8610 25.9922 1.1035 38.4188 1.4075 0.2213
Car -1 -1 0.5090 234.9018 171.0323 283.1210 187.3021 1.4886 1.5442 3.7435 -32.5371 1.3222 66.8913 0.0577 0.1378
Car -1 -1 -1.5067 191.4424 161.9569 237.9602 198.1759 1.5369 1.5910 3.8999 -17.8987 1.0749 32.7188 -2.0040 0.1271
