Pedestrian -1 -1 2.3458 594.8018 114.4801 642.4675 180.0544 1.8156 0.5763 1.3645 0.2093 0.1997 20.6609 2.3557 0.1451
Pedestrian -1 -1 -0.0270 501.4822 199.2057 533.6882 286.1426 1.5645 0.4398 0.5805 -1.7726 2.0641 13.4038 -0.1572 0.1412
Pedestrian -1 -1 -1.8278 508.4194 166.0819 531.4152 216.4898 1.8275 0.6706 0.7592 -3.3727 1.5824 26.6337 -1.9530 0.1157
Pedestrian -1 -1 -1.6982 525.1180 178.9659 538.0015 210.3786 1.8462 0.6969 0.5469 -4.6980 2.2128 42.8873 -1.8072 0.1107
Cyclist -1 -1 2.0920 597.4061 114.5094 638.7610 181.0863 1.8372 0.5571 1.4128 0.1977 0.2275 20.6589 2.1013 0.2118
Car -1 -1 3.0190 214.9479 193.0355 297.0820 222.6972 1.5196 1.6426 4.0417 -20.2196 2.7221 41.1888 2.5648 0.6990
Car -1 -1 1.3170 259.2249 189.3545 290.7491 207.9848 1.5118 1.5919 4.0069 -29.8702 3.0281 64.2370 0.8830 0.3201
Car -1 -1 1.2936 325.8501 174.2761 362.2726 196.3023 1.5779 1.5725 3.8124 -19.9392 1.6886 53.9490 0.9410 0.1548
Car -1 -1 1.8485 190.7212 201.8375 235.1091 226.6580 1.4947 1.6670 4.1067 -27.8891 3.6214 50.7440 1.3478 0.1165
Car -1 -1 1.8310 0.0000 195.8007 72.7453 238.9504 1.5237 1.6524 4.3748 -24.2241 2.5619 30.2952 1.1607 0.1136
