Pedestrian -1 -1 3.2433 347.9517 160.1904 373.6668 202.7128 1.8669 0.5820 1.0267 -11.1119 1.3113 32.0762 2.9121 0.7667
Cyclist -1 -1 0.1708 345.5482 160.2981 373.2820 202.6083 1.8577 0.5915 1.0791 -11.1666 1.3067 32.0556 -0.1621 0.1453
Car -1 -1 1.2195 310.0055 160.6297 378.9592 196.6825 1.6543 1.7159 4.5377 -13.1189 1.0938 35.3912 0.8668 0.7698
Car -1 -1 -2.0553 419.0362 160.4445 488.9744 192.3969 1.6233 1.7230 4.6456 -8.5247 0.9932 38.9861 -2.2694 0.6728
Car -1 -1 -1.9929 367.5681 163.1303 423.5493 194.8729 1.5668 1.5610 3.3074 -11.1741 1.0872 37.3734 -2.2817 0.4932
Car -1 -1 -2.0568 619.1702 161.2300 671.4257 187.4899 1.6147 1.6414 4.0855 2.1923 0.9003 46.5627 -2.0103 0.3544
Car -1 -1 -2.1775 724.3691 165.2136 772.8879 187.9290 1.6268 1.6093 3.8966 10.2572 1.0800 53.7786 -1.9903 0.3451
Car -1 -1 0.8571 580.6121 156.2966 648.8992 185.8810 1.6971 1.7192 4.3063 0.2032 0.7476 43.5811 0.8615 0.2393
Car -1 -1 -2.3946 651.8320 158.2119 712.1297 184.8962 1.7197 1.6463 3.9696 4.7722 0.7765 48.5291 -2.2974 0.2225
Car -1 -1 1.1023 462.2014 166.5698 509.3878 189.5382 1.5100 1.5914 3.9105 -8.5825 1.0972 49.4752 0.9312 0.2111
