Cyclist -1 -1 1.2971 817.5721 141.6592 843.2614 187.4405 1.7728 0.5492 1.6390 8.7303 0.5652 28.7623 1.5889 0.3552
Car -1 -1 -1.8892 761.8105 184.5417 1107.2819 375.0000 1.4513 1.6515 4.4012 2.7489 1.6077 7.4125 -1.5482 0.8990
Car -1 -1 2.7428 766.9233 176.7789 969.2743 248.3687 1.5536 1.6611 4.0961 5.8405 1.6503 16.7328 3.0723 0.8294
Car -1 -1 -0.2966 752.2344 177.5331 875.7831 222.2121 1.4367 1.5761 3.6867 6.7397 1.5995 24.2158 -0.0289 0.7888
Car -1 -1 -0.3912 872.2159 182.3596 1129.2118 274.1470 1.4196 1.5091 3.5231 6.4159 1.5930 12.2366 0.0811 0.7425
Car -1 -1 -2.7792 280.7154 171.2857 449.7906 227.7189 1.4173 1.5817 3.9078 -6.4070 1.3783 18.9888 -3.1008 0.6650
Car -1 -1 2.9660 689.2089 175.5237 773.6361 206.5488 1.5132 1.6271 3.9460 6.0038 1.6505 36.1726 3.1287 0.6609
Car -1 -1 0.5218 0.0000 172.8585 329.8597 305.7931 1.4636 1.5948 3.9888 -5.7827 1.4640 8.8269 -0.0447 0.6365
Car -1 -1 -2.8153 335.2109 171.1142 483.3298 223.4031 1.4853 1.6129 3.9253 -5.9337 1.4362 21.4127 -3.0829 0.6099
Car -1 -1 2.1865 0.0000 143.7278 84.9107 375.0000 1.5275 1.6248 3.9560 -5.8788 1.3973 5.3298 1.3771 0.5008
Car -1 -1 -1.6928 634.1865 171.1913 664.1871 193.5006 1.5079 1.6180 4.0706 2.6921 1.3959 50.8528 -1.6405 0.4244
Car -1 -1 -0.2135 740.1137 174.6367 854.2267 220.4037 1.6134 1.6461 3.7698 6.7318 1.6811 26.3866 0.0330 0.4049
Car -1 -1 -2.5770 410.4249 175.0713 515.9816 213.9860 1.4587 1.5925 3.8513 -5.8647 1.5515 28.6362 -2.7777 0.3676
Car -1 -1 -2.8985 398.3088 170.1614 510.9110 213.4046 1.5039 1.5711 3.6872 -5.5740 1.4107 25.9374 -3.1085 0.3540
Car -1 -1 3.3365 414.3290 157.6283 513.0209 193.7366 1.5141 1.6038 3.9275 -6.2854 0.8760 31.0618 3.1383 0.3415
