Pedestrian -1 -1 -2.1143 728.3484 160.4104 767.3787 217.4837 1.7303 0.4712 1.5368 4.2696 1.3534 22.6738 -1.9311 0.1959
Pedestrian -1 -1 1.9881 25.2017 184.7075 65.5082 233.6398 1.7430 0.6113 1.5328 -21.0833 2.1990 26.9125 1.3282 0.1404
Cyclist -1 -1 -1.8483 732.6740 160.6239 762.5357 218.4523 1.7464 0.4594 1.7163 4.2595 1.3774 22.6635 -1.6654 0.7988
Cyclist -1 -1 2.1745 17.6657 185.5187 68.9117 235.8817 1.7780 0.5862 1.7831 -21.0884 2.2653 26.8327 1.5131 0.7045
Car -1 -1 2.0777 158.3278 190.6631 269.4685 241.4311 1.5209 1.6348 3.9774 -13.6257 2.1881 25.0141 1.5831 0.8887
Car -1 -1 2.0968 57.2769 198.2993 169.7157 241.3863 1.4606 1.6852 4.6323 -20.2442 2.5894 29.6245 1.5013 0.3802
Car -1 -1 -1.5872 462.4482 169.3567 524.0955 225.6901 1.4625 1.5923 3.8056 -3.4343 1.3721 20.7437 -1.7497 0.2169
Car -1 -1 2.0060 244.1116 187.5134 294.9477 211.4105 1.5288 1.6357 4.1449 -23.9175 2.6030 50.7779 1.5675 0.1978
Car -1 -1 1.9779 286.1575 183.6838 327.8636 204.2688 1.5118 1.5964 3.9733 -23.9394 2.3989 57.0831 1.5821 0.1397
Car -1 -1 1.9857 234.8477 191.5149 292.4492 220.2523 1.5062 1.6219 3.8550 -20.2618 2.6510 42.2991 1.5411 0.1380
Car -1 -1 2.2219 0.0000 193.2937 78.0431 235.5716 1.4609 1.6197 4.2632 -23.8812 2.3487 29.1692 1.5402 0.1255
