Pedestrian -1 -1 -1.6282 750.4939 172.5048 766.5295 212.3820 1.7669 0.6694 0.5664 6.6042 1.7518 32.2961 -1.4289 0.2476
Pedestrian -1 -1 -3.1480 631.5167 184.2165 640.5820 211.1068 1.8350 0.7479 0.6207 1.7713 2.6279 49.9405 -3.1134 0.2232
Pedestrian -1 -1 -0.8290 408.6778 183.6174 441.8830 235.2583 1.7376 0.6684 0.9259 -6.4596 2.1206 25.0777 -1.0792 0.2060
Pedestrian -1 -1 -2.0360 429.1156 183.2228 457.3890 230.0639 1.7469 0.6989 0.9705 -6.4635 2.1549 27.7675 -2.2633 0.1914
Pedestrian -1 -1 2.2889 444.4326 179.9322 466.1606 222.4352 1.7456 0.4911 0.7922 -6.5247 2.0473 30.2513 2.0778 0.1690
Cyclist -1 -1 1.4744 926.5526 130.5156 1024.1166 335.6422 1.6984 0.6138 1.7546 3.3770 1.3482 6.9007 1.9121 0.1649
Cyclist -1 -1 -2.1062 772.3833 155.1839 835.5159 242.0268 1.6491 0.4550 1.6150 3.8264 1.3139 14.5379 -1.8545 0.1618
Cyclist -1 -1 -1.2304 408.5317 184.8262 439.0793 235.7557 1.7085 0.6795 1.1638 -6.5104 2.1355 25.0989 -1.4822 0.1312
Cyclist -1 -1 -1.6318 432.5242 183.1565 452.7723 230.3746 1.7591 0.6948 1.0567 -6.4849 2.1643 27.7471 -1.8599 0.1186
Car -1 -1 1.9093 250.9613 186.3241 467.4892 331.2478 1.6467 1.6730 4.0754 -3.4514 1.8843 10.6422 1.6020 0.9370
Car -1 -1 -1.5608 510.1914 187.1257 539.6784 217.4308 1.5797 1.6011 3.5578 -4.8754 2.4319 41.2101 -1.6784 0.6438
Car -1 -1 3.1800 378.1373 182.9482 465.0453 215.0554 1.4613 1.5797 3.9679 -9.0644 1.9651 34.7844 2.9264 0.6356
Car -1 -1 1.3416 509.9077 187.3981 547.7213 212.9287 1.5196 1.6145 3.9353 -5.4159 2.5201 47.4888 1.2281 0.1547
