Pedestrian -1 -1 1.1111 781.8230 165.3436 836.4778 254.1984 1.8615 0.7866 0.9784 4.2606 1.7045 15.6709 1.3709 0.9308
Pedestrian -1 -1 1.6515 531.4953 176.7650 548.4604 224.6129 1.7268 0.5669 0.6808 -2.6056 1.8723 26.4384 1.5535 0.4339
Pedestrian -1 -1 -3.1564 928.4742 115.1378 956.4580 179.2697 1.8029 0.6450 0.7154 9.4928 0.1807 20.7199 -2.7319 0.1772
Cyclist -1 -1 2.0408 22.2500 150.7087 103.5080 247.7841 1.7877 0.6253 1.5441 -10.6981 1.3803 14.0987 1.4007 0.2020
Cyclist -1 -1 1.6556 531.1990 176.9050 548.2917 224.8474 1.7289 0.5654 0.7264 -2.6146 1.8798 26.4460 1.5573 0.1127
Car -1 -1 1.9322 51.6623 195.6151 368.5389 375.0000 1.4496 1.5632 3.7488 -3.8601 1.7519 7.6308 1.4770 0.9219
Car -1 -1 1.3988 344.4749 186.5329 436.1461 252.4930 1.4821 1.6581 4.0947 -6.0242 1.8905 19.3230 1.0998 0.8886
Car -1 -1 3.6345 145.2538 182.7182 283.0304 224.0569 1.5690 1.7039 4.5353 -15.6831 1.9729 28.6559 3.1373 0.8773
Car -1 -1 2.6428 619.3936 176.6229 709.7211 207.6587 1.6092 1.7226 4.6910 2.9692 1.8255 39.5864 2.7166 0.7809
Car -1 -1 2.5731 483.3128 180.7919 575.6985 215.7218 1.6002 1.6839 4.3609 -4.0083 2.0189 35.9976 2.4624 0.6403
