Pedestrian -1 -1 -2.3163 107.5451 170.7772 150.3487 242.5865 1.7857 0.6617 0.6180 -12.2673 1.7344 18.3352 -2.8994 0.3220
Pedestrian -1 -1 1.5115 281.2865 149.7772 299.3356 197.0476 1.8914 0.6174 0.9896 -13.0947 0.9684 29.4490 1.0963 0.3018
Pedestrian -1 -1 1.6728 872.8956 134.3442 895.1139 191.4275 1.8299 0.6216 0.6162 8.8975 0.5958 23.5411 2.0300 0.2815
Pedestrian -1 -1 -1.4179 284.4965 172.2800 300.6185 207.9250 1.8347 0.6934 0.5326 -16.5250 1.8055 37.4829 -1.8308 0.1949
Pedestrian -1 -1 -3.1073 766.0450 175.7280 799.7369 250.3400 1.7083 0.5211 0.7537 4.0027 1.7774 16.8938 -2.8795 0.1920
Pedestrian -1 -1 -1.6601 692.7759 142.3981 709.2048 184.1817 1.8774 0.6846 0.6285 4.0859 0.5093 32.7431 -1.5372 0.1857
Pedestrian -1 -1 0.1036 735.2627 175.6600 792.9928 250.4751 1.6199 0.5395 1.2133 3.3913 1.6846 16.0935 0.3067 0.1254
Cyclist -1 -1 0.1036 735.2627 175.6600 792.9928 250.4751 1.6199 0.5395 1.2133 3.3913 1.6846 16.0935 0.3067 0.1647
Cyclist -1 -1 1.1050 277.6073 148.4673 303.4026 195.4816 1.8865 0.5912 0.9726 -13.1013 0.9083 29.4871 0.6901 0.1440
Car -1 -1 1.7298 381.8666 188.0309 473.0374 256.4375 1.5223 1.6736 4.2973 -4.7780 1.9740 19.2445 1.4889 0.9104
Car -1 -1 3.3369 0.0000 192.0123 240.6586 312.5217 1.5898 1.6241 3.7256 -8.0733 1.9342 11.4711 2.7343 0.8617
Car -1 -1 -1.7044 433.0034 180.7056 464.7712 205.3765 1.5454 1.5958 3.7566 -10.9003 2.0961 48.5319 -1.9246 0.3462
Car -1 -1 2.6476 664.1212 176.7844 763.9390 219.8311 1.5930 1.5738 3.5555 4.0300 1.7549 28.3015 2.7869 0.2426
Car -1 -1 -1.4416 427.2018 179.7459 455.0170 201.3245 1.6106 1.6357 4.1068 -13.4049 2.1789 57.3347 -1.6706 0.1802
