Car -1 -1 -2.2210 616.6967 123.3246 1024.6470 375.0000 2.0561 1.8021 4.8192 1.8791 1.6583 8.3628 -2.0090 0.9150
Car -1 -1 -1.7341 376.8445 181.1219 435.2140 220.9954 1.4374 1.6336 3.9456 -8.3060 1.7948 29.0249 -2.0109 0.9067
Car -1 -1 1.2228 1052.3367 156.6442 1242.0000 245.5163 1.3973 1.6404 4.1834 9.8760 1.1428 13.5763 1.8413 0.8995
Car -1 -1 -1.9289 475.4758 187.1892 613.5322 271.2062 1.4431 1.5820 3.9507 -1.5695 1.7884 15.2359 -2.0308 0.8692
Car -1 -1 1.7363 0.0000 201.2417 129.2653 316.3257 1.4905 1.6028 3.9521 -9.6039 2.0667 12.5123 1.0917 0.8409
Car -1 -1 1.7908 0.0000 213.0782 84.6655 375.0000 1.4321 1.6435 4.1958 -7.3148 2.0097 8.1171 1.0736 0.7914
Car -1 -1 -2.8566 557.3249 165.6012 650.5690 204.3934 1.6226 1.6140 3.7655 -0.2875 1.3195 31.4655 -2.8661 0.6451
Car -1 -1 -1.6759 366.5773 179.1040 410.1725 212.9137 1.4683 1.5743 3.8708 -10.5868 1.7829 34.1929 -1.9744 0.5918
Car -1 -1 1.7359 182.5922 185.7888 230.7255 217.0197 1.5489 1.6559 4.1148 -22.2305 2.3032 39.8342 1.2295 0.5483
Car -1 -1 1.4410 946.4802 157.8858 1054.2238 234.9805 1.4364 1.5014 3.6460 8.1412 1.1579 15.4107 1.9188 0.4658
