Pedestrian -1 -1 -1.6960 128.3534 170.3275 158.6677 232.3660 1.7626 0.6556 0.7421 -13.6220 1.6912 20.9918 -2.2661 0.4735
Car -1 -1 1.9264 357.8316 183.9464 466.5509 243.7680 1.4935 1.6750 4.1840 -5.6472 1.8496 20.9750 1.6660 0.9000
Car -1 -1 2.0334 146.1279 192.8331 356.1674 308.9192 1.5166 1.5632 3.7182 -5.7278 1.8998 11.9469 1.5944 0.8975
Car -1 -1 1.3118 715.6215 183.1594 836.1776 258.5540 1.3702 1.5388 3.8983 3.3867 1.6223 15.6387 1.5203 0.8946
Car -1 -1 2.3193 0.0000 206.7726 201.1865 375.0000 1.5020 1.6298 4.0368 -5.6611 1.8963 6.3298 1.6102 0.8430
Car -1 -1 -2.0689 842.3529 179.9737 1242.0000 375.0000 1.4995 1.6181 4.1738 3.2897 1.5774 5.7693 -1.5735 0.8381
Car -1 -1 -1.7047 661.8126 177.4140 712.9448 217.3006 1.5244 1.5983 3.7768 3.1018 1.7260 29.9238 -1.6030 0.8259
Car -1 -1 1.3415 682.6807 177.8177 771.5950 234.1314 1.4691 1.6535 4.1514 3.2931 1.6309 21.3308 1.4918 0.7775
Car -1 -1 1.7324 475.2718 178.4727 518.1550 210.5162 1.4921 1.5558 3.5966 -5.6421 1.7871 36.0308 1.5778 0.6472
Car -1 -1 -2.5777 96.0930 181.8898 227.8953 225.2742 1.4322 1.5324 3.6149 -15.4613 1.7547 24.9358 -3.1282 0.4447
Car -1 -1 -1.7597 654.8475 171.4308 698.5200 202.8671 1.4626 1.4911 3.4839 3.1813 1.3968 35.3763 -1.6712 0.4069
Car -1 -1 -2.7774 510.8283 174.1567 560.5154 194.0973 1.6346 1.6268 3.8223 -6.2548 1.7467 60.5913 -2.8802 0.3181
