Pedestrian -1 -1 -1.3620 992.1700 149.0788 1024.9521 217.6895 1.7108 0.5199 1.1220 10.3702 0.9289 18.2181 -0.8502 0.3624
Pedestrian -1 -1 2.6970 509.5128 164.4822 521.4800 186.1409 1.8504 0.5629 0.8645 -7.6877 0.4831 60.8721 2.5738 0.2849
Pedestrian -1 -1 -1.9223 360.1796 88.6693 459.2568 282.9920 1.6723 0.6901 0.7042 -1.8731 0.8837 6.5663 -2.1846 0.2478
Pedestrian -1 -1 -0.0520 563.3601 169.4456 574.5300 196.2171 1.7125 0.5903 0.6895 -2.3264 1.0067 45.5511 -0.1009 0.2087
Pedestrian -1 -1 1.6508 374.3315 171.4044 390.5121 202.0521 1.7019 0.7323 1.7942 -12.6582 1.1982 40.2141 1.3499 0.1257
Cyclist -1 -1 -1.5866 1000.6566 149.8923 1022.3926 218.5316 1.6953 0.4466 1.6968 10.4805 0.9409 18.3097 -1.0724 0.3547
Cyclist -1 -1 1.6192 375.0243 171.9058 389.9164 202.3252 1.6904 0.7166 1.8283 -12.6705 1.2142 40.2600 1.3183 0.3368
Cyclist -1 -1 1.0242 875.4215 156.9308 908.2381 195.1608 1.7555 0.5607 1.8337 13.5194 0.6747 33.4122 1.4072 0.3100
Car -1 -1 -0.4116 959.0024 157.9530 1120.2717 204.3022 1.4710 1.6408 4.2724 14.3108 0.7570 23.5265 0.1306 0.9199
Car -1 -1 1.8831 228.1867 180.5657 308.1922 224.6531 1.7206 1.7552 4.4206 -14.1357 1.7251 29.8975 1.4472 0.8337
Car -1 -1 -0.8948 0.0000 209.4849 304.0621 370.0000 1.4458 1.5512 3.6231 -3.0965 1.6661 3.5150 -1.5720 0.6497
Car -1 -1 1.5808 440.6282 175.8442 472.4388 204.3702 1.4479 1.5874 4.0028 -7.9623 1.2130 38.0002 1.3776 0.6143
