Cyclist -1 -1 -1.3576 0.0000 178.4401 48.2591 287.9493 1.6171 0.3727 1.6210 -9.4750 1.7131 11.5427 -2.0337 0.6922
Car -1 -1 1.9599 308.5384 186.4647 443.3531 260.6101 1.5210 1.6606 4.1787 -5.6174 1.8967 17.7424 1.6569 0.9128
Car -1 -1 2.1388 0.0000 198.5071 277.1371 375.0000 1.5905 1.5715 3.6565 -5.6998 1.9653 8.7004 1.5723 0.8823
Car -1 -1 1.2627 743.2466 181.3067 908.2222 282.5488 1.4108 1.5451 3.7315 3.4070 1.5771 12.2668 1.5264 0.8793
Car -1 -1 -1.8331 695.0782 180.2991 801.7736 246.3870 1.4228 1.5926 3.9857 3.2725 1.6306 18.0479 -1.6574 0.8577
Car -1 -1 -1.7154 667.9994 177.1709 725.8125 220.6521 1.4692 1.5733 3.7414 3.0924 1.6403 26.6478 -1.6018 0.8352
Car -1 -1 1.7382 459.3014 177.6809 508.6803 213.9401 1.5272 1.6023 3.7602 -5.6994 1.7595 32.7732 1.5669 0.7974
Car -1 -1 -1.7558 659.6825 174.6068 706.3175 210.1545 1.4895 1.4707 3.2861 3.1570 1.5720 32.1010 -1.6592 0.6465
Car -1 -1 0.6324 0.0000 186.6301 165.5962 239.0474 1.4872 1.5934 3.8897 -15.8494 1.9175 21.7061 0.0074 0.6312
Car -1 -1 -2.3907 999.5364 205.7359 1242.0000 375.0000 1.4839 1.5908 3.8946 3.2069 1.6938 2.6430 -1.5635 0.5655
Car -1 -1 1.7331 488.6983 180.8915 528.9019 212.3363 1.5403 1.5403 3.5987 -5.3294 1.9852 38.0877 1.5945 0.4402
Car -1 -1 -2.3684 0.0000 185.2031 86.7579 253.5493 1.4964 1.5967 3.7658 -14.8318 1.8042 17.0452 -3.0768 0.3255
