Pedestrian -1 -1 2.0418 1036.8440 136.7281 1087.7656 226.4255 1.6645 0.5392 0.7654 8.7867 0.8349 13.7565 2.5966 0.6951
Pedestrian -1 -1 -0.7284 1057.7719 132.8339 1120.8442 225.9050 1.6432 0.5065 0.8162 8.7757 0.7853 12.9910 -0.1486 0.4690
Pedestrian -1 -1 -1.3623 371.0003 167.3958 405.7744 249.8740 1.7474 0.6025 0.6547 -4.6464 1.4498 15.5674 -1.6532 0.3622
Pedestrian -1 -1 3.7425 59.3198 120.6928 144.2850 272.6547 1.7377 0.5560 0.6186 -5.9378 1.0437 8.4898 3.1412 0.3510
Pedestrian -1 -1 1.8455 363.4118 166.5640 401.9081 248.2367 1.8046 0.6001 0.9754 -5.0074 1.4758 16.3642 1.5476 0.2901
Pedestrian -1 -1 1.5414 533.6852 169.7150 551.8864 215.1718 1.8458 0.7174 0.8855 -2.4425 1.3683 29.6479 1.4547 0.2106
Pedestrian -1 -1 -1.5160 454.0876 177.2389 491.4859 259.6215 1.6985 0.7306 1.3202 -2.7968 1.6119 15.5084 -1.6970 0.1991
Pedestrian -1 -1 -2.0287 886.1642 209.9673 1120.0132 374.0000 1.5866 0.7006 1.7693 2.7195 1.8297 5.2115 -1.5744 0.1171
Cyclist -1 -1 -1.9866 889.2355 205.9148 1095.2201 374.0000 1.5962 0.6327 1.7212 2.7234 1.8083 5.3282 -1.5401 0.3604
Cyclist -1 -1 -1.7361 460.6844 176.4220 510.5638 257.8625 1.6573 0.7770 1.7528 -2.5722 1.5552 15.5708 -1.9027 0.2601
Cyclist -1 -1 1.8069 364.0848 166.8148 400.9904 249.6325 1.8245 0.5937 0.9775 -4.9996 1.5022 16.3288 1.5089 0.1108
Car -1 -1 -1.8228 721.6205 151.4978 879.0189 281.8004 1.9111 1.6112 3.9096 3.2059 1.4723 12.4966 -1.5822 0.9247
Car -1 -1 0.4903 1080.8777 0.0000 1238.0000 374.0000 1.4823 1.5877 3.8292 3.5099 0.9795 2.0464 1.4735 0.2033
