Pedestrian -1 -1 0.4218 650.7032 168.7747 671.0337 213.9684 1.7428 0.5244 0.6344 1.9470 1.5859 28.2030 0.4894 0.3789
Pedestrian -1 -1 -2.3069 425.7854 149.2748 451.2984 196.3315 1.8944 0.6949 0.7469 -7.0612 0.9455 29.5424 -2.5397 0.2753
Pedestrian -1 -1 -0.8572 631.1113 127.2750 669.8701 193.5949 1.8494 0.6851 0.9049 1.1159 0.5787 20.6817 -0.8044 0.2433
Pedestrian -1 -1 1.8718 842.6285 123.7523 870.5541 182.8168 1.8759 0.6122 0.9417 7.9819 0.3168 23.4745 2.1958 0.2390
Cyclist -1 -1 1.8718 842.6285 123.7523 870.5541 182.8168 1.8759 0.6122 0.9417 7.9819 0.3168 23.4745 2.1958 0.1061
Car -1 -1 1.2311 719.3470 144.7892 906.3480 271.2964 1.8709 1.7549 4.4084 3.3148 1.4562 12.9457 1.4755 0.9100
Car -1 -1 1.8119 303.2300 188.7193 445.3053 281.5274 1.4265 1.6222 4.0802 -4.3836 1.7781 13.8857 1.5108 0.8972
Car -1 -1 1.7188 422.6245 183.9452 490.8068 235.6430 1.3976 1.5218 3.6056 -4.6628 1.7666 22.1378 1.5130 0.8377
Car -1 -1 1.7080 455.4996 175.3457 510.0954 219.1385 1.5913 1.5894 3.9446 -4.9815 1.6968 28.4421 1.5357 0.7847
Car -1 -1 1.6647 530.6790 169.3084 554.0336 187.9935 1.5734 1.6554 4.0077 -5.8730 1.2752 62.7595 1.5715 0.3928
Car -1 -1 -1.5507 579.8606 170.2545 608.1076 197.0197 1.5782 1.6655 4.1146 -0.9828 1.4252 44.6007 -1.5730 0.2590
