Pedestrian -1 -1 -1.2008 870.7358 168.4850 904.4975 230.9033 1.7720 0.7133 0.7032 8.0273 1.6484 20.9814 -0.8407 0.3475
Pedestrian -1 -1 0.9190 938.0630 163.0202 996.2103 246.8421 1.8132 0.7090 0.9882 7.9338 1.6008 16.1607 1.3675 0.2752
Pedestrian -1 -1 0.8418 1029.9689 151.0297 1081.1726 226.3474 1.8296 0.6421 0.9115 11.0746 1.2998 18.0323 1.3850 0.2040
Pedestrian -1 -1 -1.1083 1108.8092 187.1611 1153.3251 266.8660 1.6419 0.5574 0.6159 11.0648 1.9553 15.3932 -0.4949 0.1430
Pedestrian -1 -1 1.6376 1137.4305 149.4874 1172.0452 228.1878 1.7467 0.5902 0.7507 12.4026 1.2284 16.4881 2.2737 0.1337
Cyclist -1 -1 0.9190 938.0630 163.0202 996.2103 246.8421 1.8132 0.7090 0.9882 7.9338 1.6008 16.1607 1.3675 0.1209
Car -1 -1 2.0092 206.7551 185.1472 361.3800 256.7740 1.4626 1.7116 4.4047 -7.8213 1.8028 17.7199 1.5985 0.9172
Car -1 -1 -1.6252 589.5983 173.4187 624.3868 203.8381 1.5327 1.6271 4.0039 -0.2437 1.5647 38.4757 -1.6320 0.7005
Car -1 -1 1.8177 387.6853 178.2507 462.0477 222.8945 1.4282 1.5975 4.0721 -6.5108 1.6354 25.6091 1.5707 0.1752
Car -1 -1 1.7340 480.4632 177.4561 524.8315 208.4095 1.4579 1.5861 4.0714 -5.4271 1.7051 36.6400 1.5875 0.1456
