Pedestrian -1 -1 -0.9397 258.6167 188.3582 399.2759 374.0000 1.6359 0.7657 0.9597 -2.4704 1.7045 6.4697 -1.2978 0.9366
Pedestrian -1 -1 1.5701 556.3655 174.7116 578.2789 231.5604 1.8857 0.7267 0.9489 -1.1829 1.6616 24.3185 1.5167 0.8579
Pedestrian -1 -1 -1.0412 905.9986 169.3478 974.7170 287.3195 1.6363 0.7011 0.5925 4.8668 1.4691 10.4184 -0.6193 0.7172
Pedestrian -1 -1 -1.1726 575.6825 175.7940 610.9272 242.9867 1.6922 0.5957 0.9566 -0.2355 1.5497 18.6427 -1.1905 0.7145
Pedestrian -1 -1 2.1524 531.6330 172.6184 561.5656 233.7454 1.7731 0.5408 0.7943 -1.6513 1.5166 21.3121 2.0706 0.7097
Pedestrian -1 -1 -1.4929 599.0317 177.4329 615.0840 221.0174 1.7723 0.5990 0.9372 0.2209 1.6079 29.6990 -1.4908 0.5851
Pedestrian -1 -1 1.5289 697.0032 167.3839 717.9438 224.6463 1.8161 0.6269 0.8521 3.3976 1.3695 23.2342 1.6672 0.5642
Pedestrian -1 -1 1.8391 546.5422 176.2443 561.1259 209.8471 1.8496 0.5807 0.9681 -2.6525 1.5611 40.0688 1.7683 0.5578
Pedestrian -1 -1 -1.7738 784.1670 173.6104 826.9943 261.3874 1.7263 0.7049 0.6555 4.0649 1.5724 14.4733 -1.5102 0.4797
Pedestrian -1 -1 0.3086 273.1965 186.5062 344.5089 319.8175 1.5448 0.4102 0.6970 -3.5275 1.6075 8.5701 -0.0773 0.4658
Pedestrian -1 -1 1.8948 438.7429 176.5183 508.9742 289.4148 1.7755 0.7313 1.4949 -2.1557 1.6984 12.0869 1.7162 0.4577
Pedestrian -1 -1 -1.5153 609.5353 177.8292 624.6204 220.0969 1.7919 0.6108 0.7854 0.6612 1.6372 30.8635 -1.4993 0.4155
Pedestrian -1 -1 -1.5178 622.8647 175.3468 637.8915 218.8956 1.7747 0.5810 0.9102 1.1868 1.5250 29.7501 -1.4835 0.4134
Cyclist -1 -1 1.8446 438.2700 176.4118 505.9815 293.4414 1.8138 0.6780 1.7349 -2.1683 1.7362 12.0258 1.6641 0.7123
Cyclist -1 -1 -1.2129 576.8846 174.2117 611.8425 243.3962 1.7435 0.5936 1.0259 -0.2072 1.5610 18.6827 -1.2293 0.1489
Cyclist -1 -1 1.8656 545.5509 176.5545 560.9582 210.3249 1.8530 0.5898 1.0193 -2.6784 1.5825 39.9758 1.7940 0.1038
