Pedestrian -1 -1 -1.4696 426.6887 133.2119 447.3042 185.0613 1.8382 0.6523 0.7217 -6.2678 0.4331 25.9783 -1.7042 0.1985
Pedestrian -1 -1 2.1308 1015.7743 131.8999 1080.5013 235.5732 1.7423 0.5599 0.9372 7.5917 1.0544 12.5878 2.6630 0.1812
Pedestrian -1 -1 0.0891 856.0402 147.3313 930.3902 217.6919 1.7059 0.7072 1.6925 7.0859 1.0875 18.1810 0.4549 0.1569
Cyclist -1 -1 -0.0602 861.5345 153.7628 935.2590 223.3891 1.6934 0.7164 1.6751 7.1736 1.2295 18.1431 0.3104 0.3166
Cyclist -1 -1 -1.4620 427.2942 135.1144 448.4613 186.3622 1.8202 0.6604 0.8039 -6.2557 0.4801 26.0640 -1.6954 0.1023
Car -1 -1 -1.8336 730.4881 157.3162 895.4792 270.7968 1.6898 1.6975 4.1967 3.3264 1.4588 12.8534 -1.5868 0.9470
Car -1 -1 1.7816 420.3596 177.3368 516.0872 249.3076 1.6300 1.6184 3.8891 -3.5654 1.7578 18.5455 1.5935 0.9259
Car -1 -1 -1.3794 542.7575 171.6294 603.7471 213.6892 1.5796 1.6697 4.4131 -1.4520 1.5340 29.3986 -1.4289 0.8918
Car -1 -1 -1.3525 694.4801 173.7940 761.3223 217.6461 1.4288 1.5924 3.6555 4.2019 1.4651 25.5846 -1.1921 0.7409
Car -1 -1 1.7664 471.1912 176.9780 526.7022 213.8550 1.4143 1.5743 3.7835 -4.5918 1.5973 30.0248 1.6154 0.6191
Car -1 -1 1.4136 512.4241 179.9252 542.2098 202.4409 1.5735 1.6173 3.8565 -6.2262 2.1214 53.7992 1.2985 0.1868
