Cyclist -1 -1 2.0010 423.1464 164.5916 451.1883 207.8388 1.7080 0.5165 1.5291 -7.0460 1.3821 29.2945 1.7667 0.2067
Cyclist -1 -1 1.9219 0.0000 134.0013 94.9031 294.7321 1.6892 0.5780 1.6870 -6.7607 1.2813 8.4718 1.2635 0.1878
Car -1 -1 1.9006 231.8508 178.8707 464.4113 313.4570 1.4637 1.6835 4.2798 -3.4093 1.5670 10.1883 1.5846 0.9328
Car -1 -1 -1.8474 718.0143 187.3670 913.9301 316.7396 1.4209 1.5766 3.8875 2.6372 1.6688 10.3340 -1.6056 0.9175
Car -1 -1 1.3817 660.3936 179.6992 746.8837 237.6115 1.4436 1.6624 4.1184 2.5062 1.6594 20.5951 1.5002 0.8934
Car -1 -1 1.6949 453.3969 177.2043 525.3854 233.7613 1.4928 1.6203 3.8610 -3.5104 1.6334 21.3030 1.5329 0.8716
Car -1 -1 -1.6764 651.9528 177.9271 704.8135 222.3361 1.4995 1.5493 3.5620 2.4094 1.6992 26.5635 -1.5876 0.6856
Car -1 -1 1.4855 644.1784 176.4889 688.8570 212.9520 1.4631 1.5868 3.8955 2.3509 1.6310 31.2959 1.5592 0.5574
Car -1 -1 -2.4520 972.1740 187.3508 1242.0000 375.0000 1.5039 1.5596 3.6735 2.6464 1.5806 1.9496 -1.5863 0.2552
Car -1 -1 -1.4746 589.1226 173.5633 610.6818 190.8180 1.5215 1.5875 4.0739 -0.9124 1.5887 65.8886 -1.4887 0.1548
