Pedestrian -1 -1 -1.6621 458.7347 143.4594 474.5526 185.0718 1.8966 0.6608 0.6297 -6.6543 0.5572 33.2791 -1.8581 0.1643
Pedestrian -1 -1 2.3268 174.7616 149.5864 225.3209 245.8215 1.7526 0.5632 0.6015 -7.7142 1.3292 13.4975 1.8158 0.1574
Pedestrian -1 -1 1.5725 373.0813 123.8855 397.9157 190.9707 1.8853 0.6698 0.9391 -6.5237 0.5095 20.8222 1.2724 0.1549
Car -1 -1 1.7444 335.8120 174.2318 478.4381 288.4233 1.5460 1.5708 3.6489 -3.1557 1.5723 11.6958 1.4857 0.9153
Car -1 -1 -1.7433 689.6879 179.6331 782.0850 246.8396 1.4553 1.5861 3.7942 2.9560 1.6419 17.9127 -1.5833 0.8858
Car -1 -1 1.7031 473.3007 177.0797 537.7072 223.6636 1.4140 1.6201 4.0322 -3.4727 1.5685 24.2889 1.5621 0.8613
Car -1 -1 1.6820 513.8494 170.9184 558.4750 210.1998 1.6621 1.5835 3.7927 -3.3008 1.5806 32.4317 1.5809 0.8108
Car -1 -1 1.4882 652.6917 175.3597 697.2543 212.1599 1.5682 1.6793 4.1546 2.8777 1.6908 33.1083 1.5735 0.7147
Car -1 -1 -1.9982 771.4467 58.5949 1242.0000 375.0000 2.5501 1.9371 5.2412 3.0702 1.8928 6.7904 -1.5915 0.3634
Car -1 -1 -1.5300 537.1412 172.1709 567.7358 199.3668 1.4997 1.6071 3.9957 -3.3272 1.4623 41.8121 -1.6093 0.3127
Car -1 -1 1.3872 549.2188 169.8179 580.3267 191.1995 1.5141 1.5859 3.9660 -3.4000 1.2995 53.2082 1.3234 0.1511
