Pedestrian -1 -1 -0.0793 988.6285 151.0716 1151.3461 347.3628 1.7644 0.5603 1.2783 4.3844 1.4587 6.9938 0.4625 0.2910
Pedestrian -1 -1 -1.9938 811.5562 156.6106 865.3076 267.8585 1.7934 0.6533 0.6092 3.7682 1.3334 11.9273 -1.6949 0.2097
Pedestrian -1 -1 -0.0377 342.1283 181.8191 360.0117 224.2282 1.7645 0.6284 0.6878 -10.8678 1.6243 30.3248 -0.3795 0.1796
Pedestrian -1 -1 -0.3253 940.3975 133.2084 1029.8673 284.3230 1.7243 0.5023 0.8152 4.3938 1.1320 8.5034 0.1381 0.1787
Cyclist -1 -1 -3.3667 990.8398 150.2655 1171.7684 344.1430 1.7496 0.5431 1.3707 4.4736 1.4354 6.9612 -2.8139 0.3576
Cyclist -1 -1 -1.6571 672.9057 181.3753 691.1284 243.8692 1.6211 0.3472 1.5753 1.9533 1.5227 19.4337 -1.5589 0.3528
Cyclist -1 -1 -1.8389 1132.0791 134.5209 1241.0000 343.6767 1.6795 0.3775 1.6816 5.2582 1.2736 6.6191 -1.1882 0.2045
Car -1 -1 -1.5679 580.3912 175.6668 617.9359 211.8991 1.5571 1.6138 3.3377 -0.4221 1.1478 32.5657 -1.5811 0.7656
Car -1 -1 -1.2312 327.4930 180.6387 407.5301 229.3437 1.4830 1.4746 3.2554 -7.8164 1.3448 23.5284 -1.5488 0.7656
Car -1 -1 -1.1249 229.9405 149.0498 306.8411 185.5099 1.5189 1.5766 3.8241 -14.9774 0.0134 31.8636 -1.5610 0.3892
Car -1 -1 1.7194 474.4700 189.0787 531.7303 230.8518 1.3928 1.5258 3.7065 -3.7757 1.5445 26.1656 1.5771 0.2819
Car -1 -1 -1.3383 0.0000 10.5532 385.7513 376.0000 2.4274 1.8340 4.5967 -3.0848 1.5417 6.0890 -1.7899 0.1974
