Pedestrian -1 -1 -2.1329 990.5979 123.0438 1037.9939 195.4418 1.8343 0.6519 0.9604 10.6039 0.3802 18.4031 -1.6157 0.6994
Pedestrian -1 -1 1.0936 544.4958 167.5217 561.0355 200.7859 1.8781 0.5370 1.0195 -3.0030 1.1468 40.4908 1.0219 0.4498
Pedestrian -1 -1 1.3184 440.4756 171.4442 457.5507 206.0098 1.8867 0.7186 0.9180 -8.6527 1.3938 39.1587 1.1043 0.3086
Pedestrian -1 -1 0.2151 671.7106 162.8892 703.1127 195.2833 1.7802 0.5966 1.6489 4.5840 0.8138 39.4001 0.3318 0.1790
Pedestrian -1 -1 -0.3733 612.0365 165.9187 642.5700 194.9398 1.7288 0.6267 1.7340 1.3420 0.8616 42.6990 -0.3404 0.1132
Cyclist -1 -1 -0.2896 612.0368 165.8997 643.4366 195.5376 1.7677 0.6303 1.7898 1.3665 0.8982 42.6968 -0.2561 0.7585
Cyclist -1 -1 0.1087 670.9617 162.9933 704.1619 195.8022 1.8056 0.5853 1.7844 4.5932 0.8436 39.3925 0.2256 0.6671
Cyclist -1 -1 1.9452 367.6463 179.7934 393.8227 217.1778 1.6775 0.5193 1.8176 -10.3583 1.6473 32.6470 1.6423 0.4320
Cyclist -1 -1 1.0293 544.1837 167.4361 561.3567 200.5603 1.8705 0.5301 1.0228 -3.0027 1.1342 40.4932 0.9576 0.1178
Car -1 -1 2.4752 991.2454 136.7477 1164.5099 190.3571 1.4826 1.6271 4.0550 13.6243 0.2742 20.5333 3.0558 0.9025
Car -1 -1 -1.4815 507.5999 175.4507 547.3177 206.8892 1.4554 1.6064 3.5975 -3.7530 1.2231 34.5385 -1.5870 0.7829
