Pedestrian -1 -1 -1.5395 0.0000 171.8427 45.3572 275.1846 1.7640 0.6491 0.8212 -10.5209 1.7471 12.8365 -2.2161 0.2707
Pedestrian -1 -1 0.1025 1109.8657 76.2006 1242.0000 375.0000 1.7664 0.4797 0.8446 3.4175 1.2634 4.2186 0.7497 0.1892
Pedestrian -1 -1 1.5360 819.5963 181.0668 838.3680 238.1460 1.5893 0.4855 0.6283 6.1879 1.8278 20.5575 1.8236 0.1535
Pedestrian -1 -1 -3.1856 935.8325 196.5939 1086.1914 375.0000 1.6555 0.5696 0.6946 2.1748 1.8037 4.0886 -2.7280 0.1370
Pedestrian -1 -1 0.6751 494.3615 168.3929 511.3550 194.7957 1.7964 0.5707 1.0231 -7.3942 1.4932 49.5929 0.5275 0.1342
Pedestrian -1 -1 1.4451 0.0000 163.2629 26.3512 225.8530 1.7800 0.5422 0.7630 -17.4272 1.5076 20.9760 0.7580 0.1019
Cyclist -1 -1 2.4835 68.8595 187.7890 135.3807 249.2528 1.6324 0.5954 1.4760 -14.3372 2.0702 20.3388 1.8755 0.1442
Cyclist -1 -1 0.6706 492.6152 168.6712 513.6674 194.7817 1.7742 0.5659 1.3788 -7.3792 1.4903 49.6143 0.5234 0.1101
Car -1 -1 1.7952 444.2544 181.5477 529.8545 237.7326 1.4640 1.6535 3.9789 -3.5896 1.7475 21.4635 1.6308 0.8701
Car -1 -1 -2.0713 520.2026 177.3928 562.9473 198.5571 1.5620 1.6263 3.9282 -5.3923 1.9292 56.2246 -2.1669 0.1842
Car -1 -1 -1.6667 181.7581 168.7026 234.9250 207.5880 1.5291 1.5994 3.8709 -17.0179 1.3662 30.4185 -2.1732 0.1202
