Pedestrian -1 -1 1.0988 1142.0137 177.0124 1168.5260 220.3812 1.8256 0.6785 0.6538 23.2460 2.0057 30.8215 1.7398 0.2745
Pedestrian -1 -1 -2.8861 1221.6472 178.7588 1242.0000 217.7399 1.7520 0.6816 0.6580 28.4948 2.0265 33.0314 -2.1792 0.1422
Pedestrian -1 -1 -1.5663 1066.4092 180.7267 1079.8433 222.6630 1.6404 0.4481 1.3461 18.6783 1.9666 29.1675 -1.0019 0.1081
Pedestrian -1 -1 1.8053 1221.0808 185.6897 1242.0000 230.7078 1.6558 0.5939 1.0617 23.7108 2.1536 27.4039 2.5126 0.1038
Cyclist -1 -1 -1.6695 1064.3259 181.1588 1081.7727 223.5350 1.6497 0.4327 1.5521 18.6806 1.9951 29.1863 -1.1053 0.2833
Cyclist -1 -1 -3.6582 1150.2939 196.4652 1242.0000 285.7258 1.7072 0.8024 1.7285 12.0866 2.2036 14.6178 -2.9781 0.1371
Cyclist -1 -1 1.9473 1184.6855 191.7483 1242.0000 259.8252 1.6949 0.6001 1.6798 15.8536 2.2105 19.0039 2.6341 0.1039
Car -1 -1 -1.6895 990.1649 190.7019 1238.3972 375.0000 1.4681 1.5958 3.7543 5.0893 1.7133 7.8596 -1.1329 0.9264
Car -1 -1 -1.6549 958.2630 187.9998 1015.9921 233.1266 1.5545 1.6515 4.0580 14.7747 2.1995 28.5137 -1.1818 0.8251
Car -1 -1 0.9904 836.9825 171.6672 899.6896 198.5151 1.5435 1.6134 4.0243 15.5105 1.4756 43.6247 1.3295 0.1705
Car -1 -1 1.4230 908.8401 186.7988 947.6643 214.6553 1.5627 1.6161 3.9641 19.6384 2.4685 44.7245 1.8337 0.1098
Car -1 -1 -2.0814 1079.7903 193.6425 1242.0000 275.7617 1.4929 1.5328 3.9169 12.3282 2.0186 16.1899 -1.4401 0.1006
