Pedestrian -1 -1 0.6377 355.8627 180.8580 387.8967 242.6227 1.7299 0.5541 0.6744 -6.8663 1.9637 20.6707 0.3202 0.1298
Pedestrian -1 -1 1.2671 660.9976 150.3217 675.2999 182.7086 1.8807 0.5985 0.8862 3.3793 0.5726 42.3950 1.3459 0.1234
Pedestrian -1 -1 -1.8399 720.0643 159.4312 748.2958 222.0826 1.7955 0.6860 0.5485 3.5602 1.4112 20.9836 -1.6748 0.1207
Pedestrian -1 -1 0.1111 1164.4585 161.5928 1242.0000 337.6239 1.7301 0.5390 0.6372 6.1539 1.6198 7.5043 0.7781 0.1172
Pedestrian -1 -1 1.3780 325.7406 169.6766 358.4028 246.0962 1.7937 0.6320 0.6119 -6.4984 1.7195 17.3590 1.0243 0.1135
Pedestrian -1 -1 -1.3933 687.3132 166.8134 703.7006 208.8095 1.7366 0.5600 0.7588 3.5504 1.4872 30.2787 -1.2782 0.1094
Cyclist -1 -1 1.7812 549.4643 177.0842 567.1234 206.4308 1.6603 0.6465 1.9035 -3.0396 1.9133 42.0909 1.7090 0.1159
Car -1 -1 1.8070 467.3552 182.5464 544.8552 230.4666 1.4338 1.6674 4.2334 -3.4869 1.7948 24.6582 1.6673 0.8902
Car -1 -1 -1.6612 612.1634 175.7907 655.8717 213.1565 1.4680 1.5260 3.3495 0.9193 1.5989 30.3337 -1.6318 0.6525
Car -1 -1 1.8585 506.3112 176.9491 568.3383 214.2912 1.5004 1.6027 4.1088 -3.1467 1.6926 31.6328 1.7597 0.5851
