Car -1 -1 -1.8951 753.3352 183.2065 940.9077 293.2161 1.4213 1.5794 4.0961 3.5601 1.6207 11.7879 -1.6098 0.9231
Car -1 -1 1.9432 199.2577 188.8982 399.1883 308.2808 1.5025 1.5794 3.8362 -4.7501 1.8019 11.5227 1.5595 0.9136
Car -1 -1 -2.0396 867.3797 190.7578 1242.0000 375.0000 1.4735 1.5548 3.6790 3.6989 1.6837 6.5988 -1.5488 0.8986
Car -1 -1 1.8316 343.0705 186.3541 460.6868 259.8666 1.4316 1.5992 4.1412 -4.7529 1.7870 16.8909 1.5607 0.8708
Car -1 -1 -1.7805 719.5663 180.7611 826.8600 257.4785 1.5429 1.6091 3.9330 3.6239 1.7498 16.8826 -1.5735 0.8474
Car -1 -1 1.7405 492.7573 179.8092 539.0118 215.1700 1.4918 1.5335 3.4136 -4.2723 1.8257 32.8575 1.6117 0.7988
Car -1 -1 2.2540 0.0000 203.4692 257.2065 375.0000 1.4799 1.5837 3.9487 -4.8020 1.8203 6.0145 1.6014 0.7753
Car -1 -1 -1.7236 705.7255 179.8512 776.2755 234.2484 1.5121 1.5751 3.7239 3.9319 1.7481 22.4129 -1.5529 0.7426
Car -1 -1 1.7150 510.7633 177.1297 552.8775 210.3129 1.6102 1.6284 3.9365 -4.0462 1.8448 37.5217 1.6078 0.7178
Car -1 -1 0.8009 1126.1674 174.0140 1242.0000 224.6588 1.4308 1.5065 3.5641 18.0569 1.4700 22.3127 1.4745 0.5975
Car -1 -1 -1.7476 689.4699 175.3613 751.0747 218.7039 1.5448 1.6469 4.0730 4.1534 1.6497 28.0151 -1.6026 0.5646
Car -1 -1 0.8617 151.5900 173.5984 255.2345 211.9572 1.4728 1.5748 3.7739 -16.4592 1.5046 29.1429 0.3513 0.3618
