Pedestrian -1 -1 2.0312 0.0000 143.6415 20.6337 192.6911 1.8622 0.7029 0.7068 -23.3724 0.7535 27.8155 1.3370 0.4906
Pedestrian -1 -1 -0.0854 958.2586 214.5876 1037.4729 375.0000 1.5661 0.4162 0.6429 3.7393 1.9947 7.0885 0.3813 0.1731
Pedestrian -1 -1 -0.9084 1193.3031 180.0609 1242.0000 285.7679 1.6687 0.5897 0.5813 10.0068 1.7903 11.7856 -0.2175 0.1657
Pedestrian -1 -1 2.2320 1059.0237 88.9927 1150.8260 191.9365 1.7300 0.5662 1.4459 8.6035 0.3210 12.6198 2.8201 0.1576
Pedestrian -1 -1 1.5942 0.0000 152.2400 28.5800 236.2942 1.8154 0.5572 0.8638 -13.3862 1.3705 16.0928 0.9084 0.1384
Cyclist -1 -1 2.3511 1052.7733 89.3730 1157.8988 191.9023 1.7305 0.5701 1.5924 8.6009 0.3219 12.6145 2.9392 0.3867
Cyclist -1 -1 0.2994 256.6812 151.9270 316.3930 204.4027 1.7854 0.6501 1.7735 -11.2240 1.0737 24.9743 -0.1192 0.1951
Cyclist -1 -1 1.7796 340.1300 154.8927 373.4551 218.5145 1.6898 0.5792 1.4426 -7.0195 1.2131 19.9135 1.4446 0.1492
Cyclist -1 -1 2.0031 0.0000 142.8123 18.4985 193.3304 1.9093 0.7026 0.8117 -23.4238 0.7742 27.7506 1.3067 0.1168
Car -1 -1 2.9999 567.1095 190.2167 650.0615 220.0407 1.5599 1.7018 4.4294 -0.1441 2.5570 40.2559 2.9956 0.8202
Car -1 -1 1.6763 557.8654 190.1459 582.7314 210.3338 1.6046 1.7389 4.2823 -3.4665 3.1736 63.2685 1.6212 0.3312
Car -1 -1 -1.7476 757.7561 182.8443 814.8560 225.8820 1.6791 1.6784 4.0955 7.5035 2.1406 31.2112 -1.5145 0.1952
Car -1 -1 1.3380 655.4767 185.4616 692.3658 209.7646 1.5351 1.6410 4.0431 4.3429 2.4444 49.8937 1.4237 0.1737
