Pedestrian -1 -1 3.4394 169.2943 189.7901 187.6332 216.3175 1.7939 0.6031 0.9492 -29.7584 2.9707 49.7133 2.9021 0.3386
Pedestrian -1 -1 -0.1281 467.1534 159.1358 487.7608 194.7793 1.8508 0.5474 1.0022 -6.9966 1.1389 37.8773 -0.3099 0.2090
Cyclist -1 -1 3.4845 165.8304 188.8837 186.1893 215.3393 1.7888 0.6132 1.0566 -29.9063 2.9019 49.6789 2.9448 0.1570
Cyclist -1 -1 2.5650 466.2931 159.1074 488.2952 195.1781 1.8643 0.5450 0.9992 -6.9928 1.1541 37.8302 2.3831 0.1470
Car -1 -1 2.0839 191.6807 188.5761 261.8601 223.2819 1.5338 1.5606 3.3664 -18.6205 2.3370 35.1353 1.5994 0.7798
Car -1 -1 1.9758 277.1949 181.4219 341.1662 213.8971 1.5006 1.5744 3.8461 -15.0844 1.9549 36.2913 1.5841 0.6189
Car -1 -1 1.7631 448.7329 179.0346 496.6989 210.6962 1.4905 1.6301 4.2186 -6.9896 1.8252 36.9048 1.5768 0.4506
Car -1 -1 1.4423 670.0873 178.9162 707.2725 205.4780 1.4901 1.6737 4.3952 4.6766 1.8763 43.7029 1.5477 0.2510
Car -1 -1 0.9849 228.1751 196.6051 269.7286 214.2498 1.5334 1.6513 3.9392 -34.5385 3.8600 68.9701 0.5218 0.1738
Car -1 -1 1.6374 460.1040 172.0639 503.2463 210.0849 1.5015 1.5405 3.7982 -5.4006 1.4707 30.4631 1.4630 0.1687
