Pedestrian -1 -1 -2.9089 874.0217 175.9521 890.1178 213.1265 1.8058 0.7398 0.5910 13.3873 1.9611 35.5976 -2.5525 0.3564
Pedestrian -1 -1 0.3521 900.8908 152.7770 936.9300 208.6929 1.8641 0.6786 0.9575 10.4978 1.1952 24.6267 0.7504 0.2935
Car -1 -1 -0.3920 729.0594 183.7652 977.5060 274.4673 1.5153 1.6498 4.0089 4.3159 1.7316 13.2833 -0.0854 0.9209
Car -1 -1 0.3978 77.5167 177.3575 326.8290 261.1100 1.5313 1.6302 3.9885 -7.9677 1.6273 14.3138 -0.1026 0.8881
Car -1 -1 -0.2661 664.2120 180.4648 787.8467 228.4230 1.5123 1.6117 3.7802 3.7783 1.7775 24.0863 -0.1132 0.7876
Car -1 -1 3.3837 305.4610 178.0940 432.6966 224.1645 1.5101 1.6067 3.8770 -8.2469 1.6976 24.8125 3.0656 0.7731
Car -1 -1 3.8421 0.0000 187.3530 180.6581 331.8268 1.4977 1.6173 3.9129 -7.5396 1.6851 8.4740 3.1305 0.7564
Car -1 -1 3.5594 170.8407 184.3290 365.3097 251.9799 1.4792 1.5929 3.7941 -7.9393 1.7612 16.8816 3.1254 0.6989
Car -1 -1 0.4264 223.6935 187.5108 393.0503 245.8752 1.4881 1.6098 3.9598 -8.2029 1.9067 19.7109 0.0364 0.6618
Car -1 -1 3.3115 319.2482 172.3919 428.4327 210.4461 1.5122 1.6362 4.0614 -9.7027 1.4942 29.7686 2.9988 0.4044
Car -1 -1 -1.9581 631.8820 184.1644 707.5406 228.3628 1.4911 1.5639 3.6849 2.1412 1.9515 27.3522 -1.8816 0.3874
Car -1 -1 0.2567 341.5543 175.9750 439.0697 211.1720 1.5287 1.5948 3.9066 -9.8342 1.6728 32.3575 -0.0365 0.3862
Car -1 -1 3.8954 0.0000 199.5394 72.7782 375.0000 1.4645 1.5907 3.8118 -7.1274 1.7254 6.0790 3.0526 0.3735
