Car -1 -1 0.4719 229.4869 185.8226 451.3208 261.4590 1.4635 1.6320 4.1461 -5.7132 1.7594 15.3829 0.1213 0.9267
Car -1 -1 -1.8493 713.7639 181.4759 898.6192 298.2489 1.4555 1.6229 4.1712 2.7922 1.6178 11.4246 -1.6166 0.9196
Car -1 -1 0.7428 0.0000 177.6161 308.3006 306.1231 1.5262 1.6353 3.9402 -6.4277 1.5988 9.7986 0.1743 0.8843
Car -1 -1 -1.7458 678.7908 178.5470 754.3663 229.8041 1.3999 1.5665 4.1952 3.1401 1.5930 22.3015 -1.6084 0.8527
Car -1 -1 3.8643 0.0000 190.3831 195.7715 362.2446 1.4973 1.6287 3.9285 -6.6600 1.6941 7.2663 3.1406 0.7429
Car -1 -1 0.3681 268.9565 177.9562 441.2100 238.4612 1.4204 1.5628 3.7224 -6.2967 1.5535 17.9239 0.0344 0.7333
Car -1 -1 -1.6349 653.5591 171.2399 686.7106 200.4116 1.5996 1.6333 4.0838 3.3871 1.5115 41.6175 -1.5547 0.6836
Car -1 -1 3.4170 288.1865 169.8608 451.7150 233.5091 1.7039 1.7184 4.0384 -6.6795 1.6241 20.2516 3.1018 0.6137
Car -1 -1 1.7769 460.6866 178.0271 524.9658 220.4306 1.5371 1.6795 4.3498 -4.6416 1.7606 28.9048 1.6186 0.4548
Car -1 -1 1.5457 515.0328 173.6811 545.4923 202.7302 1.5258 1.5753 3.9213 -4.5018 1.5745 40.0627 1.4342 0.2850
