Pedestrian -1 -1 1.4206 566.5619 174.3860 579.3400 204.6214 1.8814 0.7204 0.5888 -2.3599 1.9787 45.2927 1.3684 0.5265
Pedestrian -1 -1 -2.2656 40.2084 185.7312 83.3266 253.6797 1.7429 0.5793 0.7195 -14.4861 2.0890 19.0070 -2.9102 0.1984
Pedestrian -1 -1 1.0652 0.0000 156.1737 48.6067 237.8065 1.7834 0.5727 0.8093 -13.2100 1.4194 16.1790 0.3885 0.1614
Pedestrian -1 -1 1.0344 53.3481 184.4103 91.5893 249.6178 1.7847 0.6646 0.5733 -15.1756 2.1171 20.3110 0.3988 0.1528
Pedestrian -1 -1 0.6485 703.6911 156.1622 742.3768 203.4178 1.7030 0.5496 1.3544 4.1282 1.1018 26.6773 0.8000 0.1097
Cyclist -1 -1 1.1047 707.3647 156.8056 739.4311 203.9577 1.6873 0.5456 1.5040 4.1259 1.1134 26.6163 1.2564 0.1539
Car -1 -1 1.6938 364.0387 185.1148 407.8844 216.3110 1.5055 1.7439 4.1821 -12.0075 2.2023 38.7685 1.3950 0.7859
Car -1 -1 1.3789 591.5132 162.4114 617.8719 182.5623 1.7976 1.6830 4.0485 -0.5417 0.8664 66.5151 1.3706 0.1599
Car -1 -1 2.0137 393.0724 184.2812 436.4685 205.9836 1.5000 1.5919 3.9800 -14.6323 2.3917 54.1787 1.7507 0.1380
Car -1 -1 2.2757 180.7574 191.2387 235.9384 212.1645 1.5129 1.5855 4.1323 -32.3417 3.0514 58.1813 1.7700 0.1283
Car -1 -1 1.4446 420.0035 176.6079 450.8086 199.7108 1.5206 1.6047 3.9094 -12.2307 1.7936 50.2862 1.2069 0.1206
