Car -1 -1 2.1704 0.0000 203.0838 283.1230 375.0000 1.4851 1.6930 4.4354 -5.7600 1.9329 8.4464 1.5861 0.9127
Car -1 -1 -1.9529 792.7629 177.9564 1124.9753 367.3530 1.5191 1.6414 4.2149 3.3330 1.5910 8.0070 -1.5725 0.9087
Car -1 -1 1.9496 231.1993 193.5580 390.0364 289.9409 1.5318 1.5648 3.7279 -5.7102 1.9912 14.1302 1.5714 0.8981
Car -1 -1 1.3249 703.9314 181.8795 806.0823 248.9830 1.4254 1.5590 3.7175 3.3886 1.6715 17.7389 1.5097 0.8701
Car -1 -1 1.8800 387.8517 186.3037 478.0761 240.2260 1.4990 1.6350 4.0947 -5.6161 1.9711 23.2055 1.6445 0.8572
Car -1 -1 -1.8088 676.2932 181.1223 755.0682 233.6676 1.5227 1.6185 4.0232 3.3133 1.8179 23.6446 -1.6721 0.7360
Car -1 -1 -1.7027 659.3005 178.7208 705.4878 215.8666 1.5288 1.5734 3.5385 3.1207 1.8044 32.0570 -1.6072 0.6953
Car -1 -1 0.7830 983.2106 229.1129 1242.0000 375.0000 1.5004 1.5990 3.9371 3.0878 1.8609 2.6302 1.5929 0.4480
Car -1 -1 1.7236 480.4679 181.4779 522.2172 212.5001 1.5168 1.6117 3.9426 -5.7549 1.9991 38.3490 1.5751 0.4194
Car -1 -1 0.7069 150.4001 177.1960 268.2953 217.7849 1.4645 1.5630 3.8249 -15.2442 1.6368 27.4288 0.2035 0.2849
Car -1 -1 1.6398 434.1550 171.2076 465.6894 197.6857 1.5970 1.6680 4.0887 -10.1158 1.4980 45.6608 1.4227 0.2802
Car -1 -1 -1.7353 655.4981 178.6003 697.4874 209.3838 1.4906 1.5802 3.6775 3.3707 1.8049 37.5350 -1.6470 0.2506
