Pedestrian -1 -1 -1.2771 441.6860 176.0352 463.9915 220.4280 1.7102 0.6914 0.6579 -6.1811 1.8365 28.2006 -1.4915 0.5265
Car -1 -1 1.7408 400.3142 182.3659 489.0725 247.0285 1.5407 1.6959 4.1059 -4.4781 1.8310 19.8971 1.5216 0.9423
Car -1 -1 -1.7899 707.1304 179.7000 853.6277 279.4118 1.4820 1.6433 4.0680 2.8237 1.6255 13.0452 -1.5825 0.9266
Car -1 -1 1.7407 450.8763 174.8284 515.5908 229.0529 1.7506 1.6088 3.8230 -4.4117 1.8256 25.3439 1.5695 0.8772
Car -1 -1 0.6039 57.8143 184.5074 281.6385 258.7857 1.4462 1.5928 3.8209 -9.2567 1.7078 15.2547 0.0659 0.8646
Car -1 -1 -1.7439 683.0460 175.3904 767.7214 238.7786 1.5182 1.5768 3.7582 2.9344 1.5932 19.3296 -1.5963 0.8371
Car -1 -1 -2.0622 859.5728 182.6751 1242.0000 375.0000 1.4443 1.4633 3.2984 3.0970 1.5403 5.3749 -1.5639 0.7977
Car -1 -1 1.7365 484.3984 174.9960 539.1732 217.4619 1.6797 1.6628 4.0866 -4.1593 1.7777 30.8143 1.6029 0.6751
Car -1 -1 -1.6925 662.5168 177.0907 717.2012 219.5372 1.5039 1.6217 3.8553 2.9719 1.6795 27.8908 -1.5881 0.6385
Car -1 -1 -1.6771 657.0033 172.3913 699.6013 207.6999 1.5790 1.5870 3.9321 3.1452 1.5587 34.2428 -1.5868 0.3676
