Pedestrian -1 -1 0.8461 1076.0536 152.9235 1238.0000 374.0000 1.6991 0.7288 0.7565 4.3291 1.4908 5.6806 1.4697 0.8963
Pedestrian -1 -1 2.1136 272.4568 155.7025 345.4175 296.3134 1.6673 0.5981 0.6253 -3.6467 1.3628 8.8708 1.7281 0.7386
Pedestrian -1 -1 -1.1502 643.5696 168.2476 678.8273 225.5070 1.6861 0.7139 1.0255 1.7903 1.2970 21.7703 -1.0743 0.6995
Pedestrian -1 -1 -0.9267 504.7972 170.3853 538.7399 232.7201 1.6420 0.5473 0.7922 -2.1784 1.3504 19.3992 -1.0423 0.6558
Pedestrian -1 -1 1.2298 623.9822 164.6416 648.4904 212.2552 1.7815 0.6777 0.8672 1.3018 1.1517 27.3882 1.2717 0.5328
Pedestrian -1 -1 -2.2064 373.9972 159.5870 421.8301 241.5678 1.7484 0.6121 0.8766 -4.5225 1.2823 15.8270 -2.4857 0.5024
Pedestrian -1 -1 1.4457 715.9260 157.4430 763.1622 265.1890 1.7659 0.6675 0.9307 2.2983 1.3729 12.2520 1.6217 0.3487
Pedestrian -1 -1 -1.2534 555.1094 171.2326 593.6339 218.7204 1.5869 0.8285 1.7977 -0.9444 1.2449 24.9802 -1.2959 0.1711
Cyclist -1 -1 -1.2917 555.4941 170.6361 591.5388 219.7868 1.6422 0.8043 1.7703 -0.9741 1.2803 24.9530 -1.3355 0.6811
Cyclist -1 -1 -1.4574 712.5566 169.4086 744.2897 231.4171 1.6244 0.6817 1.7462 3.4770 1.3088 19.7481 -1.2906 0.2691
Cyclist -1 -1 -1.1954 639.4128 168.5388 675.4968 225.8335 1.6783 0.7455 1.0883 1.6719 1.2998 21.6906 -1.1246 0.1644
Cyclist -1 -1 1.4548 715.2512 157.6688 762.2371 265.6198 1.7698 0.6687 0.9588 2.2882 1.3804 12.2725 1.6298 0.1354
Car -1 -1 -1.2798 552.2951 171.2996 589.8967 219.6353 1.6136 0.8303 1.8105 -1.0572 1.2741 24.9558 -1.3269 0.1094
