Pedestrian -1 -1 3.1696 0.0000 199.7260 31.4554 251.5000 1.7514 0.7160 0.9861 -21.2106 2.7270 25.5979 2.4826 0.2028
Pedestrian -1 -1 1.6473 355.7681 156.3058 378.3264 215.3211 1.8630 0.6337 0.7214 -7.8524 1.3410 23.2021 1.3240 0.1769
Pedestrian -1 -1 0.9189 1042.7712 178.3277 1072.5879 221.2309 1.8025 0.6773 0.8983 19.1338 2.0411 30.9155 1.4683 0.1067
Cyclist -1 -1 -0.4095 0.0000 201.1521 55.8406 252.6095 1.7004 0.6828 1.7957 -21.1028 2.7519 25.8440 -1.0893 0.2438
Car -1 -1 -1.6117 415.9868 182.5799 435.2664 199.8209 1.5203 1.5995 4.1126 -17.4957 2.4711 68.3042 -1.8619 0.1703
Car -1 -1 0.2899 1051.5087 184.1114 1147.9022 216.1133 1.5984 1.6465 4.0796 26.7784 2.2495 39.6086 0.8804 0.1470
Car -1 -1 1.5533 397.9978 181.6358 435.3603 217.2244 1.4975 1.5808 3.8232 -9.0277 1.9298 33.4287 1.2911 0.1367
Car -1 -1 0.8212 927.1703 178.7686 1003.3533 207.8494 1.5896 1.6473 4.1288 20.8285 1.9570 42.5545 1.2732 0.1138
Car -1 -1 2.1635 487.9511 186.7383 531.2292 205.8311 1.5017 1.6335 4.1969 -8.6400 2.7433 62.2559 2.0257 0.1135
Car -1 -1 -1.7391 634.9265 177.2375 673.4086 204.1739 1.4931 1.5961 4.1396 2.5360 1.7667 42.8348 -1.6809 0.1105
Car -1 -1 2.5047 723.5539 185.4118 778.7932 206.9050 1.6330 1.6872 4.2164 11.4159 2.6795 58.4384 2.6961 0.1030
