Pedestrian -1 -1 1.7297 564.9299 175.9803 576.8000 203.8768 1.8151 0.6322 1.0045 -2.6087 2.0240 47.5972 1.6747 0.4146
Cyclist -1 -1 1.7297 564.9299 175.9803 576.8000 203.8768 1.8151 0.6322 1.0045 -2.6087 2.0240 47.5972 1.6747 0.1415
Car -1 -1 -1.7773 703.9150 188.3714 819.4985 272.4022 1.4094 1.5374 3.4771 2.8595 1.7593 14.4974 -1.5875 0.9120
Car -1 -1 -2.7083 117.1083 183.3707 409.8485 286.0119 1.5917 1.6758 4.1470 -5.7428 1.7822 12.1989 -3.1405 0.8353
Car -1 -1 -2.3270 0.0000 192.4110 166.0771 366.8712 1.5045 1.6429 3.9086 -7.0324 1.7314 7.3955 -3.0693 0.8203
Car -1 -1 -0.2364 768.6192 177.3983 938.1341 239.4492 1.5908 1.6542 4.0853 6.4555 1.7209 19.6191 0.0763 0.8184
Car -1 -1 0.5429 0.0000 195.0818 339.1565 310.9591 1.4310 1.5878 3.8455 -6.0438 1.7658 10.0382 0.0122 0.7878
Car -1 -1 0.4146 264.1748 182.2296 456.7760 254.0499 1.5718 1.6340 3.9782 -5.8558 1.8064 17.0342 0.0877 0.7276
Car -1 -1 0.5079 202.6829 179.4010 415.6989 256.7107 1.4534 1.5566 3.7322 -6.1111 1.5965 14.7278 0.1205 0.6747
Car -1 -1 0.3701 275.4701 179.1251 432.8569 235.4704 1.4422 1.5645 3.6937 -6.8843 1.6194 19.4986 0.0345 0.6343
Car -1 -1 1.3848 634.6058 178.3271 669.5062 202.9907 1.5492 1.6147 3.9780 2.7410 1.9318 48.3180 1.4406 0.6148
Car -1 -1 -2.9014 396.8852 177.1062 511.5036 219.1829 1.7743 1.7526 4.6160 -6.7915 1.9662 31.5580 -3.1122 0.5903
Car -1 -1 -2.8094 326.7357 180.7072 473.0759 233.1964 1.5086 1.6202 3.9571 -6.3586 1.7575 21.9209 -3.0890 0.5561
Car -1 -1 -0.2333 696.0848 175.1675 781.7703 207.2801 1.5172 1.6060 3.8369 6.1998 1.6331 35.1366 -0.0606 0.5451
Car -1 -1 2.6604 703.7124 184.6650 805.7269 222.3127 1.4653 1.6087 3.8902 6.0078 1.9823 30.2344 2.8540 0.5213
Car -1 -1 2.8429 692.3140 182.5672 784.6762 217.5889 1.5131 1.5996 3.8280 5.7633 1.9688 32.7816 3.0148 0.4852
Car -1 -1 3.1677 391.8462 179.4507 498.7245 220.6561 1.5494 1.6563 4.0328 -6.5471 1.8234 28.7212 2.9451 0.4809
Car -1 -1 -2.8033 484.4184 179.9876 551.3029 204.8819 1.5067 1.6206 3.8709 -5.8315 1.9693 45.5529 -2.9303 0.4657
Car -1 -1 -2.8038 359.2020 181.2499 482.1973 227.0944 1.4628 1.5713 3.6953 -6.3674 1.7568 24.3000 -3.0579 0.4568
