Pedestrian -1 -1 -1.3239 400.2173 182.9987 419.9129 227.4199 1.7369 0.6125 0.6594 -7.9911 2.1455 28.6998 -1.5936 0.3224
Pedestrian -1 -1 3.0992 393.7353 174.7993 422.6028 218.3590 1.7716 0.6610 1.1242 -8.4017 1.8538 29.8743 2.8269 0.1609
Cyclist -1 -1 -0.0070 388.4544 176.0926 431.3450 218.2659 1.7112 0.6504 1.6954 -8.3306 1.8483 29.9028 -0.2769 0.1836
Car -1 -1 1.8519 168.9544 198.1396 432.6258 375.0000 1.5146 1.5643 3.6973 -3.0934 1.8587 7.9001 1.4888 0.9222
Car -1 -1 -1.7431 614.6055 179.1552 681.7385 233.4045 1.7007 1.6714 3.8550 1.1996 1.9380 25.1035 -1.6968 0.9212
Car -1 -1 -1.5796 466.3372 185.3968 519.8629 236.6805 1.5311 1.6605 3.8158 -4.0383 1.9934 24.5494 -1.7416 0.8914
Car -1 -1 -2.3350 879.5027 144.7808 1242.0000 375.0000 1.5272 1.6166 3.9955 2.9203 1.4759 3.3907 -1.6665 0.7226
Car -1 -1 -1.7540 598.1652 184.2003 646.7408 218.2686 1.5008 1.6482 4.0854 0.5091 2.0912 35.3683 -1.7404 0.6495
Car -1 -1 -1.6579 464.1669 166.4129 496.4129 197.8511 2.2331 1.9430 4.9225 -9.7608 1.7760 53.8801 -1.8366 0.1677
Car -1 -1 1.5067 584.7560 181.1320 605.4893 198.9697 1.5186 1.6178 4.0488 -1.3974 2.2938 65.4480 1.4850 0.1491
Car -1 -1 1.5461 502.5243 183.8878 533.8140 215.1002 1.5123 1.5499 3.8981 -4.9692 2.1319 38.4473 1.4179 0.1279
