Car -1 -1 -1.2782 285.9761 178.6668 459.6730 290.4216 1.5962 1.6880 3.9269 -3.8109 1.5038 12.2299 -1.5744 0.9610
Car -1 -1 -1.0901 133.2932 188.2388 303.1914 269.2582 1.4998 1.6192 3.6882 -8.1147 1.5730 15.2859 -1.5712 0.9079
Car -1 -1 -1.6053 580.7568 173.4242 647.8699 236.5350 1.5691 1.6725 3.3331 0.0659 1.2771 19.5613 -1.6024 0.8970
Car -1 -1 -1.3931 437.5685 178.5701 506.4960 229.6778 1.5578 1.6104 3.6333 -4.4347 1.3563 23.7278 -1.5762 0.8969
Car -1 -1 -1.3856 481.2615 181.4720 527.5587 213.6511 1.4921 1.5731 3.8016 -5.0424 1.3197 35.2630 -1.5270 0.7178
Car -1 -1 -0.8483 0.0000 198.1382 117.8694 359.0497 1.4906 1.5886 3.7728 -8.1563 1.6850 8.8514 -1.5779 0.6403
Car -1 -1 -1.4502 417.6251 180.0566 456.0771 209.1436 1.4462 1.5285 3.6402 -8.9271 1.1908 37.6302 -1.6818 0.6040
Car -1 -1 -1.2057 271.2087 184.5297 345.3856 221.0722 1.4744 1.6182 4.0122 -12.8572 1.4478 31.0256 -1.5958 0.5155
Car -1 -1 -1.7048 507.2538 177.3654 542.4896 203.6106 1.5045 1.5966 3.8797 -5.0580 1.0556 43.2813 -1.8208 0.3743
Car -1 -1 -1.7159 571.4485 174.7876 622.9742 213.8709 1.5168 1.5901 3.8448 -0.5388 1.1133 29.9214 -1.7341 0.3591
