Cyclist -1 -1 1.0302 1144.7355 151.4419 1242.0000 297.5581 1.6778 0.5429 1.6622 7.5203 1.4322 9.1417 1.7024 0.3500
Car -1 -1 -1.8556 678.1505 175.3293 862.5850 291.6820 1.4970 1.6396 4.2702 2.2601 1.5446 11.5794 -1.6687 0.9367
Car -1 -1 1.9074 180.0171 191.2152 460.8791 375.0000 1.4661 1.5679 3.6585 -2.8214 1.7111 7.7784 1.5692 0.9031
Car -1 -1 3.5537 129.8031 182.6810 373.7395 263.2605 1.5101 1.6309 4.1252 -7.1635 1.7218 14.6265 3.1050 0.7560
Car -1 -1 -1.6624 622.1025 178.7635 653.7980 204.3163 1.4992 1.6133 4.0816 1.6819 1.8883 45.3756 -1.6261 0.7421
Car -1 -1 0.3435 270.0004 182.8110 433.0820 240.7936 1.4754 1.5932 3.8236 -6.9235 1.7551 19.4399 0.0051 0.7055
Car -1 -1 0.3400 393.5163 180.9805 499.5051 217.8961 1.4397 1.5758 3.9413 -6.7087 1.7849 29.5989 0.1186 0.3807
Car -1 -1 0.3911 410.8314 178.4799 506.3289 213.2511 1.4666 1.5736 3.8244 -6.7116 1.7246 31.9198 0.1851 0.3201
Car -1 -1 0.4635 362.1698 180.6401 472.5340 222.7816 1.4885 1.5601 3.6892 -7.2343 1.7930 27.0418 0.2041 0.2421
Car -1 -1 -2.6654 279.6819 180.9150 426.5987 234.0712 1.5089 1.6019 3.8952 -7.7766 1.7654 21.8620 -3.0038 0.2020
