Car -1 -1 -1.2698 269.9572 186.2854 452.0643 296.8778 1.4698 1.6306 3.8349 -3.7597 1.4909 11.5112 -1.5790 0.9452
Car -1 -1 -1.0985 111.1592 182.2998 293.0275 265.6743 1.4975 1.6518 3.8699 -8.1901 1.4463 14.8621 -1.5948 0.9452
Car -1 -1 -1.3997 447.3947 176.5812 517.4703 230.8260 1.5720 1.6117 3.3166 -3.8828 1.3229 22.4884 -1.5690 0.9274
Car -1 -1 -1.7637 713.4850 188.7823 844.0667 280.6224 1.4001 1.5589 3.5442 2.8533 1.4741 12.8816 -1.5507 0.9139
Car -1 -1 -1.7400 656.6623 180.2272 725.1429 225.5071 1.4386 1.6399 4.2785 2.7549 1.2813 25.0213 -1.6320 0.9028
Car -1 -1 -1.3891 480.1520 175.9981 538.0723 215.5821 1.5655 1.6839 4.3329 -4.1540 1.2021 30.6296 -1.5231 0.8292
Car -1 -1 -1.3290 385.1790 181.2536 444.4821 217.0156 1.4764 1.6181 3.9427 -8.4510 1.3140 31.6595 -1.5881 0.7244
Car -1 -1 -1.7253 631.0233 177.5633 663.2715 199.6175 1.4396 1.5904 3.9776 2.6200 0.9412 48.9786 -1.6726 0.4244
Car -1 -1 -1.6147 585.8320 177.0305 612.0160 200.3123 1.5068 1.5924 3.7681 -0.6507 0.9782 48.4463 -1.6285 0.4069
Car -1 -1 -1.4800 437.4753 178.7443 469.0578 204.5251 1.4302 1.4831 3.4363 -8.9437 1.0723 41.6685 -1.6904 0.4010
Car -1 -1 1.5157 529.1353 177.6969 553.9957 198.8565 1.4920 1.5973 3.9116 -4.9063 0.9630 52.7369 1.4230 0.3810
Car -1 -1 -1.3868 507.0810 178.0550 546.5012 205.5753 1.5176 1.5865 3.8737 -4.6648 1.1239 41.6266 -1.4981 0.3342
