Pedestrian -1 -1 -1.8138 808.3814 150.6570 829.8203 196.3860 1.8516 0.6781 0.7640 8.5330 0.9532 29.6060 -1.5360 0.1317
Pedestrian -1 -1 -0.8073 1006.6712 188.0996 1045.4460 252.2197 1.6854 0.5722 0.7180 11.2051 2.1063 19.5204 -0.2935 0.1222
Pedestrian -1 -1 1.3367 906.9559 125.3356 942.1858 203.6624 1.7946 0.5980 0.7369 7.3280 0.7062 16.9422 1.7385 0.1159
Pedestrian -1 -1 0.1464 1102.4473 126.4805 1169.8962 254.2573 1.6649 0.4976 0.6833 7.1027 1.0610 9.8145 0.7586 0.1159
Cyclist -1 -1 -1.7228 1187.7267 128.8771 1242.0000 279.7226 1.6391 0.3192 1.5817 7.1866 1.1616 8.6013 -1.0436 0.2522
Cyclist -1 -1 2.1572 100.8691 185.2312 131.2085 219.3160 1.7505 0.5214 1.6232 -26.3501 2.4246 38.4591 1.5595 0.1414
Car -1 -1 1.9893 248.8768 188.7941 328.1139 228.0352 1.5033 1.6142 4.0779 -13.8947 2.2412 31.3400 1.5747 0.7852
Car -1 -1 2.2858 0.0000 203.2039 61.6386 270.9204 1.4327 1.5911 3.7517 -16.5738 2.3037 18.8207 1.5707 0.5909
Car -1 -1 1.7216 404.9254 182.3820 436.6547 204.9494 1.5666 1.6830 4.2406 -14.1755 2.3109 54.1365 1.4663 0.5678
Car -1 -1 2.0589 19.4125 201.7622 130.3168 246.7218 1.4544 1.6313 4.4135 -21.0771 2.6928 28.5973 1.4280 0.1192
