Car -1 -1 1.7771 366.4992 200.3587 486.4019 287.4362 1.5164 1.7126 4.3115 -3.9709 2.2147 16.1234 1.5384 0.9190
Car -1 -1 -1.8626 732.2339 195.6361 911.5391 329.3972 1.5292 1.5316 3.3117 2.8295 1.9144 10.5025 -1.6079 0.9029
Car -1 -1 -1.7293 650.6019 196.0658 731.2826 258.2039 1.4896 1.6542 4.1999 2.1989 2.2358 21.0388 -1.6277 0.8818
Car -1 -1 -1.7900 677.3396 194.7653 789.2206 280.0656 1.4499 1.5135 3.5009 2.3779 1.9599 14.9814 -1.6369 0.8635
Car -1 -1 1.7423 429.0593 201.5041 507.5042 260.9907 1.4716 1.6480 4.0961 -4.2356 2.4234 21.8964 1.5526 0.8152
Car -1 -1 1.7032 480.1311 195.1550 528.6992 235.1576 1.5456 1.6227 4.0161 -4.6763 2.6019 32.1431 1.5591 0.6738
Car -1 -1 -1.6586 638.7400 192.0311 680.9834 229.1589 1.4805 1.5624 3.8185 2.1637 2.4009 32.6860 -1.5939 0.6625
Car -1 -1 -2.3368 919.2145 207.3020 1242.0000 375.0000 1.5247 1.6072 3.9806 3.1646 1.7856 3.4165 -1.6331 0.5885
Car -1 -1 1.5826 461.6040 199.6393 507.3921 245.7264 1.4365 1.5655 3.9685 -4.7118 2.5163 26.9922 1.4106 0.3873
Car -1 -1 -1.7209 643.8222 193.7652 704.1703 239.1985 1.4240 1.5856 4.2496 2.2462 2.2638 26.7873 -1.6390 0.3801
Car -1 -1 1.3776 610.0261 192.1738 642.2386 215.0878 1.5411 1.6548 4.1286 1.1468 3.0555 54.3690 1.3979 0.3341
