Pedestrian -1 -1 0.5139 1085.0065 152.6750 1241.0000 376.0000 1.7452 0.7252 0.8953 4.1911 1.5288 5.3580 1.1525 0.3854
Pedestrian -1 -1 -2.7120 363.0271 170.9498 393.4114 217.5490 1.7049 0.6091 0.9017 -8.5460 1.1841 26.6543 -3.0196 0.2353
Pedestrian -1 -1 -0.1966 1057.0200 122.5461 1161.2825 314.6110 1.6605 0.5222 0.6838 4.5116 1.1198 6.5815 0.3846 0.2153
Cyclist -1 -1 -1.2828 197.9504 145.2175 370.2101 376.0000 1.7491 0.8053 1.8764 -2.7013 1.4631 6.1332 -1.6819 0.2109
Cyclist -1 -1 0.8096 924.7979 150.1602 1073.7056 308.2748 1.6804 0.5250 1.6620 4.5071 1.3089 8.5072 1.2830 0.1705
Cyclist -1 -1 -2.5081 363.0388 170.5453 393.4716 217.5681 1.7159 0.6119 0.8851 -8.5486 1.1817 26.6601 -2.8158 0.1186
Car -1 -1 -1.1992 294.3920 179.8649 388.6104 233.7481 1.4922 1.5357 3.3297 -7.9314 1.3451 21.5853 -1.5476 0.8399
Car -1 -1 -1.5565 579.9055 176.2026 617.4568 212.4871 1.5391 1.5929 3.2989 -0.4195 1.1579 32.1392 -1.5699 0.7851
Car -1 -1 -1.0855 250.5145 177.0141 338.5605 219.2745 1.5341 1.5887 3.7054 -12.1310 1.2375 28.0011 -1.4911 0.3086
Car -1 -1 -1.0645 0.0000 0.0000 350.5732 376.0000 2.2975 1.8232 4.7569 -3.3436 1.6337 4.7465 -1.6522 0.2530
Car -1 -1 -1.2678 365.1524 173.7770 421.1595 217.1881 1.5957 1.3512 2.6051 -8.2679 1.1763 27.7322 -1.5552 0.2487
Car -1 -1 1.7074 467.3207 186.1552 526.4329 231.1270 1.4245 1.5153 3.6670 -3.7732 1.4603 24.6872 1.5570 0.2409
Car -1 -1 -1.3299 390.4811 127.5159 521.5860 236.7112 2.4230 1.9857 5.7739 -3.7714 1.1438 18.8773 -1.5246 0.1716
