Pedestrian -1 -1 -0.1889 466.7294 174.0147 479.6199 198.1351 1.7668 0.5123 0.8542 -10.1327 1.8535 53.2834 -0.3763 0.1829
Pedestrian -1 -1 -2.0104 502.6093 77.7989 599.1056 266.7687 1.7611 0.5828 1.0398 -0.6756 0.8756 7.3175 -2.1002 0.1720
Pedestrian -1 -1 -3.2626 700.0884 195.5234 742.8652 292.6917 1.7383 0.6540 0.7057 2.0086 2.1702 13.3967 -3.1186 0.1692
Pedestrian -1 -1 0.3020 103.4992 179.6913 152.5087 268.8313 1.7502 0.6464 0.6618 -9.8106 1.8930 14.6277 -0.2807 0.1607
Cyclist -1 -1 -0.1589 821.9896 129.2849 919.0342 236.4120 1.8118 0.6070 1.5161 4.4802 1.0753 12.6305 0.1743 0.1581
Cyclist -1 -1 2.4386 987.8683 140.8460 1146.0841 265.6573 1.7346 0.7850 1.9154 6.6115 1.2901 10.5620 2.9850 0.1160
Car -1 -1 1.7901 423.9397 178.3030 475.6617 211.1556 1.4721 1.6290 3.9085 -7.7254 1.7511 34.9341 1.5736 0.8558
Car -1 -1 1.5584 516.7932 176.5570 534.2457 192.9327 1.5058 1.6130 4.0154 -8.1645 1.8730 69.3853 1.4413 0.1432
Car -1 -1 1.3098 41.5200 187.3783 108.9005 222.5116 1.4658 1.5763 3.8428 -24.8364 2.1754 33.4164 0.6743 0.1255
Car -1 -1 -1.3698 284.2596 194.3154 313.2024 213.3538 1.5506 1.6517 3.9980 -28.3131 3.5679 65.6815 -1.7757 0.1091
