Pedestrian -1 -1 -0.8916 943.2673 148.9072 992.6440 224.0030 1.8074 0.6799 0.9054 8.8105 1.2314 17.8632 -0.4403 0.1624
Pedestrian -1 -1 0.8390 816.5893 166.3738 834.4291 189.3036 1.6688 0.5430 1.2789 15.8584 1.1975 53.2029 1.1269 0.1365
Pedestrian -1 -1 -0.8014 1109.0155 125.2606 1172.6937 211.7436 1.7489 0.5674 0.9469 10.9432 0.7868 14.9519 -0.1789 0.1208
Pedestrian -1 -1 -3.0475 1078.1271 160.8193 1115.6759 241.0907 1.7184 0.5902 0.6382 10.6641 1.4611 15.8735 -2.4650 0.1134
Pedestrian -1 -1 -2.5108 1021.3610 162.8180 1055.4902 225.3805 1.6990 0.5462 0.6082 11.8133 1.4268 19.9797 -1.9837 0.1079
Cyclist -1 -1 1.0438 815.9716 167.9028 833.7491 190.5861 1.6480 0.5490 1.5495 15.8176 1.2886 53.2357 1.3308 0.3379
Cyclist -1 -1 2.4253 236.9722 186.0521 261.1456 209.1570 1.7838 0.5457 1.8179 -28.8907 2.8574 57.7265 1.9629 0.2122
Cyclist -1 -1 -0.9292 1110.4603 120.2848 1184.0957 205.8347 1.7225 0.5597 1.3147 11.1076 0.6644 14.9873 -0.3006 0.1027
Car -1 -1 2.3673 393.4133 184.3335 454.0498 208.7799 1.5231 1.6051 4.0166 -12.6482 2.3384 49.0878 2.1160 0.1700
Car -1 -1 1.4681 650.9811 175.8862 696.6440 212.2594 1.5065 1.6161 3.9281 2.7453 1.6504 32.1903 1.5518 0.1618
