Pedestrian -1 -1 -0.1571 64.7597 186.0197 104.4726 246.2455 1.7475 0.7053 0.8699 -15.8721 2.1546 21.7335 -0.7823 0.7594
Pedestrian -1 -1 -2.7644 672.5873 160.1603 713.0388 226.8066 1.7644 0.6165 0.9308 2.2023 1.4287 19.5895 -2.6549 0.4901
Pedestrian -1 -1 -1.0409 656.6227 169.6223 689.1620 229.9622 1.7519 0.6256 0.8444 1.8288 1.6584 21.4711 -0.9579 0.4216
Pedestrian -1 -1 -2.6057 685.1011 166.7437 729.5073 228.6910 1.7208 0.5950 1.1089 2.7302 1.5515 20.6172 -2.4767 0.2613
Cyclist -1 -1 -2.6273 677.0673 160.1265 755.1356 236.7483 1.8179 0.6133 1.8542 2.5698 1.5163 17.9232 -2.4880 0.8191
Cyclist -1 -1 -2.2882 683.1899 166.4697 729.0891 230.2737 1.7544 0.6015 1.2751 2.6776 1.5792 20.5343 -2.1611 0.2211
Cyclist -1 -1 -2.9250 670.6163 157.6508 712.1750 224.9817 1.7818 0.6319 1.0090 2.1620 1.3798 19.5517 -2.8172 0.1288
Car -1 -1 -1.3467 348.7343 179.0450 511.6500 298.7054 1.5989 1.6724 4.1282 -2.7900 1.7193 11.9178 -1.5727 0.9257
Car -1 -1 2.0939 70.9083 195.0176 220.1489 263.6120 1.5422 1.6070 3.9539 -12.4082 2.2038 19.5206 1.5335 0.8881
Car -1 -1 -1.5699 591.0311 177.9442 616.7981 202.2283 1.4821 1.6026 3.9766 -0.4280 1.8271 46.8641 -1.5794 0.5101
Car -1 -1 -1.1919 0.0000 195.0955 61.0656 224.4823 1.4917 1.5438 3.8870 -33.6413 2.8468 41.8614 -1.8659 0.3683
Car -1 -1 1.7474 466.4131 181.5123 494.9235 201.8383 1.5201 1.5811 3.8830 -10.3030 2.2344 57.5537 1.5707 0.2890
