Cyclist -1 -1 1.7082 402.0462 175.2843 448.0855 279.6579 1.7713 0.5721 1.8057 -3.4097 1.8193 13.2143 1.4596 0.8885
Car -1 -1 -1.7345 629.3707 181.5183 698.3415 231.1353 1.4786 1.6481 4.0832 1.6793 1.7967 24.3483 -1.6673 0.9285
Car -1 -1 -0.5914 870.7242 190.8835 1242.0000 329.6319 1.4674 1.6218 4.1392 5.4812 1.7099 8.7766 -0.0491 0.8253
Car -1 -1 -0.5228 834.7662 168.5893 1138.5261 278.6788 1.5478 1.6400 3.8478 5.5917 1.4882 11.0887 -0.0672 0.7924
Car -1 -1 0.4092 247.3697 183.8273 422.1827 245.7415 1.4837 1.5955 3.8749 -7.0216 1.7790 18.5000 0.0507 0.7440
Car -1 -1 -2.6644 299.5506 185.0785 442.0699 241.6378 1.5332 1.5832 3.6355 -6.9914 1.9092 21.0920 -2.9813 0.6371
Car -1 -1 2.2962 1015.9566 192.4632 1242.0000 375.0000 1.5967 1.6641 4.0638 5.7019 1.7845 5.8649 3.0416 0.6158
Car -1 -1 -2.3461 0.0000 170.1022 189.0085 361.1745 1.7078 1.7264 4.2489 -6.9943 1.6835 7.4315 -3.0834 0.3965
Car -1 -1 -1.6599 612.8331 174.2319 643.2859 200.1617 1.5234 1.5491 3.6264 1.0427 1.6122 44.4457 -1.6371 0.3859
Car -1 -1 0.3777 339.1651 179.5193 460.0727 222.9256 1.4988 1.5964 3.9014 -7.6317 1.7502 26.1955 0.0965 0.3610
Car -1 -1 -1.5760 619.8925 175.8659 650.7161 204.6862 1.4810 1.6018 3.9559 1.3334 1.6546 39.4935 -1.5430 0.3348
Car -1 -1 1.6949 415.2001 166.7231 461.8452 201.3355 1.4866 1.5771 4.1399 -7.8444 1.2236 33.1292 1.4639 0.2953
