Pedestrian -1 -1 0.9554 960.8170 161.6525 999.9323 226.2096 1.8807 0.7339 0.7504 10.9529 1.5547 21.4427 1.4215 0.3574
Pedestrian -1 -1 -1.1214 933.6984 142.5437 960.4792 194.3814 1.9091 0.6857 0.6763 12.5940 0.7932 27.0493 -0.6900 0.1602
Pedestrian -1 -1 -0.6291 1041.7327 161.3314 1082.2493 226.4139 1.7590 0.5910 0.7359 12.3633 1.4479 19.8215 -0.0785 0.1581
Pedestrian -1 -1 0.9281 913.4549 173.3882 949.2559 234.0942 1.7777 0.5991 0.8295 9.5697 1.7944 21.6075 1.3393 0.1344
Pedestrian -1 -1 -0.9634 830.1259 178.4396 860.4751 231.7525 1.7509 0.6748 0.7333 7.8756 1.9432 24.2883 -0.6542 0.1299
Pedestrian -1 -1 -1.4985 1003.7654 167.3744 1030.5449 230.1243 1.7238 0.6166 0.6141 11.3793 1.5736 20.2442 -0.9932 0.1244
Pedestrian -1 -1 -2.1737 715.8200 170.0911 734.3318 206.1330 1.7749 0.6142 0.7142 5.6993 1.6392 35.9853 -2.0184 0.1198
Car -1 -1 -1.6910 581.9324 178.3691 624.5842 212.0618 1.6043 1.6640 4.5773 -0.4512 1.9095 37.5104 -1.7035 0.9269
Car -1 -1 1.9051 295.8457 186.1748 401.7328 243.1329 1.5079 1.7232 4.3393 -7.9571 1.9599 22.2900 1.5654 0.8868
Car -1 -1 2.3111 0.0000 192.5287 85.1875 375.0000 1.4669 1.6113 3.8381 -7.9332 1.7348 7.8646 1.5383 0.5962
Car -1 -1 1.7877 394.6427 180.4146 467.4335 225.1489 1.4721 1.6674 4.5710 -6.5810 1.7777 26.8238 1.5488 0.1475
