Pedestrian -1 -1 0.8740 487.7761 191.2328 517.1973 235.3800 1.7392 0.7378 0.9525 -4.2955 1.9886 29.0694 0.7281 0.4110
Cyclist -1 -1 1.1769 490.9163 192.7703 517.1385 237.2340 1.7460 0.7422 0.9426 -4.2294 2.0584 29.0218 1.0329 0.1609
Car -1 -1 -1.2441 218.8275 185.6968 340.6035 251.7566 1.4789 1.6009 3.8842 -8.1488 1.4935 18.1253 -1.6614 0.9166
Car -1 -1 -1.0950 0.0000 195.4004 329.4507 376.0000 1.4550 1.6261 4.4737 -4.8333 1.6048 8.2209 -1.6125 0.8746
Car -1 -1 -1.2853 315.7339 186.7730 391.4962 234.0079 1.4364 1.4704 3.2971 -8.3155 1.4925 23.6508 -1.6202 0.8197
Car -1 -1 -1.0731 108.3432 186.2413 250.8972 247.5631 1.4819 1.6087 3.9103 -11.4120 1.5136 19.4114 -1.5988 0.7181
Car -1 -1 -1.5052 484.2377 184.8675 523.5838 218.8314 1.4649 1.5394 3.7657 -4.7399 1.4511 32.9384 -1.6474 0.6811
Car -1 -1 -1.6149 571.2987 182.2555 602.5521 209.5183 1.4896 1.6157 3.8077 -1.2625 1.3290 41.2335 -1.6458 0.6075
Car -1 -1 2.2763 0.0000 180.7184 58.6301 360.2141 1.4427 1.6025 4.0756 -8.2931 1.4077 7.8749 1.4822 0.3134
Car -1 -1 -0.7638 357.3174 182.5057 423.7460 206.9697 1.4946 1.6366 4.0766 -13.8890 1.3301 46.0895 -1.0553 0.3016
Car -1 -1 1.6883 503.7122 182.3184 533.9666 208.6880 1.5526 1.4751 3.1561 -5.4233 1.3832 43.9040 1.5657 0.2811
