Pedestrian -1 -1 1.2704 555.0814 176.7318 572.7162 207.4728 1.7445 0.5712 1.6119 -2.7268 1.9753 42.0147 1.2055 0.1776
Cyclist -1 -1 1.2704 555.0814 176.7318 572.7162 207.4728 1.7445 0.5712 1.6119 -2.7268 1.9753 42.0147 1.2055 0.4002
Car -1 -1 -1.8301 732.3338 189.4085 907.6520 310.9934 1.4065 1.5250 3.5162 2.8161 1.6904 10.5884 -1.5783 0.9093
Car -1 -1 -0.3164 801.2755 176.5725 1020.2136 255.2060 1.6003 1.6676 4.0835 6.3613 1.6866 15.7276 0.0606 0.8642
Car -1 -1 0.5021 145.0656 179.2926 411.8907 271.5057 1.5282 1.6519 4.1189 -5.9454 1.6542 13.0869 0.0827 0.7481
Car -1 -1 -2.6546 196.4951 180.4670 392.2577 251.1486 1.4303 1.5469 3.6053 -6.8409 1.6061 15.7144 -3.0595 0.7324
Car -1 -1 0.6376 51.5399 177.1906 350.7859 287.2695 1.4705 1.5688 3.6808 -6.0330 1.5416 10.7436 0.1360 0.6968
Car -1 -1 0.6108 0.0000 185.2852 318.8372 337.7785 1.5450 1.6634 4.2965 -5.8865 1.7030 8.2959 0.0084 0.6716
Car -1 -1 -2.7708 302.0273 180.8581 456.8468 236.9355 1.4884 1.6059 3.8370 -6.4754 1.7247 20.3400 -3.0757 0.5987
Car -1 -1 -1.6970 634.7839 177.4675 669.9132 204.4838 1.5592 1.6461 4.0925 2.5284 1.8572 44.4553 -1.6410 0.5948
Car -1 -1 -2.7427 264.8578 180.1216 443.8001 243.1947 1.4695 1.5964 3.8803 -6.3240 1.6599 17.9416 -3.0774 0.5703
Car -1 -1 -2.8352 352.2797 176.0275 479.4290 223.3560 1.5718 1.6513 3.9398 -6.7074 1.6862 24.9995 -3.0951 0.5522
Car -1 -1 0.2203 355.7823 159.0961 490.1368 207.8034 1.7970 1.7379 4.7002 -7.0997 1.2898 27.5568 -0.0299 0.5474
Car -1 -1 -2.7863 470.9265 180.1418 541.9372 207.1379 1.4895 1.5845 3.7361 -5.9883 1.9219 41.6069 -2.9288 0.5057
Car -1 -1 2.7388 720.7672 183.1123 839.5138 227.3526 1.5033 1.6263 3.8666 6.0938 1.8922 26.1864 2.9642 0.4773
Car -1 -1 2.8496 700.8704 180.1172 809.4267 218.7833 1.4779 1.5907 3.9759 5.7344 1.7795 28.9353 3.0427 0.4638
Car -1 -1 0.8134 0.0000 204.0157 188.8768 375.0000 1.4571 1.5945 3.8720 -6.0460 1.7644 6.1891 0.0611 0.4307
Car -1 -1 -2.9728 462.9169 178.2638 533.9412 206.3294 1.4660 1.5359 3.5667 -5.9983 1.7632 38.7903 -3.1256 0.4124
