Pedestrian -1 -1 -1.9631 970.4813 185.0860 1053.6466 270.7555 1.6458 0.8027 1.9079 8.2188 1.6444 14.7971 -1.4646 0.1038
Cyclist -1 -1 -1.9631 970.4813 185.0860 1053.6466 270.7555 1.6458 0.8027 1.9079 8.2188 1.6444 14.7971 -1.4646 0.3535
Car -1 -1 -1.9366 761.3862 177.6943 1052.2942 360.9945 1.6459 1.6905 3.9240 3.0660 1.5795 8.4358 -1.5989 0.9408
Car -1 -1 -1.1643 130.3687 187.6161 384.8340 329.1216 1.4860 1.5984 3.6755 -4.3332 1.5249 9.4557 -1.5836 0.9181
Car -1 -1 -1.3632 397.0172 186.4292 481.7210 242.8179 1.4060 1.5548 3.5674 -4.5761 1.4436 19.7943 -1.5878 0.8904
Car -1 -1 -1.6098 576.4404 180.1646 616.7361 218.1555 1.5700 1.6205 3.3271 -0.5686 1.3624 31.4113 -1.6282 0.8630
Car -1 -1 -1.4305 455.4245 184.7408 514.0021 227.0928 1.4553 1.6010 3.9456 -4.5270 1.4401 26.6911 -1.5972 0.8302
Car -1 -1 -1.0355 63.1168 164.2822 261.5257 264.8222 1.7450 1.6635 3.7074 -8.6730 1.3828 14.3273 -1.5717 0.7379
Car -1 -1 -1.3938 386.6793 182.1687 439.8352 220.1379 1.5795 1.6142 3.8671 -8.5918 1.4538 31.8944 -1.6552 0.6926
Car -1 -1 1.4599 615.6996 179.4193 644.0388 200.8286 1.5044 1.6201 4.1014 1.5611 1.0983 52.6207 1.4890 0.5727
Car -1 -1 -1.4871 474.4183 182.6378 516.8282 216.6914 1.5099 1.6308 4.2726 -5.2819 1.3968 34.0580 -1.6402 0.5649
Car -1 -1 -1.5142 418.6095 172.4698 451.3259 201.8635 1.6417 1.6453 3.9537 -10.1324 0.9309 42.2367 -1.7485 0.4719
Car -1 -1 -1.2233 269.4966 165.0592 383.1463 227.1294 1.7532 1.7529 4.9024 -8.7614 1.1850 22.7654 -1.5869 0.4345
Car -1 -1 2.2240 0.0000 195.1115 72.2692 368.6141 1.4492 1.6047 3.9315 -8.3128 1.5926 8.2806 1.4528 0.4090
Car -1 -1 1.7138 508.0610 177.3244 541.2112 201.4734 1.5127 1.5951 4.0586 -5.4208 1.0195 47.0779 1.5994 0.3732
