Pedestrian -1 -1 -2.2001 666.2820 167.7927 754.5645 328.5730 1.7414 0.7058 0.7367 1.0922 1.6869 8.3052 -2.0756 0.8464
Pedestrian -1 -1 -1.3013 344.7853 190.9539 388.2563 273.5345 1.7533 0.7367 0.7344 -5.3955 2.1616 15.8724 -1.6247 0.1986
Pedestrian -1 -1 1.0860 523.1516 189.0983 542.1087 231.0339 1.6975 0.5460 0.6410 -3.2545 2.3815 29.9464 0.9779 0.1654
Car -1 -1 -1.6592 684.8873 178.7914 740.3347 222.0895 1.4027 1.5895 4.2153 3.5862 1.6355 26.1023 -1.5249 0.6971
Car -1 -1 -2.6176 239.0390 191.3512 422.5055 261.9514 1.5134 1.5965 3.7715 -6.6148 1.9807 17.1229 -2.9816 0.5685
Car -1 -1 -1.5599 681.7708 170.8592 712.0858 204.3519 1.8798 1.6938 4.1607 5.1225 1.7682 42.6669 -1.4418 0.5016
Car -1 -1 -1.6267 727.5312 182.3319 910.1698 358.6116 1.4753 1.5618 3.7092 2.1211 1.6094 8.2146 -1.3841 0.2785
Car -1 -1 -1.7484 761.0720 177.8753 832.7639 226.3679 1.4875 1.6345 4.1229 6.2441 1.6743 24.6785 -1.5040 0.2566
Car -1 -1 -0.8778 0.0000 0.0000 221.0780 375.0000 1.9517 1.6922 3.9499 -3.0204 1.4203 2.4129 -1.7214 0.1782
Car -1 -1 0.2854 522.1169 184.2117 570.0417 202.3506 1.4968 1.6010 3.8160 -5.5138 2.4936 62.1441 0.1968 0.1780
