Pedestrian -1 -1 -1.8631 206.2862 174.1754 223.9004 208.9309 1.7992 0.6563 0.6321 -20.4482 1.4732 37.0533 -2.3620 0.1515
Pedestrian -1 -1 -0.8883 421.2029 170.9191 441.4384 198.6171 1.7288 0.4764 1.3885 -11.0143 1.1322 44.8559 -1.1257 0.1388
Pedestrian -1 -1 1.9525 23.2052 193.8076 59.9542 259.1929 1.6592 0.5372 0.6726 -14.7692 2.0165 18.4965 1.2885 0.1203
Pedestrian -1 -1 0.2482 778.5334 161.6604 838.2346 236.6828 1.6303 0.5591 1.1911 4.5328 1.2225 15.8995 0.5224 0.1126
Pedestrian -1 -1 1.9222 988.4256 127.0938 1073.2283 288.3997 1.7432 0.6124 0.7856 4.8462 1.1678 8.1229 2.4450 0.1093
Pedestrian -1 -1 -0.0149 97.8516 197.9436 122.1376 255.8938 1.6710 0.5683 0.5856 -14.7566 2.2013 21.0254 -0.6184 0.1083
Pedestrian -1 -1 -1.4608 49.7016 150.4190 66.4542 187.5778 1.9278 0.6157 0.7414 -28.7487 0.3686 37.1523 -2.1132 0.1050
Cyclist -1 -1 -1.0480 420.6454 171.4238 441.2181 199.1773 1.7259 0.4601 1.7352 -11.0366 1.1628 44.8611 -1.2858 0.4284
Cyclist -1 -1 0.7131 775.3787 162.5965 841.2799 238.5811 1.6356 0.5701 1.3911 4.5295 1.2519 15.9523 0.9863 0.1260
Cyclist -1 -1 -1.7926 810.7715 121.2325 856.0259 218.1833 1.6780 0.4274 1.6505 4.1540 0.6538 13.0721 -1.4896 0.1126
Car -1 -1 -1.6139 544.0948 165.5483 567.6744 187.3393 1.6016 1.6306 3.9505 -3.7740 0.5039 54.0145 -1.6815 0.3194
Car -1 -1 1.2714 633.0772 168.1266 662.9282 185.2927 1.5855 1.6588 4.2810 4.0977 0.4438 67.5745 1.3334 0.1302
