Pedestrian -1 -1 1.9199 906.5424 179.4252 928.6671 209.8555 1.6870 0.6303 1.6810 17.5312 2.0700 41.1864 2.3192 0.1318
Pedestrian -1 -1 1.0592 811.4835 159.0565 837.2546 194.6741 1.7390 0.5670 1.4999 10.6527 1.0657 36.0203 1.3442 0.1167
Cyclist -1 -1 2.1063 903.2519 179.6265 931.0327 210.0824 1.6897 0.6426 1.7847 17.4957 2.0839 41.1674 2.5050 0.3340
Cyclist -1 -1 1.0566 811.7302 159.0634 837.7781 194.5412 1.7306 0.5643 1.5241 10.6653 1.0582 35.9991 1.3421 0.2911
Car -1 -1 0.5634 1089.9990 175.7222 1221.9104 217.9505 1.5668 1.6299 3.9999 21.9265 1.6919 29.2209 1.2019 0.5702
Car -1 -1 2.1261 229.1112 188.1079 278.8629 209.9349 1.5346 1.6204 3.9002 -27.3819 2.7525 55.5702 1.6699 0.4968
Car -1 -1 1.8648 372.1151 183.2865 408.9254 204.2019 1.5453 1.6712 4.1490 -17.4483 2.4064 57.4508 1.5709 0.4802
Car -1 -1 2.1187 299.4951 185.0182 346.2924 205.4603 1.5151 1.6219 4.0667 -23.1096 2.5322 58.1658 1.7418 0.4085
Car -1 -1 2.1667 0.0000 184.5356 74.4598 253.1509 1.9414 1.7515 4.3544 -19.7666 2.3577 23.4330 1.4715 0.3884
Car -1 -1 -1.6541 563.8414 174.1190 587.0782 192.9691 1.5170 1.6176 3.8981 -2.9428 1.6268 60.3769 -1.7029 0.3148
Car -1 -1 0.9615 867.8373 181.8728 937.3355 212.5556 1.6903 1.7236 4.2658 17.4580 2.2610 43.3555 1.3414 0.2134
