Car -1 -1 -1.4568 432.1191 179.2630 500.1976 231.0939 1.5164 1.6651 4.3214 -4.5162 1.3434 23.2452 -1.6469 0.9282
Car -1 -1 -1.2953 315.4424 189.3122 441.5577 266.5630 1.3900 1.5490 3.5804 -4.6522 1.4866 14.9294 -1.5927 0.9147
Car -1 -1 -0.9584 47.4777 185.6033 206.6213 248.7806 1.5367 1.6400 3.8560 -12.8509 1.5494 19.4611 -1.5359 0.9099
Car -1 -1 -1.5970 571.7556 174.8831 655.6070 255.0264 1.6097 1.6876 3.5723 0.0271 1.4033 16.2414 -1.5958 0.8939
Car -1 -1 -1.1535 228.9851 185.8705 354.4090 246.2726 1.4423 1.6174 3.8277 -8.2903 1.4626 19.1273 -1.5577 0.8712
Car -1 -1 -1.3001 393.7622 180.5408 449.6397 215.2900 1.4730 1.5273 3.5573 -8.3174 1.2760 32.2628 -1.5507 0.4176
Car -1 -1 2.2219 0.0000 190.0896 43.9296 286.9910 1.4457 1.5873 3.8266 -12.3250 1.5478 12.9044 1.4697 0.3686
Car -1 -1 -1.2702 350.0167 167.4182 409.3836 206.9385 2.0099 1.7935 4.5047 -12.2505 1.1059 38.8115 -1.5742 0.3598
Car -1 -1 1.5204 635.8934 178.5862 658.5435 198.2275 1.4952 1.5792 3.9185 3.0654 0.9917 56.6814 1.5738 0.3501
Car -1 -1 1.6513 539.4982 172.3173 575.7061 202.9776 1.5479 1.6028 4.0994 -2.6542 0.8978 38.3467 1.5824 0.2376
