Car -1 -1 -1.7733 702.2401 186.5024 821.0927 272.4201 1.5447 1.6376 4.3669 3.1055 1.8866 15.8610 -1.5845 0.9103
Car -1 -1 1.7414 443.4094 194.6738 524.3838 256.5790 1.4999 1.6368 4.0560 -3.5935 2.1950 20.9397 1.5727 0.9090
Car -1 -1 1.8871 245.1204 205.3142 456.3766 341.0899 1.4171 1.6208 4.1388 -3.5556 1.9870 10.5881 1.5695 0.8959
Car -1 -1 -1.8636 736.5181 194.5250 971.4507 346.9946 1.4323 1.5940 4.3319 2.8329 1.7856 9.5718 -1.5856 0.8929
Car -1 -1 -1.6780 688.9538 186.8888 755.5119 246.3795 1.5409 1.5444 3.5073 3.1859 1.9905 21.3088 -1.5326 0.8537
Car -1 -1 2.0972 0.0000 215.1475 335.1666 375.0000 1.4306 1.5258 3.6134 -3.4216 1.8416 5.1693 1.5351 0.8453
Car -1 -1 1.7129 389.9994 197.9548 483.3073 278.2843 1.4712 1.5279 3.5757 -3.8264 2.0999 16.2137 1.4839 0.8194
Car -1 -1 -2.2224 877.9318 196.9262 1242.0000 375.0000 1.5391 1.5777 3.8583 2.8089 1.7232 3.5561 -1.5947 0.6766
Car -1 -1 -1.9382 635.2122 187.5471 687.0488 219.8237 1.7358 1.6852 4.1821 2.9576 2.6596 43.0941 -1.8709 0.4944
Car -1 -1 -0.3227 887.2820 172.0755 1012.3326 214.1162 1.5903 1.6621 4.1270 13.2154 1.5612 28.3421 0.1092 0.3727
Car -1 -1 1.3923 599.9434 188.1886 629.9327 209.4599 1.5397 1.6634 4.2263 0.3297 2.8129 57.6595 1.3974 0.3092
