Pedestrian -1 -1 -1.6969 892.5761 143.3793 943.9256 258.0606 1.7736 0.6718 0.6411 4.9088 1.1277 11.5119 -1.3028 0.3626
Car -1 -1 -1.3011 262.3293 187.4100 468.9189 317.5354 1.4835 1.6531 4.2986 -3.2559 1.5231 10.4347 -1.5966 0.9365
Car -1 -1 -1.1461 180.6590 185.2663 328.4016 260.6599 1.4995 1.6131 3.5645 -7.7724 1.5019 16.0935 -1.5898 0.9010
Car -1 -1 -1.3780 419.9740 174.0054 519.6248 248.4337 1.6451 1.6637 4.1052 -3.3490 1.3984 17.9462 -1.5602 0.8928
Car -1 -1 -1.5861 559.5009 177.8098 620.0966 235.4528 1.5615 1.6444 3.4708 -0.6067 1.3620 21.2392 -1.6147 0.8715
Car -1 -1 -1.5035 500.7159 179.0467 547.6812 218.3249 1.4867 1.6252 4.1143 -3.3746 1.2543 29.2981 -1.6176 0.8054
Car -1 -1 -1.1968 315.7469 182.4169 378.7715 214.3597 1.4658 1.5834 3.8252 -12.6051 1.3385 34.9192 -1.5411 0.6695
Car -1 -1 -0.9704 0.0000 219.6024 326.5940 376.0000 1.4432 1.5404 3.5954 -3.0871 1.7252 4.0554 -1.5901 0.5931
Car -1 -1 -1.3896 368.3044 177.4544 428.9332 218.4254 1.4925 1.5924 3.9340 -8.1629 1.2109 28.2192 -1.6690 0.4334
Car -1 -1 2.2118 19.1407 178.8187 114.6345 213.0665 1.5542 1.5863 4.0044 -25.9516 1.2650 34.6210 1.5721 0.2676
