Pedestrian -1 -1 -1.8568 900.5917 137.5740 929.3096 196.9026 1.8637 0.6399 0.8105 9.7099 0.7558 23.1005 -1.4635 0.3920
Pedestrian -1 -1 2.4109 762.7078 130.6501 809.1354 202.8428 1.8105 0.6332 0.9965 4.4880 0.7524 18.6086 2.6438 0.1514
Pedestrian -1 -1 -2.1692 800.9619 132.7840 840.2669 205.0522 1.8545 0.6592 0.7924 5.4891 0.8266 18.9930 -1.8923 0.1451
Pedestrian -1 -1 -2.0080 729.2863 143.0504 773.2092 203.5287 1.7872 0.6470 1.7343 4.2847 0.9068 22.2394 -1.8204 0.1221
Cyclist -1 -1 -1.8693 730.4661 147.8150 768.4132 206.0682 1.7320 0.6348 1.8359 4.2598 0.9879 22.3979 -1.6841 0.3026
Car -1 -1 1.8037 448.3979 168.4985 546.6109 240.4678 1.7404 1.6878 4.2429 -2.9699 1.6355 19.6309 1.6548 0.9234
Car -1 -1 1.8146 202.1646 186.2955 460.6399 370.9700 1.5329 1.7038 4.2785 -2.9465 1.7328 8.5080 1.4897 0.9205
Car -1 -1 1.7310 381.7295 163.4007 504.4987 272.2043 1.8385 1.6803 4.2497 -3.1879 1.6791 14.3571 1.5156 0.9107
Car -1 -1 -1.2332 646.1841 169.7273 695.9348 200.3527 1.5033 1.5648 3.2780 3.1543 1.3502 37.2311 -1.1498 0.7619
Car -1 -1 1.4867 729.4159 171.2838 777.3386 210.4831 1.5219 1.6054 3.9861 5.8672 1.4613 30.0778 1.6770 0.2070
