Pedestrian -1 -1 -1.0688 58.0697 168.5039 108.5800 241.1405 1.8364 0.6759 0.9687 -13.7266 1.7268 18.7613 -1.6938 0.2893
Car -1 -1 1.9473 327.2277 184.1050 452.1797 253.2485 1.5327 1.6764 4.1749 -5.6296 1.8605 18.8461 1.6603 0.9081
Car -1 -1 2.1293 14.3920 193.4209 313.1864 345.8012 1.5543 1.6085 3.7915 -5.7331 1.8891 9.8041 1.6114 0.9006
Car -1 -1 1.2579 730.2331 180.7317 884.2294 273.0121 1.4157 1.5770 3.8174 3.4037 1.5834 13.3603 1.5012 0.8891
Car -1 -1 -1.8488 687.6340 179.1297 790.6789 242.1814 1.4554 1.6066 4.0178 3.2450 1.6405 19.1545 -1.6844 0.8266
Car -1 -1 -1.7161 664.7382 175.0049 720.8226 217.4232 1.5057 1.5867 3.7886 3.0659 1.5944 27.7258 -1.6077 0.7612
Car -1 -1 -2.2623 942.9099 178.2215 1242.0000 375.0000 1.4748 1.6034 3.9232 3.3205 1.5169 3.6433 -1.5632 0.6730
Car -1 -1 1.7542 465.7594 179.8272 514.6430 214.4599 1.4896 1.5557 4.0039 -5.5945 1.8367 33.8615 1.5913 0.6284
Car -1 -1 -1.7685 657.2203 175.6664 704.4170 209.9653 1.4740 1.4891 3.4616 3.1556 1.6104 33.0993 -1.6748 0.5630
Car -1 -1 0.6289 31.3711 183.6018 183.6270 231.8761 1.4423 1.5613 3.7454 -15.8176 1.7940 22.7543 0.0268 0.4530
Car -1 -1 1.7412 492.3556 177.6773 532.3635 207.8033 1.5409 1.5635 3.6660 -5.3124 1.8168 39.3591 1.6074 0.3042
Car -1 -1 1.9659 341.1356 164.5311 393.7658 191.6460 1.6908 1.6839 4.4381 -15.8417 1.1722 47.2644 1.6440 0.3005
Car -1 -1 1.0799 0.0000 171.4656 76.2199 205.3191 1.5242 1.6089 3.8558 -27.2529 1.4620 33.9859 0.4077 0.2947
