Pedestrian -1 -1 2.1770 26.8519 170.7380 250.9076 375.0000 1.6395 0.6257 0.8913 -2.5839 1.6296 3.9681 1.6288 0.6067
Pedestrian -1 -1 -2.9334 541.9874 167.0674 565.6167 215.1838 1.7014 0.5917 0.7386 -2.0537 1.4971 25.8512 -3.0125 0.3901
Pedestrian -1 -1 -1.7005 0.0000 189.3082 77.5735 375.0000 1.7232 0.5721 0.6284 -4.2285 1.8493 5.0899 -2.3686 0.2237
Pedestrian -1 -1 0.2339 835.7269 141.1037 879.8551 237.0356 1.6761 0.4920 0.6588 4.4100 1.1218 12.9866 0.5539 0.1806
Pedestrian -1 -1 -2.1777 910.5469 154.9182 984.9166 291.4492 1.7030 0.6720 0.5578 4.3051 1.4796 9.3337 -1.7583 0.1607
Pedestrian -1 -1 -1.9093 1005.8046 153.5245 1082.7142 295.3396 1.6844 0.6463 0.5950 5.2960 1.4551 8.9182 -1.3885 0.1433
Pedestrian -1 -1 -2.8065 542.5247 158.0471 560.2112 198.3887 1.7858 0.6621 0.6067 -2.6648 1.1307 32.3343 -2.8884 0.1392
Pedestrian -1 -1 -0.4500 854.2620 140.8276 915.7302 254.7969 1.6812 0.5482 0.7001 4.1106 1.2091 10.9486 -0.1002 0.1246
Cyclist -1 -1 2.2004 40.5289 172.5518 263.0612 375.0000 1.6371 0.5997 0.9666 -2.5867 1.6360 4.0904 1.6642 0.2001
Cyclist -1 -1 -2.9334 541.9874 167.0674 565.6167 215.1838 1.7014 0.5917 0.7386 -2.0537 1.4971 25.8512 -3.0125 0.1103
Car -1 -1 1.5471 619.7117 163.4005 647.5292 190.6919 1.5667 1.5695 3.8187 1.3483 1.0244 43.3325 1.5777 0.6349
Car -1 -1 2.1612 162.6920 190.7827 463.5357 335.6586 1.4225 1.6567 4.2076 -3.7327 1.7240 9.8758 1.8078 0.1636
Car -1 -1 -1.4692 727.0805 159.3452 752.2819 181.2109 1.7938 1.7018 4.1847 11.0507 0.6859 61.4344 -1.2922 0.1290
