Pedestrian -1 -1 -1.7278 380.8284 129.8573 403.4756 184.9544 1.8424 0.6490 0.6205 -7.4586 0.4050 24.5453 -2.0200 0.4568
Car -1 -1 1.9474 169.7472 168.5241 449.9287 336.4802 1.5318 1.6094 3.9521 -3.2424 1.4927 8.5729 1.5951 0.9065
Car -1 -1 1.1983 740.3497 193.7296 1068.0317 375.0000 1.4434 1.6865 4.2010 2.7048 1.7347 7.9078 1.5150 0.9050
Car -1 -1 1.3962 675.4498 178.5100 753.8505 230.9213 1.4064 1.6328 4.0663 3.0171 1.5944 21.8688 1.5307 0.8779
Car -1 -1 1.7595 430.7243 171.5720 521.7262 241.8197 1.5195 1.5204 3.4167 -3.1540 1.4922 17.3214 1.5814 0.8728
Car -1 -1 1.6898 489.3531 170.1227 551.8196 219.7065 1.5401 1.6217 4.0703 -2.9863 1.4556 24.4450 1.5690 0.7130
Car -1 -1 -0.8255 0.0000 177.2552 314.5175 375.0000 1.4734 1.6281 4.0379 -2.8735 1.5036 2.8577 -1.5682 0.6828
Car -1 -1 -1.6334 650.5643 171.7634 681.6373 199.2658 1.5285 1.5719 3.4635 3.1816 1.4683 41.8403 -1.5585 0.5480
Car -1 -1 1.7906 562.9388 168.3906 592.9745 187.8598 1.5543 1.6378 4.0732 -2.6382 1.1984 59.7502 1.7464 0.4504
Car -1 -1 -2.5278 974.2673 193.7535 1242.0000 375.0000 1.5817 1.6106 3.7277 3.0337 1.7069 2.3683 -1.6795 0.3921
