Pedestrian -1 -1 1.4625 973.5405 158.7167 1067.3864 333.2617 1.6627 0.7235 0.8224 4.2108 1.4470 7.3580 1.9614 0.8324
Pedestrian -1 -1 1.7446 380.1715 168.1841 430.1928 277.7825 1.7582 0.6611 0.9185 -3.3071 1.5459 12.0097 1.4757 0.8024
Pedestrian -1 -1 -0.8388 665.6342 178.8471 700.1634 230.0540 1.7111 0.7055 0.9754 2.7665 1.6236 24.5900 -0.7333 0.7798
Pedestrian -1 -1 -1.1135 512.2017 177.2062 541.5662 233.8162 1.6181 0.5437 0.8387 -2.2045 1.4965 21.0166 -1.2220 0.7578
Pedestrian -1 -1 -1.0732 622.6100 172.6495 646.7295 217.1160 1.7664 0.6264 0.8980 1.3319 1.4158 29.0789 -1.0330 0.6071
Pedestrian -1 -1 -1.4047 646.0533 174.4613 656.0300 199.8827 1.8147 0.5776 0.9272 3.5952 1.3129 51.7931 -1.3408 0.5192
Pedestrian -1 -1 -2.0439 409.1383 167.6909 448.1048 240.1263 1.7874 0.5995 0.9383 -4.4342 1.4478 18.2733 -2.2840 0.4737
Pedestrian -1 -1 -3.2379 707.5719 166.0245 722.6957 196.0915 1.7797 0.4745 0.8449 6.7711 0.8645 42.7776 -3.0868 0.3278
Pedestrian -1 -1 1.7181 637.1709 174.5355 647.9719 205.4603 1.7360 0.5213 0.6774 2.3328 1.3458 40.7045 1.7699 0.2889
Pedestrian -1 -1 -3.1257 650.7498 171.0306 665.5715 200.5735 1.8287 0.5540 0.9154 3.5440 1.1814 44.7802 -3.0522 0.2686
Pedestrian -1 -1 2.4199 558.5514 176.3656 606.5237 221.6396 1.6793 0.8420 1.7126 -0.7348 1.4899 27.5345 2.3882 0.2283
Cyclist -1 -1 2.2023 557.8564 176.0402 604.1248 221.7849 1.6884 0.8474 1.8538 -0.7859 1.4879 27.5155 2.1687 0.4827
Cyclist -1 -1 -1.1487 512.8398 176.1618 541.8726 234.6169 1.6697 0.5422 0.8643 -2.1896 1.5184 21.0107 -1.2566 0.1081
