Pedestrian -1 -1 -3.4494 1145.7310 201.8037 1182.0968 260.7094 1.7669 0.7414 0.7060 17.2679 2.6915 22.5660 -2.8035 0.2688
Car -1 -1 -0.5563 857.4977 180.9019 1242.0000 342.3288 1.5054 1.5740 3.4953 4.5948 1.6006 7.6553 -0.0335 0.8758
Car -1 -1 3.7864 0.0000 181.9755 215.8699 313.9642 1.4929 1.6122 3.8019 -7.3839 1.6193 9.1221 3.1200 0.8518
Car -1 -1 -1.8209 458.1730 177.8232 498.5525 203.5101 1.5626 1.6523 3.9352 -8.6193 1.9003 46.8492 -2.0022 0.7680
Car -1 -1 -0.4370 785.4951 183.5138 1125.7207 305.0521 1.5223 1.6424 3.9592 4.5780 1.6840 10.0501 -0.0216 0.7161
Car -1 -1 3.6240 0.0000 173.3074 244.5806 276.1335 1.4942 1.6026 3.7546 -8.1711 1.5024 11.5183 3.0177 0.6960
Car -1 -1 3.5433 47.3912 172.8567 305.6490 265.0498 1.6653 1.7111 3.9844 -8.3433 1.6657 14.1258 3.0177 0.6575
Car -1 -1 -2.3276 1048.5168 182.5407 1128.2010 209.5180 1.4614 1.6321 3.9783 28.1737 2.0632 42.6954 -1.7480 0.6237
Car -1 -1 0.4417 151.1027 176.7606 346.9255 246.1661 1.5131 1.5881 3.7196 -8.2641 1.6080 16.6383 -0.0133 0.5946
Car -1 -1 -1.5384 1179.2195 186.1004 1238.2777 231.4588 1.4762 1.5746 3.7614 22.0214 1.9994 26.5430 -0.8519 0.4942
Car -1 -1 -1.2165 3.2331 142.1557 88.0303 186.2980 1.8652 1.6967 4.0909 -25.4826 0.5684 32.6911 -1.8747 0.3049
Car -1 -1 -1.5810 325.7578 177.3908 369.4009 217.8610 1.5408 1.6055 4.0087 -11.0064 1.7441 30.1111 -1.9290 0.2664
