Pedestrian -1 -1 -3.1542 711.6650 161.9042 742.6158 256.0569 1.7654 0.7260 0.5741 2.2014 1.5605 13.9262 -3.0017 0.3697
Pedestrian -1 -1 -1.5598 377.5793 162.4846 401.7354 222.1945 1.8168 0.7063 1.0120 -6.9212 1.5016 22.5363 -1.8549 0.2440
Pedestrian -1 -1 0.5130 116.5651 166.3497 163.4746 244.0129 1.7309 0.4628 0.7608 -10.6814 1.5863 16.3319 -0.0590 0.1540
Pedestrian -1 -1 0.1481 331.2564 172.8135 364.1965 253.6250 1.7304 0.6599 0.5874 -5.7960 1.7299 15.8284 -0.1981 0.1378
Pedestrian -1 -1 0.6237 280.6951 166.0231 306.5672 214.1367 1.7586 0.5341 0.6964 -11.7506 1.5093 26.7051 0.2125 0.1234
Cyclist -1 -1 -1.5598 377.5793 162.4846 401.7354 222.1945 1.8168 0.7063 1.0120 -6.9212 1.5016 22.5363 -1.8549 0.1244
Cyclist -1 -1 -0.6911 78.3101 152.2143 137.2554 207.8439 1.7470 0.4592 1.6637 -16.3878 1.0992 23.5197 -1.2945 0.1160
Car -1 -1 -1.5506 578.8925 165.1774 607.1742 193.5558 1.5654 1.5601 3.4633 -0.9777 1.1423 41.5338 -1.5744 0.4928
Car -1 -1 1.4858 1205.4734 174.3861 1242.0000 207.3784 1.5173 1.5614 3.9581 30.4012 1.5973 35.4374 2.1904 0.1175
Car -1 -1 0.9929 972.9385 173.2755 1027.8969 194.8304 1.5519 1.6198 4.1358 29.2049 1.5852 54.1610 1.4849 0.1110
Car -1 -1 2.0479 204.4843 180.1034 299.2247 221.9934 1.4358 1.5790 3.9316 -13.5158 1.7314 27.3976 1.5932 0.1087
Car -1 -1 1.3706 721.6288 170.1498 753.6586 191.2605 1.5186 1.5789 4.0161 9.4698 1.3244 53.9287 1.5432 0.1043
Car -1 -1 -1.0911 123.5798 131.5673 243.2406 185.0049 1.5584 1.6218 3.9678 -13.5125 0.3547 23.0582 -1.6162 0.1031
