Pedestrian -1 -1 1.8842 434.2532 176.6014 468.7036 240.2682 1.8220 0.6922 1.0855 -4.7123 1.9360 21.2879 1.6683 0.6834
Pedestrian -1 -1 1.1824 628.4101 166.5169 645.8802 203.4760 1.8440 0.5320 1.0316 1.3338 1.5282 36.5733 1.2180 0.3441
Cyclist -1 -1 1.8918 432.9120 177.5222 470.5914 241.8318 1.8214 0.7017 1.3226 -4.6871 1.9636 21.2282 1.6764 0.2597
Cyclist -1 -1 1.1465 628.4400 166.2966 646.0178 203.2712 1.8454 0.5278 0.9900 1.3382 1.5185 36.5674 1.1823 0.1565
Car -1 -1 1.8178 320.9698 186.2477 472.9480 283.6888 1.4878 1.7308 4.2839 -3.8904 1.7839 13.7706 1.5466 0.9269
Car -1 -1 -1.7780 698.9373 180.3101 828.4785 274.6434 1.4172 1.5224 3.3931 2.5280 1.5677 12.8176 -1.5887 0.8824
Car -1 -1 -1.6244 654.3792 177.5319 712.0005 228.7229 1.4916 1.6175 4.0497 2.2516 1.6573 23.4526 -1.5306 0.7897
Car -1 -1 0.2273 398.9344 176.1490 502.5338 216.9720 1.6708 1.6960 4.0028 -6.7240 1.8146 30.5411 0.0119 0.7884
Car -1 -1 -2.0791 829.4855 185.7572 1242.0000 375.0000 1.5138 1.6769 4.2989 2.8762 1.6380 4.7684 -1.5646 0.7716
Car -1 -1 -0.9817 0.0000 185.2959 334.6879 375.0000 1.4623 1.5406 3.7010 -3.1034 1.5671 4.1924 -1.5898 0.7295
Car -1 -1 1.4604 642.6550 152.6860 698.5903 200.3937 1.7810 1.7426 4.5309 2.3270 1.0285 29.2255 1.5387 0.3303
