Cyclist -1 -1 -1.8493 639.6740 179.4263 672.2075 250.1856 1.6180 0.3437 1.6010 1.0934 1.4867 17.2523 -1.7875 0.2918
Car -1 -1 -1.4199 364.4407 179.7132 478.5942 268.6310 1.6040 1.6914 4.0038 -3.7798 1.5059 15.0347 -1.6623 0.9574
Car -1 -1 -1.0478 35.3978 164.3375 208.8057 246.9340 2.0093 1.7867 4.7889 -13.2134 1.5025 19.9247 -1.6275 0.9454
Car -1 -1 -1.2266 200.6931 186.0817 331.2816 248.4213 1.4056 1.6264 4.3424 -8.6404 1.4318 18.5011 -1.6582 0.9166
Car -1 -1 -1.6379 535.6100 176.6205 589.6714 225.0092 1.6078 1.6830 3.5743 -1.7194 1.3234 25.7650 -1.7043 0.8734
Car -1 -1 -1.3282 321.9149 180.7851 392.0431 225.2530 1.5885 1.6654 3.8262 -9.5905 1.4314 27.6546 -1.6594 0.7579
Car -1 -1 -1.2681 312.5282 180.7260 361.9508 209.3474 1.5541 1.5932 3.7171 -15.3660 1.3114 40.9284 -1.6255 0.3861
Car -1 -1 -1.4038 418.4426 183.7514 480.5475 233.8692 1.5116 1.4574 3.1328 -5.0980 1.4686 23.2766 -1.6174 0.3538
Car -1 -1 2.1887 0.0000 192.8719 74.2294 376.0000 1.5638 1.6106 3.9662 -7.8079 1.6693 7.7068 1.4140 0.3413
Car -1 -1 -0.3575 0.0000 155.9141 62.1759 213.4236 1.5586 1.6044 3.9303 -19.0926 0.7656 21.5890 -1.0754 0.2374
Car -1 -1 -1.8130 339.4591 170.9940 394.9586 204.7508 1.5362 1.6112 4.1178 -11.7558 0.8901 34.8792 -2.1360 0.2088
Car -1 -1 1.5779 589.0535 184.9894 619.0154 214.3813 1.4979 1.5270 3.8218 -0.2192 1.4875 38.5430 1.5717 0.1956
