Pedestrian -1 -1 1.4252 455.7935 174.2937 489.4153 250.7132 1.7448 0.5656 1.5962 -3.3689 1.7814 17.3497 1.2355 0.1158
Cyclist -1 -1 1.7220 453.1205 174.9657 488.0773 252.6381 1.7566 0.5469 1.8810 -3.3726 1.8105 17.3177 1.5317 0.8316
Car -1 -1 -1.7397 627.1942 180.3773 690.1974 224.5594 1.4911 1.6591 4.2678 1.7116 1.7993 27.3122 -1.6785 0.9136
Car -1 -1 2.5179 890.8818 184.5957 1242.0000 335.8956 1.6203 1.7097 4.2301 5.8375 1.7806 8.8491 3.0848 0.8741
Car -1 -1 -0.5015 807.5836 188.9903 1106.7069 290.3518 1.4653 1.6329 4.1094 5.4457 1.7493 11.7086 -0.0767 0.8316
Car -1 -1 -0.4319 788.1130 171.0653 1035.4966 262.5421 1.6496 1.6911 4.0889 5.6655 1.6177 13.9649 -0.0547 0.7706
Car -1 -1 0.2990 294.0969 182.1089 442.5353 233.8976 1.4511 1.5783 3.8688 -7.1097 1.7358 21.3370 -0.0194 0.6898
Car -1 -1 0.7504 0.0000 176.9948 184.2099 343.0818 1.5462 1.6475 3.9351 -7.0038 1.5954 7.6309 0.0251 0.6629
Car -1 -1 -2.8019 336.3034 182.8006 470.7346 232.1339 1.5480 1.6384 3.9742 -6.8392 1.8918 23.9634 -3.0776 0.6593
Car -1 -1 -0.8319 1075.9811 183.9882 1242.0000 375.0000 1.4730 1.6231 3.8746 6.3669 1.5828 6.1742 -0.0554 0.5958
Car -1 -1 1.8035 428.8400 167.3129 479.1595 200.0255 1.5384 1.5881 3.8889 -7.7311 1.2782 35.8906 1.5926 0.5408
Car -1 -1 0.6369 0.0000 141.6156 291.7373 306.7039 2.1121 1.8668 4.8546 -7.3957 1.7128 10.2161 0.0224 0.4583
Car -1 -1 1.5028 614.0073 177.4663 644.7397 204.9564 1.5141 1.5409 3.6875 1.0617 1.7964 42.2418 1.5272 0.4310
