Pedestrian -1 -1 1.7251 380.0345 178.9033 419.6460 264.1878 1.7432 0.6719 0.9309 -4.5001 1.8763 15.3214 1.4433 0.8797
Pedestrian -1 -1 -1.5534 638.3269 169.7934 652.8253 210.7516 1.7439 0.6125 0.9737 1.5035 1.6139 31.2235 -1.5063 0.2177
Pedestrian -1 -1 2.1077 0.0000 136.1758 67.9490 289.8910 1.8104 0.5996 0.8454 -7.3683 1.3788 8.9552 1.4337 0.1804
Cyclist -1 -1 -1.5789 637.7984 171.7593 653.6807 212.7055 1.7390 0.6735 1.3234 1.5031 1.6928 31.3150 -1.5320 0.1678
Car -1 -1 1.9703 64.5824 187.8763 412.3360 375.0000 1.5188 1.7735 4.4799 -3.8003 1.7395 8.3266 1.5533 0.9400
Car -1 -1 -1.9028 764.7433 180.3540 1056.7731 374.8575 1.4572 1.5183 3.3735 2.6140 1.5502 7.2208 -1.5697 0.9090
Car -1 -1 -1.6909 667.8442 177.3309 756.5594 247.1038 1.5019 1.6492 4.0072 2.3487 1.6252 17.7969 -1.5627 0.8864
Car -1 -1 3.3639 353.1757 173.2229 483.7731 229.2818 1.8640 1.7629 4.0753 -6.5825 1.8776 24.9514 3.1080 0.8621
Car -1 -1 1.5116 538.0333 177.1552 559.6340 196.7964 1.6057 1.6120 3.9565 -5.3027 1.9878 61.9648 1.4262 0.2741
Car -1 -1 1.4074 632.1473 172.6705 671.1151 200.9543 1.5160 1.5640 3.9286 2.2636 1.5065 40.7094 1.4621 0.2251
