Pedestrian -1 -1 2.0925 322.1037 177.7761 401.0084 312.5691 1.7332 0.7461 0.7246 -3.2578 1.6866 9.6625 1.7694 0.9233
Pedestrian -1 -1 -1.7798 747.6053 180.1152 828.3905 331.8892 1.6991 0.7255 0.9689 2.1415 1.6849 8.5320 -1.5471 0.9091
Pedestrian -1 -1 -2.0138 704.5621 179.9778 764.7160 291.0922 1.6509 0.7010 0.6393 2.0012 1.6296 11.0729 -1.8449 0.9048
Pedestrian -1 -1 -1.6251 692.5867 177.5340 728.7877 278.7056 1.6949 0.5592 0.9773 1.8535 1.6298 12.5418 -1.4871 0.8249
Pedestrian -1 -1 -2.1850 785.4662 165.5850 835.2714 248.8541 1.8463 0.5542 1.1107 4.7614 1.4947 16.5414 -1.9143 0.7605
Pedestrian -1 -1 1.4381 245.1351 174.1762 305.2394 306.2307 1.7502 0.6894 0.5574 -4.5619 1.6545 9.9372 1.0117 0.6855
Pedestrian -1 -1 1.3736 916.8204 172.1773 981.7798 313.3064 1.6298 0.5604 0.7396 4.1564 1.5235 8.7170 1.8013 0.6625
Pedestrian -1 -1 -1.7754 639.8129 175.1411 674.9304 249.2283 1.8127 0.6589 1.1358 1.3699 1.6583 18.1800 -1.7067 0.6226
Pedestrian -1 -1 -2.1243 733.3652 177.2911 779.3159 258.4970 1.7194 0.5654 0.9455 3.3486 1.6315 15.7480 -1.9237 0.5930
Pedestrian -1 -1 -2.0349 686.7410 179.2372 708.3229 226.7561 1.8190 0.6278 0.5957 3.7082 1.7334 27.8794 -1.9092 0.5420
Pedestrian -1 -1 -2.6092 764.5393 164.8000 826.5901 259.7546 1.7167 0.5221 1.0001 3.6076 1.4160 13.5217 -2.3587 0.5364
Pedestrian -1 -1 -1.9358 669.2266 182.9063 690.2230 229.2928 1.7661 0.5674 0.7672 3.0086 1.8225 27.8186 -1.8344 0.5162
Pedestrian -1 -1 -1.8757 982.9414 178.3326 1058.6136 318.5606 1.5291 0.5426 0.7263 4.7425 1.4960 8.2400 -1.3727 0.5050
Cyclist -1 -1 -1.8313 638.7185 176.0325 679.0961 251.9594 1.8280 0.6134 1.5842 1.3970 1.6976 18.1279 -1.7610 0.5989
Cyclist -1 -1 -2.4815 764.6105 164.5377 826.9532 260.5320 1.7318 0.5182 1.0275 3.6082 1.4271 13.5215 -2.2310 0.1847
Cyclist -1 -1 -2.0436 734.2008 177.0004 779.4518 259.2505 1.7362 0.5628 1.0064 3.3516 1.6425 15.7211 -1.8425 0.1590
Cyclist -1 -1 -1.6216 692.4061 174.9174 728.2028 278.2570 1.7345 0.5558 0.9967 1.8518 1.6253 12.5748 -1.4841 0.1503
Cyclist -1 -1 -1.8822 982.6163 177.2901 1058.1909 319.2821 1.5497 0.5378 0.7293 4.7419 1.5051 8.2463 -1.3796 0.1333
Cyclist -1 -1 -1.8368 747.1685 178.2228 833.8369 333.7000 1.7340 0.7361 1.0149 2.1678 1.6988 8.5272 -1.6012 0.1071
Car -1 -1 1.7028 547.3546 184.5616 597.6596 223.7296 1.5606 1.6597 4.1781 -1.1970 1.7033 31.1084 1.6594 0.9066
