Pedestrian -1 -1 -0.2427 528.4883 184.3962 542.1856 209.4363 1.7241 0.7199 0.7971 -5.0567 1.6688 49.9652 -0.3436 0.1968
Car -1 -1 -1.4138 418.2184 188.4614 495.6094 245.0500 1.4890 1.6040 4.0631 -4.3844 1.5953 21.2138 -1.6155 0.8810
Car -1 -1 -1.3574 475.2715 185.0084 528.5694 221.1730 1.5310 1.6151 3.7392 -4.7308 1.5234 32.3496 -1.5019 0.8254
Car -1 -1 -1.6617 573.8089 181.6585 608.8795 210.2028 1.5398 1.6381 3.8195 -1.0028 1.3491 40.7667 -1.6866 0.6744
Car -1 -1 1.7658 374.2638 186.3160 429.3503 223.0637 1.4457 1.5364 3.7038 -8.6448 1.4961 30.2994 1.4898 0.4980
Car -1 -1 -1.5104 427.4168 181.1188 459.8702 208.3670 1.4804 1.5743 3.8987 -9.3660 1.2590 41.1031 -1.7334 0.4382
Car -1 -1 -1.7753 490.1382 184.5329 530.2449 211.6930 1.5206 1.5938 3.7996 -5.8109 1.4835 42.3000 -1.9115 0.3577
Car -1 -1 -1.3782 404.2130 181.4668 437.2222 203.4991 1.4908 1.5594 3.7327 -13.1296 1.2383 50.5484 -1.6314 0.3520
Car -1 -1 1.5983 457.3123 179.4330 482.7805 202.1750 1.5001 1.6134 3.9929 -9.4696 1.1198 49.5120 1.4099 0.2542
Car -1 -1 1.2566 507.9040 180.9028 545.7470 202.9245 1.5144 1.5791 3.8426 -5.8560 1.2189 51.5054 1.1435 0.2512
Car -1 -1 1.4567 671.2853 178.0507 706.6936 205.0378 1.5051 1.5958 4.0564 4.6833 1.1066 42.1193 1.5663 0.2062
