Pedestrian -1 -1 -1.6166 362.3915 145.7125 385.0005 201.9229 1.9081 0.7083 0.8202 -8.2369 0.9871 24.9994 -1.9320 0.3940
Pedestrian -1 -1 1.0552 683.1752 178.7012 705.2827 224.5526 1.7285 0.5159 0.8010 3.1971 1.9579 27.7873 1.1678 0.2521
Pedestrian -1 -1 -2.4606 977.2302 171.1047 1053.7462 312.1783 1.7469 0.6769 0.5655 5.1801 1.7256 9.3235 -1.9679 0.1474
Pedestrian -1 -1 2.9320 77.1178 168.8792 136.5714 260.4016 1.7412 0.5963 0.8602 -9.9801 1.6660 14.2419 2.3293 0.1428
Cyclist -1 -1 1.1478 686.8721 176.7242 708.4721 223.1652 1.7466 0.5089 0.8693 3.3188 1.8982 27.7060 1.2650 0.1227
Car -1 -1 1.8348 338.8737 184.4174 487.2901 281.7433 1.5601 1.7197 4.2501 -3.7115 1.8224 14.2062 1.5829 0.9405
Car -1 -1 1.7758 439.6696 174.1694 518.4023 235.9286 1.7444 1.6259 3.9766 -4.0188 1.7894 22.4748 1.6003 0.8635
Car -1 -1 1.9591 518.5927 174.4391 574.4650 203.4940 1.4968 1.6061 4.1455 -3.4545 1.5891 39.6289 1.8723 0.4815
Car -1 -1 -1.2129 322.4471 173.5141 400.8647 218.0185 1.8481 1.7821 4.7022 -11.0690 1.8802 32.4074 -1.5399 0.2177
Car -1 -1 0.8065 1030.8706 186.7290 1242.0000 375.0000 1.4846 1.5641 3.7296 4.2483 1.6009 4.1613 1.5667 0.2092
Car -1 -1 1.1921 710.9962 140.4916 779.8029 178.1579 1.5483 1.6100 3.9531 5.8340 0.2184 31.7541 1.3721 0.1658
