Pedestrian -1 -1 -2.0503 805.0623 147.2138 869.0024 252.6741 1.6787 0.6603 0.8991 3.8550 1.1342 11.9326 -1.7495 0.8966
Pedestrian -1 -1 -1.0700 1046.3392 149.8055 1165.4453 334.9645 1.6435 0.7169 0.6370 4.7411 1.3636 6.8393 -0.4872 0.8795
Pedestrian -1 -1 1.5471 540.7603 158.9520 569.6699 230.6094 1.8893 0.7504 1.0377 -1.2952 1.2960 19.4887 1.4763 0.8358
Pedestrian -1 -1 -2.2635 15.2680 175.5652 166.2273 374.0000 1.5547 0.5536 0.7030 -3.6540 1.5170 5.0888 -2.8687 0.7757
Pedestrian -1 -1 1.5915 716.4296 150.5870 742.8430 221.2430 1.7587 0.6493 0.7061 3.2331 0.9904 18.2846 1.7590 0.7317
Pedestrian -1 -1 2.1694 466.5306 158.6728 517.6890 241.1647 1.8502 0.7234 1.0354 -2.5711 1.3394 16.7315 2.0140 0.7224
Pedestrian -1 -1 -0.7076 568.0487 157.6553 614.5485 234.3032 1.6656 0.7017 0.7733 -0.2640 1.1486 16.1262 -0.7289 0.6925
Pedestrian -1 -1 1.7641 569.2625 158.5964 586.4186 204.1858 1.7991 0.5434 0.8270 -0.9594 0.8963 28.7964 1.7261 0.5296
Pedestrian -1 -1 1.9064 552.1795 158.2328 578.6366 214.3995 1.8800 0.6035 1.0362 -1.2513 1.1023 24.6222 1.8511 0.4357
Pedestrian -1 -1 -0.8254 599.4752 161.4212 627.0413 207.2562 1.7729 0.6111 0.9441 0.4505 0.9973 28.3362 -0.8147 0.4321
Pedestrian -1 -1 -1.7847 616.1693 161.4394 634.7261 208.5747 1.7527 0.5311 0.8343 0.8834 1.0078 27.1667 -1.7575 0.4282
Pedestrian -1 -1 1.8452 532.4091 157.6944 550.8168 202.7798 1.8733 0.5490 0.9273 -2.5382 0.8852 30.3509 1.7575 0.4218
Pedestrian -1 -1 1.7821 354.7929 161.5308 436.5552 327.5314 1.7196 0.6320 1.2834 -2.3312 1.5141 8.1000 1.5043 0.3554
Pedestrian -1 -1 1.0985 694.0717 150.3923 768.3622 247.5135 1.6912 0.6054 1.7778 2.3503 1.1508 13.4450 1.2630 0.1136
Cyclist -1 -1 1.7843 347.4553 162.8995 432.1660 326.0762 1.6731 0.6137 1.5119 -2.4006 1.4838 8.1385 1.5000 0.6394
Cyclist -1 -1 1.1183 696.1625 152.8127 770.5165 248.9705 1.6655 0.5756 1.8897 2.3831 1.1699 13.4271 1.2853 0.5886
Cyclist -1 -1 -1.5736 605.4921 161.0303 620.9098 207.3610 1.7917 0.5962 0.9844 0.4394 1.0011 28.2707 -1.5633 0.1457
Cyclist -1 -1 1.9064 552.1795 158.2328 578.6366 214.3995 1.8800 0.6035 1.0362 -1.2513 1.1023 24.6222 1.8511 0.1314
