Pedestrian -1 -1 -1.8515 705.1990 171.1783 732.8008 226.4383 1.7351 0.6365 0.9405 3.4455 1.6828 23.1612 -1.7064 0.2258
Pedestrian -1 -1 -0.4865 785.2062 143.0624 822.0709 221.6616 1.8188 0.6633 0.6001 4.5301 1.1298 17.0856 -0.2320 0.2092
Cyclist -1 -1 -2.9271 423.1686 176.3388 487.3318 235.2878 1.6653 0.5177 1.7275 -4.4704 1.7668 20.6738 -3.1380 0.1816
Cyclist -1 -1 -1.8430 704.0717 171.7807 733.3222 227.2294 1.7350 0.6667 1.0442 3.4302 1.7018 23.1343 -1.6984 0.1550
Car -1 -1 -1.8996 781.5849 175.4090 1004.9901 300.6774 1.4381 1.6153 4.1578 3.7273 1.4829 10.4479 -1.5667 0.8808
Car -1 -1 -1.3993 544.0784 181.0907 611.3062 226.6351 1.4143 1.6600 4.2602 -1.0894 1.7302 25.4241 -1.4424 0.8742
Car -1 -1 1.6337 584.2046 173.2692 623.6138 208.2500 1.5537 1.6216 3.9257 -0.2746 1.5749 34.0973 1.6252 0.8128
Car -1 -1 -1.6799 686.3138 174.2625 725.2515 204.7450 1.5359 1.6242 3.9532 5.0250 1.6154 38.5295 -1.5516 0.2851
Car -1 -1 1.4527 683.6704 173.6388 710.6204 193.9473 1.5129 1.6020 4.0075 6.6896 1.5762 55.9074 1.5708 0.1846
Car -1 -1 -1.7575 706.7543 139.2822 797.2773 238.7743 2.6330 1.8163 4.1968 3.9938 1.7449 21.1942 -1.5746 0.1338
