Car -1 -1 -0.2992 707.8846 180.9623 883.0845 248.1761 1.4603 1.5589 3.6421 4.1819 1.6591 16.7740 -0.0598 0.9028
Car -1 -1 3.4947 192.5041 178.3431 380.6864 244.7321 1.5345 1.6355 3.9026 -7.8895 1.6771 17.7614 3.0818 0.8595
Car -1 -1 -0.7215 896.5240 180.4279 1242.0000 375.0000 1.5084 1.6186 3.8243 4.5404 1.5817 5.9606 -0.0949 0.8486
Car -1 -1 3.7277 0.0000 181.6282 228.7722 314.4146 1.5986 1.6965 4.1427 -7.7671 1.7303 9.8074 3.0709 0.8175
Car -1 -1 0.6174 31.8266 179.5007 302.3141 274.4044 1.5217 1.5983 3.8382 -7.6981 1.6474 12.6492 0.0797 0.7473
Car -1 -1 3.2998 244.2821 175.8238 390.8058 229.3821 1.5685 1.6648 4.0211 -9.0475 1.6667 22.5187 2.9215 0.4780
Car -1 -1 -0.3772 683.8304 182.7653 840.7989 243.8153 1.5081 1.6074 3.7841 3.9797 1.7892 19.3123 -0.1779 0.4418
Car -1 -1 0.2104 289.8678 171.0426 408.2259 215.8065 1.5095 1.5945 3.6577 -9.1324 1.4488 25.3598 -0.1322 0.3830
Car -1 -1 -1.7972 456.9522 178.5100 489.0262 198.9793 1.4795 1.5873 3.8714 -10.5781 1.9306 55.3977 -1.9854 0.3612
Car -1 -1 3.8202 0.0000 188.4782 102.5405 364.1281 1.4750 1.6250 3.9830 -7.8008 1.6561 7.2921 3.0194 0.3373
Car -1 -1 1.0274 944.6859 183.0606 1001.7986 205.6544 1.5095 1.6572 4.4083 26.3259 2.2847 52.5132 1.4894 0.2785
Car -1 -1 3.3714 213.4403 175.8300 370.1655 233.6818 1.5155 1.6193 3.7286 -8.8088 1.6036 20.1416 2.9636 0.2701
