Pedestrian -1 -1 -2.2799 311.1856 181.9544 332.4168 214.2316 1.6764 0.7410 0.7422 -15.3150 2.1656 38.2545 -2.6586 0.2767
Pedestrian -1 -1 0.9934 992.8779 104.5261 1046.3685 185.8759 1.8922 0.6650 1.0144 9.7612 0.3032 17.3096 1.4999 0.2765
Pedestrian -1 -1 -0.5066 952.6686 139.8838 980.3051 189.6392 1.7708 0.5755 0.6997 12.7894 0.5977 25.9828 -0.0537 0.2111
Pedestrian -1 -1 -3.2969 962.6616 149.3869 981.4360 182.2808 1.9156 0.5641 0.9085 21.2489 0.5493 42.4230 -2.8353 0.1721
Pedestrian -1 -1 1.2777 1208.3866 93.3691 1242.0000 186.7138 1.8254 0.6490 0.7132 12.5637 0.2714 14.5635 1.9801 0.1617
Pedestrian -1 -1 0.7438 747.5201 163.0977 774.7761 198.5255 1.8064 0.6035 1.3266 7.8128 1.3093 37.5022 0.9473 0.1574
Cyclist -1 -1 2.9962 328.6560 178.2194 364.2928 208.4821 1.7047 0.7863 1.8409 -15.2639 2.0210 41.7020 2.6471 0.7546
Cyclist -1 -1 0.9410 747.7003 164.4094 775.6092 199.6536 1.7876 0.5755 1.6107 7.8223 1.3597 37.4466 1.1450 0.2798
Cyclist -1 -1 0.9934 992.8779 104.5261 1046.3685 185.8759 1.8922 0.6650 1.0144 9.7612 0.3032 17.3096 1.4999 0.1336
Cyclist -1 -1 -2.3197 311.3782 181.6311 333.9373 214.5378 1.7081 0.7594 0.8153 -15.2652 2.1800 38.2443 -2.6974 0.1079
Car -1 -1 1.5630 586.8797 171.6358 617.0723 200.1763 1.5090 1.5971 4.0755 -0.5028 1.4450 40.2017 1.5501 0.5755
Car -1 -1 3.0082 329.2434 178.0597 364.9498 208.1757 1.7003 0.7802 1.8560 -15.2561 2.0077 41.7790 2.6598 0.1124
