Pedestrian -1 -1 -1.8895 1201.7717 162.8924 1238.0955 218.7822 1.7577 0.7219 0.6383 19.4884 1.4448 23.1185 -1.1957 0.5407
Pedestrian -1 -1 -0.6942 1142.5797 123.6097 1217.6296 237.6191 1.7811 0.4857 0.8233 9.0469 1.0121 11.5289 -0.0413 0.1983
Pedestrian -1 -1 -1.4381 370.2253 129.7558 398.8873 198.3981 1.8407 0.6703 0.6233 -6.1995 0.6853 19.7088 -1.7392 0.1912
Pedestrian -1 -1 -2.6132 1169.9658 188.8806 1242.0000 282.0728 1.7484 0.6705 1.0223 11.8504 2.0805 14.3360 -1.9334 0.1761
Car -1 -1 -2.0125 822.7218 135.5716 1242.0000 375.0000 1.6320 1.6825 4.1306 3.3283 1.3984 6.5966 -1.5638 0.9371
Car -1 -1 1.8403 310.3690 179.5113 474.1678 292.7701 1.5866 1.6326 3.9234 -3.5425 1.7187 12.3029 1.5648 0.9137
Car -1 -1 -1.3665 521.2521 168.4228 604.3373 226.0450 1.6516 1.7542 4.5342 -1.4317 1.5250 23.0475 -1.4285 0.9122
Car -1 -1 1.7771 429.9965 174.7480 506.9146 228.5833 1.6017 1.6571 4.1171 -4.5828 1.6697 23.6827 1.5874 0.8994
Car -1 -1 -1.3813 730.0790 174.1160 812.2714 233.3013 1.4140 1.5375 3.3431 4.3010 1.4511 19.1530 -1.1644 0.8780
Car -1 -1 -0.9780 767.5190 167.6864 885.2276 219.8461 1.5814 1.6654 4.2189 7.1674 1.4251 23.8587 -0.6901 0.5485
