Pedestrian -1 -1 1.0313 782.5574 161.9009 835.8812 261.2760 1.8379 0.6514 0.8201 3.8008 1.4078 13.7741 1.2950 0.2050
Pedestrian -1 -1 1.6723 715.6440 165.6592 733.8150 215.5654 1.7874 0.5710 0.8893 4.2364 1.0881 26.2453 1.8303 0.1569
Pedestrian -1 -1 0.4413 897.0878 140.8827 961.5035 266.4421 1.7180 0.5238 0.6841 4.5361 1.1125 10.2617 0.8472 0.1299
Pedestrian -1 -1 0.3080 886.2735 146.5137 1051.9012 301.8998 1.7552 0.5650 1.7480 4.3873 1.3191 8.9197 0.7525 0.1297
Pedestrian -1 -1 -0.1248 1005.7504 159.8120 1174.3597 341.6539 1.5539 0.5024 1.2276 4.3362 1.3380 6.6259 0.4353 0.1119
Cyclist -1 -1 0.1558 884.4278 147.2466 1056.4852 303.1652 1.7694 0.5684 1.8447 4.4103 1.3396 8.9108 0.6027 0.7221
Cyclist -1 -1 -0.3680 999.5970 161.0887 1191.9779 340.4958 1.5539 0.5089 1.3734 4.3819 1.3461 6.6071 0.1981 0.1718
Car -1 -1 -1.5621 581.5303 176.8826 619.5538 213.6382 1.6011 1.6564 3.5168 -0.3538 1.2393 33.0710 -1.5732 0.7563
Car -1 -1 -1.6272 396.5596 172.5399 438.3551 210.0094 1.5645 1.5867 3.7896 -8.5677 1.0364 32.0586 -1.8865 0.2390
Car -1 -1 1.7292 481.1504 185.2974 536.1535 225.4247 1.4287 1.5070 3.7516 -3.7578 1.4331 27.4905 1.5942 0.1724
Car -1 -1 -1.3172 111.9271 72.3202 400.5612 367.0335 2.3176 1.7307 3.6518 -3.3763 1.4310 7.5854 -1.7231 0.1378
Car -1 -1 -1.8754 616.8590 173.8040 664.2411 201.9175 1.5982 1.6519 4.1660 1.8804 0.9506 43.0886 -1.8325 0.1346
