Pedestrian -1 -1 0.4780 0.0000 130.6310 80.2619 316.9720 1.7643 0.6650 0.7713 -5.9734 1.3649 7.2296 -0.1946 0.2218
Car -1 -1 1.7097 378.2220 175.2602 494.8039 272.8260 1.5588 1.5876 3.7952 -3.1592 1.6110 13.5804 1.4846 0.9194
Car -1 -1 -1.7223 683.0566 180.5300 762.4091 239.5436 1.4220 1.5597 3.7551 2.9363 1.6525 19.7557 -1.5777 0.8724
Car -1 -1 1.6694 485.3313 177.8710 540.7159 219.6708 1.3649 1.5928 3.9875 -3.4695 1.5605 26.0614 1.5378 0.8127
Car -1 -1 1.6672 521.1929 170.6010 561.4498 206.3002 1.6106 1.5733 3.5410 -3.2568 1.5093 34.3227 1.5728 0.7988
Car -1 -1 1.4657 648.6558 176.0098 691.8392 210.7170 1.5606 1.6471 4.0256 2.8115 1.7222 34.8436 1.5449 0.6764
Car -1 -1 -1.9083 746.0507 103.1792 1110.7549 375.0000 2.3695 1.9344 5.2396 3.0221 1.8057 8.4661 -1.5779 0.5394
Car -1 -1 1.5227 539.6177 171.2343 569.1498 197.6235 1.5195 1.5819 3.9904 -3.4342 1.4266 43.6215 1.4442 0.3595
Car -1 -1 1.5191 645.5677 174.2922 675.4678 200.7624 1.5297 1.6030 3.8674 2.9970 1.6213 43.8509 1.5864 0.2669
Car -1 -1 1.4783 558.1857 171.1909 583.4253 191.5919 1.5012 1.5641 3.9223 -3.0538 1.3792 55.1452 1.4229 0.1851
