Pedestrian -1 -1 -1.0047 1151.4049 84.0934 1242.0000 311.8382 1.7219 0.6185 0.6691 4.8931 1.0512 5.8541 -0.3328 0.2448
Pedestrian -1 -1 1.3310 630.0832 167.7098 643.1741 198.6580 1.8818 0.6449 0.7391 1.5994 1.5694 44.2972 1.3664 0.1929
Pedestrian -1 -1 1.2017 116.4671 190.2849 151.2929 255.2174 1.6750 0.5406 0.7628 -12.7785 2.1521 19.2896 0.6227 0.1745
Pedestrian -1 -1 -2.1819 66.6530 155.0368 114.4459 232.7565 1.7393 0.5575 0.7567 -11.9500 1.3409 16.5335 -2.8003 0.1724
Pedestrian -1 -1 -2.9937 1045.7941 157.7722 1078.3241 219.6892 1.7396 0.5771 0.7184 12.9366 1.3162 20.7212 -2.4423 0.1316
Cyclist -1 -1 -1.8222 1197.5934 118.3563 1242.0000 230.2581 1.6533 0.3553 1.6349 9.7680 0.8485 11.4728 -1.1293 0.1096
Cyclist -1 -1 -1.0984 695.8750 160.7048 717.0306 194.5086 1.7625 0.4565 1.5654 5.1036 1.1294 38.3914 -0.9675 0.1023
Car -1 -1 1.6803 423.5924 179.0179 467.6598 212.9629 1.6190 1.7652 4.3162 -8.5049 1.9586 37.4688 1.4582 0.7980
Car -1 -1 2.0418 399.9117 181.7434 449.4377 205.5662 1.5037 1.6156 4.0452 -12.6306 2.1379 49.2968 1.7919 0.1870
Car -1 -1 1.6847 112.7625 152.6603 186.5595 203.6020 1.6330 1.6816 4.4078 -16.1806 0.9860 25.4778 1.1235 0.1084
