Pedestrian -1 -1 -1.2426 207.3218 153.4427 281.3304 295.2318 1.7182 0.6563 0.6495 -4.6519 1.4833 9.1061 -1.7037 0.6799
Pedestrian -1 -1 -0.1312 625.8170 169.5906 640.0015 197.4541 1.7782 0.4520 0.8576 1.4372 1.5703 46.3130 -0.1008 0.4919
Cyclist -1 -1 -0.0750 625.8387 169.4842 640.0550 197.5580 1.7926 0.4493 0.8801 1.4394 1.5778 46.3127 -0.0445 0.1018
Car -1 -1 -1.0879 0.0000 187.3464 432.4226 375.0000 1.4655 1.6352 4.3545 -2.7745 1.6176 5.3570 -1.5469 0.8721
Car -1 -1 -1.7178 665.3165 174.8398 750.5129 236.3426 1.4246 1.5862 4.0753 2.3975 1.4826 18.8989 -1.5943 0.8699
Car -1 -1 -1.5417 520.5865 172.9999 560.2300 210.0481 1.5603 1.6582 4.1038 -3.1175 1.5677 32.5039 -1.6370 0.8454
Car -1 -1 -1.7633 637.7985 172.4673 692.5286 211.6800 1.5980 1.6113 4.0931 2.2969 1.5826 31.5306 -1.6918 0.8060
Car -1 -1 -1.3250 241.8846 180.4586 449.2120 315.5061 1.4097 1.6099 4.1155 -3.3723 1.5365 9.8799 -1.6466 0.7056
Car -1 -1 -2.2665 854.6884 159.9575 1242.0000 375.0000 1.5061 1.5672 3.6336 2.5285 1.4828 3.1862 -1.6402 0.6833
Car -1 -1 -1.5035 633.6621 168.8642 670.0948 199.9943 1.5218 1.6187 4.0901 2.1825 1.3271 37.3988 -1.4461 0.3444
