Pedestrian -1 -1 1.7497 284.2800 154.4484 384.1277 365.5580 1.8450 0.7230 0.9872 -2.5512 1.6100 6.8237 1.3979 0.9243
Pedestrian -1 -1 -0.7515 601.2380 165.0579 693.0300 306.9441 1.7464 0.6430 1.0487 0.5594 1.5454 9.4229 -0.6998 0.9140
Pedestrian -1 -1 -1.7584 545.3467 166.0493 574.4792 228.2884 1.8099 0.6853 1.0144 -1.2775 1.3618 21.4633 -1.8224 0.8711
Pedestrian -1 -1 -1.7193 510.7632 167.5161 537.0104 226.1958 1.8359 0.6768 1.1010 -2.5274 1.3995 23.0917 -1.8324 0.7772
Pedestrian -1 -1 -2.1187 969.2277 128.0625 1121.3051 361.1576 1.7541 0.5948 1.0340 3.5603 1.3534 5.9294 -1.6028 0.7211
Pedestrian -1 -1 1.1512 906.3221 127.2552 1028.4800 364.3812 1.6959 0.5489 0.7826 2.7335 1.3094 5.5304 1.5861 0.7098
Pedestrian -1 -1 -2.3982 567.2385 168.7480 601.7962 225.3550 1.7311 0.6369 0.8830 -0.5580 1.3423 22.4951 -2.4280 0.6894
Pedestrian -1 -1 -0.6382 871.6355 140.1931 949.6059 248.7809 1.7605 0.7174 0.9710 5.1591 1.0921 12.1103 -0.2485 0.6771
Pedestrian -1 -1 1.2987 466.3475 168.6803 493.8071 225.0306 1.8122 0.7138 0.7393 -4.0140 1.4010 23.5860 1.1268 0.5785
Pedestrian -1 -1 1.5501 586.5635 166.8126 607.4676 228.5280 1.7878 0.5934 0.8800 -0.1659 1.3635 21.2561 1.5371 0.5555
Pedestrian -1 -1 -0.7616 566.0593 163.0188 594.3909 209.6021 1.8586 0.6222 1.0017 -0.8777 1.1222 29.2333 -0.7965 0.5362
Pedestrian -1 -1 -1.5837 1148.3207 108.3263 1238.0000 358.6440 1.6979 0.5834 0.8381 4.4161 1.2030 5.3800 -0.9253 0.4526
Cyclist -1 -1 1.6460 410.1483 164.7879 476.7129 343.6534 1.7869 0.6046 1.7627 -1.7854 1.6213 8.0888 1.4292 0.8947
Cyclist -1 -1 -2.0904 983.3035 129.2664 1137.3553 361.7769 1.7453 0.6146 1.0309 3.6693 1.3546 5.9083 -1.5599 0.1060
