Pedestrian -1 -1 1.9461 982.4637 165.7505 1021.8605 239.5172 1.7382 0.5784 0.8366 9.4601 1.5712 17.4907 2.4342 0.6971
Pedestrian -1 -1 1.8897 1196.5503 171.1665 1233.5925 239.3208 1.6409 0.4963 0.7458 14.8616 1.6006 17.7782 2.5773 0.2971
Pedestrian -1 -1 1.1444 469.5642 150.2755 490.2269 185.3937 1.8498 0.6251 1.2599 -7.0196 0.6609 38.6987 0.9660 0.2091
Pedestrian -1 -1 1.0894 841.3673 166.5679 881.1017 243.5857 1.8000 0.5950 0.7953 5.9657 1.6535 17.2996 1.4155 0.2005
Cyclist -1 -1 1.4492 471.6360 151.2226 486.5738 186.0796 1.8276 0.6079 1.5073 -7.0528 0.6938 38.6389 1.2697 0.2505
Car -1 -1 1.3007 650.7163 167.2586 724.4130 212.0772 1.6094 1.7420 4.3374 2.8866 1.4089 28.1921 1.4011 0.9142
Car -1 -1 -2.5054 0.0000 188.2436 210.2977 275.8160 1.5498 1.5853 3.4279 -9.8996 1.8645 13.8981 -3.1155 0.8777
Car -1 -1 1.5772 465.5442 177.8987 511.4908 219.6409 1.5129 1.6844 4.2107 -4.8910 1.7308 28.8970 1.4105 0.8376
Car -1 -1 1.6140 489.5598 180.0292 523.3806 211.0835 1.4814 1.5661 3.9258 -5.3542 1.8738 37.3865 1.4723 0.3314
Car -1 -1 1.7441 568.7017 171.2196 597.4053 190.5482 1.5444 1.6697 4.2811 -2.2199 1.4142 59.8856 1.7069 0.2132
Car -1 -1 -1.3196 362.5643 163.8342 427.5376 210.2619 1.8276 1.6949 3.9078 -9.0041 1.4729 30.3830 -1.6057 0.2089
