Car -1 -1 -1.7877 674.2611 182.7473 784.2944 255.1920 1.4345 1.6347 4.2137 2.6105 1.6980 17.0318 -1.6392 0.9397
Car -1 -1 -2.0603 777.1244 191.7841 1123.7589 375.0000 1.4602 1.5605 3.5206 3.0068 1.7012 7.3316 -1.6865 0.9047
Car -1 -1 0.3718 336.4306 182.8080 484.6697 236.0592 1.4382 1.5773 3.8148 -5.7478 1.7396 20.8370 0.1054 0.8270
Car -1 -1 -2.5023 0.0000 190.9976 322.3570 306.0052 1.4384 1.5751 3.7302 -6.3311 1.7220 10.2948 -3.0426 0.8164
Car -1 -1 -1.6942 661.5484 178.2320 717.2829 220.1019 1.4695 1.6175 4.1934 2.9564 1.6941 27.9760 -1.5907 0.8141
Car -1 -1 0.5097 192.5225 178.4431 406.5290 257.4205 1.5413 1.6363 3.8513 -6.5252 1.6678 15.2509 0.1112 0.8066
Car -1 -1 -2.6269 101.8349 181.7640 361.8022 274.5701 1.4988 1.6090 3.7578 -6.5844 1.6670 12.7078 -3.0969 0.7571
Car -1 -1 0.8059 0.0000 191.5879 227.6358 340.4742 1.4249 1.5491 3.6771 -6.5944 1.6648 8.1920 0.1438 0.6671
Car -1 -1 -2.8361 339.8425 180.2010 471.9322 227.8727 1.4736 1.5983 3.8235 -6.6065 1.7213 23.4283 -3.1085 0.6377
Car -1 -1 3.3676 351.9160 171.8585 478.6181 218.1353 1.5988 1.6690 4.1086 -6.9364 1.5647 25.8292 3.1074 0.5550
Car -1 -1 -1.5746 645.1011 174.6117 671.3834 199.7539 1.5614 1.6408 4.0244 3.1084 1.6816 47.1521 -1.5096 0.5062
Car -1 -1 1.6715 521.6456 178.2077 553.4204 204.1871 1.5413 1.6043 4.0346 -4.5732 1.8954 45.6551 1.5717 0.3263
Car -1 -1 -1.4155 472.5435 176.0365 518.8461 215.3167 1.6243 1.5179 3.3091 -5.0189 1.7721 31.7580 -1.5714 0.3191
