Pedestrian -1 -1 -1.7560 709.6170 164.2599 731.9941 213.5346 1.7533 0.6384 0.9247 3.9647 1.4479 26.1453 -1.6077 0.8216
Pedestrian -1 -1 -1.5418 404.9117 150.0124 421.2015 193.8329 1.8669 0.6538 0.9485 -8.5717 0.8941 31.2740 -1.8073 0.2460
Pedestrian -1 -1 1.5678 872.0612 148.7755 888.9572 199.5203 1.8683 0.5846 0.8819 10.1036 0.9821 27.0768 1.9211 0.2025
Pedestrian -1 -1 -0.1775 975.5980 101.3407 1108.2927 371.8753 1.6011 0.4089 0.6469 2.6493 1.1782 4.5635 0.3208 0.1950
Pedestrian -1 -1 1.4636 377.1903 170.5016 432.6684 305.6586 1.7682 0.5807 1.7288 -3.0216 1.7378 10.3468 1.1853 0.1290
Pedestrian -1 -1 1.4891 491.4750 176.0555 514.4163 230.4159 1.7416 0.6190 1.6964 -3.6357 1.8530 24.1163 1.3404 0.1014
Cyclist -1 -1 1.6233 491.8945 175.5112 512.6750 231.7984 1.8024 0.5972 1.7435 -3.6278 1.8947 24.0827 1.4747 0.8814
Cyclist -1 -1 1.8551 350.2980 171.7325 431.2682 312.0356 1.8029 0.5560 1.9940 -3.1178 1.7889 10.2673 1.5664 0.7556
Cyclist -1 -1 1.8881 297.7506 182.8771 385.3052 324.7333 1.7156 0.5360 1.9100 -3.6513 1.8659 9.8226 1.5400 0.6571
Car -1 -1 1.7977 346.3905 189.1530 452.0356 258.3310 1.5208 1.7113 4.4351 -5.4869 2.0055 19.1799 1.5220 0.9030
Car -1 -1 1.7466 484.9026 181.7539 531.2562 216.0983 1.6498 1.7038 4.1705 -5.3203 2.1434 37.8688 1.6075 0.7350
Car -1 -1 -1.6018 641.2371 177.1972 673.5183 208.5200 1.6270 1.6521 3.8578 2.5456 1.8797 39.9711 -1.5392 0.6697
