Pedestrian -1 -1 2.7100 552.4233 169.1971 590.8941 228.1567 1.8094 0.7063 1.0038 -0.9655 1.4330 22.5873 2.6625 0.8069
Pedestrian -1 -1 1.7027 368.4373 171.4311 437.7453 337.0672 1.8196 0.6785 0.7931 -2.3267 1.7103 8.3281 1.4320 0.6378
Pedestrian -1 -1 1.6054 1066.1038 193.8551 1194.3561 374.0000 1.7369 0.6379 0.7583 3.4208 1.8285 4.7441 2.1981 0.4446
Pedestrian -1 -1 1.4494 804.6144 164.2004 833.8010 239.1992 1.7303 0.5423 0.9422 5.1330 1.3324 17.0782 1.7318 0.2729
Pedestrian -1 -1 0.7508 1181.2401 114.4181 1238.0000 228.9666 1.8366 0.5483 0.8471 10.2584 0.7624 11.9697 1.4436 0.1958
Pedestrian -1 -1 -2.7780 708.3837 158.2190 745.3988 226.7367 1.8011 0.6768 0.7985 3.3549 1.1903 19.3737 -2.6140 0.1852
Pedestrian -1 -1 0.9791 764.3142 183.1857 858.1548 306.5991 1.4819 0.5260 1.2852 2.6467 1.5067 9.3346 1.2423 0.1109
Cyclist -1 -1 1.1720 767.1220 184.8676 856.1403 312.1579 1.5024 0.5219 1.5423 2.6359 1.5512 9.3175 1.4346 0.6204
Cyclist -1 -1 1.4493 769.9546 143.3226 801.5171 209.2931 1.7924 0.6290 1.8675 5.2038 0.7563 20.4790 1.6902 0.3779
Cyclist -1 -1 1.3818 804.0601 162.5200 841.6765 240.4593 1.7258 0.5095 1.6849 5.1114 1.3068 16.7668 1.6681 0.3148
Cyclist -1 -1 2.6995 553.6627 169.3252 592.5165 227.8416 1.7975 0.7042 1.0174 -0.9212 1.4246 22.6128 2.6540 0.1032
Cyclist -1 -1 0.7508 1181.2401 114.4181 1238.0000 228.9666 1.8366 0.5483 0.8471 10.2584 0.7624 11.9697 1.4436 0.1005
