Pedestrian -1 -1 -1.1900 342.5466 167.3039 419.0235 307.3454 1.6870 0.6845 0.7592 -2.9255 1.6205 9.0941 -1.4938 0.2056
Pedestrian -1 -1 -0.5189 422.3532 162.9097 440.1859 194.2364 1.8354 0.5504 0.8675 -10.6278 1.2532 42.7706 -0.7613 0.1767
Pedestrian -1 -1 -0.5233 417.6182 162.3244 435.4456 193.7792 1.8053 0.5271 0.8544 -10.6866 1.2013 41.8956 -0.7718 0.1565
Pedestrian -1 -1 1.4772 546.4099 158.9231 568.5693 215.7811 1.8167 0.6463 0.7985 -1.7611 1.3719 23.4991 1.4027 0.1533
Cyclist -1 -1 -0.4182 18.2865 181.4416 80.1338 225.9965 1.6287 0.5833 1.7889 -21.5110 1.9692 27.6548 -1.0747 0.1255
Car -1 -1 3.1004 524.4266 167.3527 598.4554 198.4580 1.5589 1.5987 3.7262 -2.5621 1.2835 37.1563 3.0317 0.7570
Car -1 -1 -2.3444 1012.7982 157.3470 1069.3992 180.7620 1.7013 1.6039 3.5870 32.3905 0.5750 54.3564 -1.8095 0.6609
Car -1 -1 1.1437 762.7468 162.1239 807.0201 188.5622 1.8632 1.6846 3.8915 12.7455 1.1074 52.9179 1.3785 0.2219
Car -1 -1 -1.0926 33.6315 164.4299 99.6983 192.9966 1.7473 1.6404 4.1813 -34.8187 1.2324 46.3274 -1.7345 0.1778
Car -1 -1 1.0769 780.2466 167.2319 822.8950 187.2136 1.5199 1.5730 3.9241 15.0508 1.0926 56.9710 1.3336 0.1291
Car -1 -1 -2.0052 0.0000 177.3324 69.2422 218.3408 1.4990 1.5924 3.8945 -23.2386 1.6847 28.2833 -2.6885 0.1288
