Pedestrian -1 -1 0.8702 1047.4443 132.9608 1153.6267 290.3644 1.8106 0.5748 0.9696 5.9068 1.3520 8.8139 1.4448 0.3300
Cyclist -1 -1 0.8702 1047.4443 132.9608 1153.6267 290.3644 1.8106 0.5748 0.9696 5.9068 1.3520 8.8139 1.4448 0.1345
Car -1 -1 -1.8246 711.2413 180.7166 898.3337 305.8325 1.5173 1.6371 4.3417 2.6962 1.6638 11.2135 -1.5958 0.9136
Car -1 -1 -0.2913 813.4995 181.8746 1003.2993 253.7579 1.4841 1.5699 3.5975 6.4709 1.6969 16.0620 0.0845 0.8139
Car -1 -1 3.6110 0.0000 170.3694 249.7600 292.7513 1.5373 1.6026 3.5716 -7.2774 1.5065 10.1077 2.9992 0.7285
Car -1 -1 -0.2693 727.8312 178.5228 832.8361 219.0659 1.5133 1.5825 3.6798 6.5264 1.7408 28.0433 -0.0436 0.6692
Car -1 -1 -0.1826 678.5338 177.0106 755.6873 206.5419 1.5885 1.6594 3.9890 5.8584 1.8244 39.9709 -0.0387 0.6600
Car -1 -1 0.3685 165.4892 177.0412 404.9496 267.9920 1.4624 1.5307 3.4678 -5.5468 1.5402 12.5124 -0.0414 0.6496
Car -1 -1 0.7347 0.0000 173.1088 230.5285 329.9640 1.5153 1.6149 3.8571 -6.5425 1.5188 7.8900 0.0588 0.5826
Car -1 -1 0.2331 420.5697 175.2864 523.5324 214.3570 1.5602 1.6284 3.9103 -5.6929 1.6642 29.8260 0.0457 0.5613
Car -1 -1 -0.2113 717.8302 176.4834 818.2801 215.4631 1.5826 1.6590 3.8502 6.5344 1.7395 30.2791 -0.0014 0.5361
Car -1 -1 3.1721 429.5658 169.8387 520.2012 203.0311 1.5388 1.6579 4.1720 -6.4698 1.3994 34.5868 2.9882 0.4584
Car -1 -1 -1.6161 634.0695 175.2552 657.3189 195.9268 1.4880 1.5657 3.8773 2.6298 1.6756 54.3277 -1.5684 0.4428
Car -1 -1 -2.8415 376.8347 176.7929 499.1295 221.6399 1.4955 1.5969 3.8465 -5.9842 1.6382 25.1483 -3.0733 0.4399
Car -1 -1 -2.8529 336.5241 175.4128 472.6009 224.0385 1.4678 1.5835 3.8216 -6.4333 1.5515 22.6835 -3.1267 0.3777
Car -1 -1 0.2914 489.1424 177.3774 552.3799 200.8447 1.5199 1.6065 3.9030 -5.9813 1.8299 48.2780 0.1684 0.3633
Car -1 -1 0.6843 1120.2865 198.4240 1242.0000 375.0000 1.4609 1.6166 3.9116 3.8528 1.6216 2.5297 1.6213 0.3378
Car -1 -1 -0.4245 781.9814 177.3502 943.8779 233.3237 1.5028 1.6421 4.0338 7.0861 1.6375 20.5455 -0.0975 0.3323
