Pedestrian -1 -1 2.7145 208.3748 206.6646 254.3344 296.1772 1.6712 0.5910 0.6134 -7.5091 2.3576 14.2125 2.2355 0.2592
Car -1 -1 -1.8719 749.5116 186.8751 1045.8805 375.0000 1.5180 1.6703 4.2365 2.7287 1.7166 8.0748 -1.5584 0.9000
Car -1 -1 1.7325 417.0753 192.1268 519.7504 269.9663 1.4526 1.6399 4.2065 -3.1637 1.9541 16.6362 1.5465 0.8929
Car -1 -1 -1.8243 678.4298 191.4709 819.4075 288.6021 1.4107 1.5377 3.9020 2.3176 1.8050 13.2566 -1.6562 0.8575
Car -1 -1 1.7083 525.6518 184.8851 566.1924 216.7772 1.5274 1.6009 4.0047 -3.3682 2.1977 38.1324 1.6202 0.7253
Car -1 -1 -0.9620 0.0000 212.2292 347.1057 375.0000 1.4473 1.5841 4.0165 -2.7008 1.7380 3.2760 -1.6131 0.7192
Car -1 -1 -2.2694 852.5218 0.0000 1242.0000 375.0000 1.5617 1.6356 4.1004 2.4746 1.3705 2.8621 -1.6060 0.6681
Car -1 -1 -1.5869 632.5133 180.1134 661.0289 207.4548 1.5330 1.6412 4.0651 2.1493 1.9928 43.6032 -1.5385 0.6674
Car -1 -1 -1.6407 550.8883 182.4575 574.4758 202.9285 1.4906 1.5725 3.7816 -3.7514 2.2677 56.3739 -1.7073 0.3622
Car -1 -1 1.7991 335.1292 212.3022 481.0644 323.8111 1.4043 1.5520 3.6821 -3.2969 2.1772 12.2657 1.5408 0.2543
