Pedestrian -1 -1 -0.7388 1091.9882 118.2527 1241.0000 284.0510 1.7361 0.5139 1.6943 6.2277 1.0360 7.8519 -0.0858 0.1083
Cyclist -1 -1 -0.7541 1087.1495 117.9227 1241.0000 284.7299 1.7455 0.4984 1.6812 6.1558 1.0425 7.8560 -0.1068 0.3307
Car -1 -1 -1.3992 408.0883 188.2693 491.9079 247.2515 1.4466 1.5779 4.0603 -4.2922 1.5410 19.8993 -1.6093 0.8936
Car -1 -1 -1.4113 472.4995 184.9084 522.4249 222.1455 1.5156 1.5864 3.5362 -4.7358 1.5042 31.0291 -1.5619 0.8224
Car -1 -1 -1.3099 363.9735 188.4809 426.5356 224.3418 1.3396 1.5168 3.6868 -8.5441 1.4811 29.0475 -1.5939 0.7016
Car -1 -1 -1.5992 577.4647 181.6211 607.9711 209.6585 1.5086 1.6067 3.7173 -0.9155 1.3163 40.5724 -1.6220 0.5500
Car -1 -1 -1.4104 423.6833 181.0383 464.4455 210.3876 1.5555 1.6119 3.8980 -9.1019 1.3352 40.0907 -1.6326 0.4812
Car -1 -1 -1.2868 398.8623 180.7407 438.6152 203.0519 1.4700 1.6052 3.9108 -12.9413 1.1763 49.3358 -1.5424 0.4510
Car -1 -1 -2.7316 462.4407 182.4284 535.1680 210.1960 1.5119 1.5967 3.7116 -6.1348 1.3612 40.3847 -2.8818 0.4076
Car -1 -1 -1.6437 453.1837 181.1398 481.4412 203.8981 1.4579 1.5720 3.9159 -9.4615 1.1979 48.1418 -1.8371 0.3520
Car -1 -1 1.3368 513.5522 178.9223 549.1496 201.4181 1.5114 1.5972 3.9848 -5.4216 1.0897 50.4375 1.2299 0.2395
