Pedestrian -1 -1 2.5904 152.8972 173.0492 194.6361 227.7800 1.8347 0.7107 1.0050 -15.0312 1.8419 24.7987 2.0500 0.6689
Pedestrian -1 -1 -1.4611 774.5465 167.3839 801.1726 227.8159 1.7965 0.6958 0.9310 5.3840 1.6343 22.0033 -1.2250 0.5511
Pedestrian -1 -1 -1.9091 1040.2496 159.2062 1082.8530 238.3223 1.7373 0.6129 0.6915 10.1051 1.4379 16.2430 -1.3612 0.3370
Pedestrian -1 -1 -1.4120 253.3233 183.7495 272.8268 224.5974 1.7272 0.6462 0.7683 -15.0429 2.2058 31.2116 -1.8582 0.3000
Pedestrian -1 -1 0.3094 209.1709 183.1368 220.9782 202.9669 1.7081 0.5316 0.7769 -34.4083 2.6086 62.8277 -0.1901 0.2704
Pedestrian -1 -1 1.2361 177.1540 194.8505 205.7354 247.5136 1.8335 0.6694 0.7987 -15.1639 2.6441 26.0619 0.7132 0.1998
Cyclist -1 -1 -1.3752 251.1135 184.1259 271.5398 225.6239 1.7477 0.6535 0.7755 -15.0596 2.2409 31.0902 -1.8233 0.1098
Cyclist -1 -1 2.4878 150.9402 173.9799 193.4820 228.4749 1.8198 0.6959 1.0374 -15.0394 1.8597 24.7278 1.9459 0.1073
Car -1 -1 1.9322 320.0584 185.5126 396.2580 225.6609 1.5701 1.7396 4.3288 -11.0226 2.1666 31.7849 1.6005 0.9028
Car -1 -1 -1.5934 601.3729 178.3117 628.1951 203.9450 1.5345 1.6119 4.0188 0.2367 1.8987 46.0759 -1.5888 0.4359
Car -1 -1 -2.0047 1012.5303 152.7762 1126.2871 204.2852 1.5206 1.5824 3.8751 14.6425 0.9282 23.3160 -1.4498 0.1992
Car -1 -1 1.4791 666.0786 181.4874 693.6126 204.9254 1.4647 1.4951 3.6379 4.6059 2.0642 48.2511 1.5731 0.1777
