Pedestrian -1 -1 2.2860 987.9752 111.1241 1080.7161 274.8553 1.6028 0.4166 0.7805 4.2879 0.9989 7.3893 2.7946 0.1700
Pedestrian -1 -1 1.1471 658.8577 168.4282 673.7923 201.2961 1.7812 0.5079 0.8574 3.0518 1.5418 39.5900 1.2230 0.1541
Pedestrian -1 -1 -1.7165 803.3061 142.6727 818.8248 180.1393 1.8730 0.6671 0.6377 10.1096 0.3646 36.4252 -1.4479 0.1364
Pedestrian -1 -1 -1.5468 898.9379 178.2729 917.7094 224.1093 1.7556 0.6655 0.6639 11.6095 1.9709 28.1741 -1.1603 0.1335
Pedestrian -1 -1 -2.9196 1199.2157 144.4501 1242.0000 267.3416 1.7159 0.5515 0.6505 9.0123 1.3197 10.4980 -2.2243 0.1089
Car -1 -1 2.0914 58.2438 194.6520 264.8220 290.0292 1.5015 1.6370 4.0452 -8.6628 1.9960 14.3214 1.5552 0.9263
Car -1 -1 -1.4686 596.4290 177.5248 628.3682 203.2708 1.4915 1.5869 3.8908 0.1564 1.7933 44.5479 -1.4656 0.3402
Car -1 -1 1.7124 414.9777 178.4364 470.1413 220.1236 1.5007 1.5683 4.0387 -6.6018 1.7384 28.6054 1.4871 0.3003
Car -1 -1 2.0418 41.1171 180.0656 182.1188 241.9724 1.5643 1.6260 4.1424 -14.2649 1.7949 20.8861 1.4483 0.1075
Car -1 -1 -1.9088 920.8087 128.5470 1010.9608 180.4454 1.6715 1.6186 3.8233 12.2742 0.2448 25.2246 -1.4604 0.1028
