Pedestrian -1 -1 -0.3052 485.3906 184.6468 500.4817 216.5057 1.7336 0.6721 0.6546 -6.5334 2.3957 40.0389 -0.4665 0.2161
Pedestrian -1 -1 -1.9773 372.4848 172.1811 390.4710 210.2569 1.8288 0.6639 0.5672 -11.1514 1.7969 35.0856 -2.2832 0.2121
Pedestrian -1 -1 2.0777 357.3571 177.5810 382.3843 233.0649 1.6467 0.5118 0.5553 -7.2941 1.7919 21.7864 1.7578 0.2055
Pedestrian -1 -1 0.8095 831.3097 141.2872 896.4428 255.7372 1.8009 0.6163 0.8128 4.1068 1.3045 11.8493 1.1348 0.1777
Pedestrian -1 -1 -2.4379 334.0284 169.4844 369.5490 225.1554 1.8031 0.6770 0.8751 -8.5730 1.6943 23.8379 -2.7800 0.1466
Pedestrian -1 -1 -2.9276 669.2079 177.3645 684.8617 209.0101 1.7676 0.6040 0.7723 3.7596 2.0257 40.8197 -2.8370 0.1392
Car -1 -1 1.8167 345.5459 190.2977 479.0117 286.3121 1.4619 1.5380 3.5738 -3.5664 1.8303 13.4291 1.5611 0.8904
Car -1 -1 2.9283 403.2684 184.5206 492.7571 218.8255 1.5967 1.6627 4.1362 -8.1826 2.2104 36.3089 2.7077 0.7610
Car -1 -1 1.5487 523.4445 182.0698 550.7216 209.1570 1.5276 1.5652 3.8930 -4.5242 2.1171 44.0967 1.4465 0.5079
Car -1 -1 -2.6701 435.2716 185.8607 509.2902 215.1780 1.5675 1.6466 3.8066 -7.8612 2.3321 41.0713 -2.8586 0.1732
