Pedestrian -1 -1 -1.7767 360.9622 149.1333 445.8473 327.7318 1.6976 0.6649 0.9180 -2.1944 1.4725 7.4165 -2.0559 0.6683
Pedestrian -1 -1 -1.3581 454.3426 171.7706 497.0252 265.4204 1.7466 0.6315 0.9150 -2.6300 1.7268 13.9208 -1.5423 0.2561
Pedestrian -1 -1 2.7472 303.6022 182.5881 341.3507 214.6486 1.6519 0.7712 1.7105 -15.4018 2.1846 38.5779 2.3694 0.1776
Pedestrian -1 -1 2.0660 924.6912 171.0629 956.4293 223.6384 1.5874 0.5236 0.9131 10.1583 1.5337 22.2681 2.4885 0.1484
Pedestrian -1 -1 -1.3055 478.9054 156.5238 551.8994 324.9950 1.6644 0.5669 0.8156 -1.0292 1.5034 7.5674 -1.4376 0.1469
Cyclist -1 -1 2.5290 303.3559 182.5323 340.7235 215.0905 1.6726 0.7678 1.7272 -15.4102 2.2027 38.5525 2.1507 0.2968
Cyclist -1 -1 -1.6945 364.5977 150.3463 443.2237 328.9283 1.6989 0.6691 0.9081 -2.1883 1.4852 7.4104 -1.9732 0.1372
Cyclist -1 -1 2.0660 924.6912 171.0629 956.4293 223.6384 1.5874 0.5236 0.9131 10.1583 1.5337 22.2681 2.4885 0.1014
Car -1 -1 2.0415 150.9861 188.4301 351.3262 284.6135 1.5195 1.7272 4.3033 -6.8581 1.8751 14.2774 1.6004 0.9138
Car -1 -1 2.4338 460.3812 179.8576 610.1135 233.3820 1.4759 1.7141 4.7198 -2.2921 1.7198 22.7924 2.3340 0.5530
Car -1 -1 -0.8179 1178.7592 158.6263 1242.0000 224.6287 1.5117 1.6212 3.8210 16.2198 1.1862 17.4807 -0.0785 0.5029
Car -1 -1 -1.8794 637.7838 148.6252 682.8992 179.1499 1.8480 1.7211 3.9775 3.1111 0.3815 45.8178 -1.8122 0.1516
