Pedestrian -1 -1 1.0662 838.3231 163.0286 864.0634 206.7046 1.8929 0.6944 0.9630 10.5851 1.4674 31.8057 1.3843 0.7098
Pedestrian -1 -1 -1.9051 80.0952 173.3823 134.4186 277.4298 1.7379 0.6001 0.6316 -8.7492 1.7477 12.4822 -2.5067 0.2686
Pedestrian -1 -1 0.8269 285.8954 168.5457 318.5842 225.4400 1.7824 0.5818 0.7859 -9.8675 1.6478 23.0295 0.4259 0.1425
Pedestrian -1 -1 0.0120 895.1904 48.4993 1039.7394 375.0000 1.6247 0.4394 0.6540 1.8240 1.0207 3.8392 0.4266 0.1318
Pedestrian -1 -1 -1.1105 1193.0437 152.6686 1242.0000 251.9508 1.7199 0.5733 0.7628 10.9363 1.3705 12.9135 -0.4194 0.1173
Pedestrian -1 -1 -1.9929 673.1291 192.2574 698.1694 247.4759 1.7184 0.6354 0.5242 2.3682 2.3479 23.0457 -1.8929 0.1059
Car -1 -1 1.7934 448.3873 182.5734 563.0708 262.3181 1.4737 1.6361 3.9841 -2.1944 1.7158 15.8879 1.6575 0.9415
Car -1 -1 1.7365 575.7106 174.9784 625.0673 211.2571 1.5205 1.6213 3.7762 -0.4128 1.6223 32.4602 1.7234 0.7734
Car -1 -1 1.4229 877.0516 169.3966 908.6224 190.8815 1.5426 1.5997 4.0814 21.0831 1.2948 53.9713 1.7932 0.1430
Car -1 -1 -1.2302 300.2333 169.1276 373.9110 209.6421 1.5406 1.6071 3.8281 -11.0511 1.3993 29.3622 -1.5875 0.1322
Car -1 -1 1.0190 537.3401 180.0615 579.9761 200.5425 1.5482 1.6067 3.9086 -4.1875 2.1489 58.0407 0.9469 0.1183
Car -1 -1 -1.9621 624.4853 173.1483 675.2542 200.5755 1.5052 1.5966 3.7833 2.2160 1.5234 41.6893 -1.9098 0.1043
