Pedestrian -1 -1 -1.8475 852.6282 148.7560 973.1100 374.0000 1.7144 0.5619 0.9840 2.2708 1.4906 5.4544 -1.4758 0.8957
Pedestrian -1 -1 -2.0393 722.3120 151.7048 805.0913 305.0801 1.6759 0.5925 0.8841 1.8193 1.3517 8.3508 -1.8369 0.8742
Pedestrian -1 -1 -2.0283 795.6965 150.3596 906.1738 354.0541 1.7841 0.5805 1.0270 2.2914 1.5128 6.8406 -1.7224 0.8738
Pedestrian -1 -1 1.1624 769.1229 157.1747 836.6031 286.0711 1.6496 0.6236 0.7241 2.6312 1.3396 9.5960 1.4175 0.7386
Pedestrian -1 -1 -1.9004 700.0218 155.1872 761.9028 277.2226 1.6204 0.5840 0.8829 1.7452 1.2723 10.0191 -1.7379 0.7259
Pedestrian -1 -1 -2.1580 801.5716 141.0051 844.2367 229.7380 1.6664 0.5263 0.6233 4.2290 0.9072 13.8636 -1.8723 0.6678
Pedestrian -1 -1 1.7811 0.0000 120.7691 109.4232 374.0000 1.6377 0.5020 0.7369 -2.8138 1.3816 3.4840 1.1307 0.6419
Pedestrian -1 -1 -2.3262 0.0000 84.1594 85.2535 271.4776 1.6605 0.5829 0.5961 -5.3784 0.7990 6.6986 -2.9889 0.6174
Pedestrian -1 -1 -2.5027 555.8470 149.5500 624.5586 235.6161 1.7382 0.7619 1.2409 -0.2772 1.0942 15.1741 -2.5258 0.4861
Pedestrian -1 -1 0.5682 746.2438 156.2516 810.7819 270.8658 1.6847 0.4884 0.8284 2.6686 1.3149 11.0228 0.7949 0.4838
Pedestrian -1 -1 -1.5554 704.7064 155.5912 727.3625 211.4304 1.7903 0.7190 0.9335 3.7338 0.9607 23.5488 -1.4049 0.4613
Cyclist -1 -1 -2.5117 551.7376 152.3580 638.3544 234.6252 1.6441 0.7874 1.6843 -0.1823 1.0629 15.1596 -2.5288 0.5459
Cyclist -1 -1 -1.9231 813.9742 149.7271 933.6613 374.0000 1.7856 0.5768 1.1113 2.2253 1.5410 6.1206 -1.5940 0.3923
Cyclist -1 -1 0.2270 747.7685 157.0910 809.1755 269.4799 1.6621 0.4883 0.8309 2.6751 1.3025 11.0226 0.4542 0.1344
Car -1 -1 1.7427 526.2891 159.9006 592.1219 207.5760 1.5835 1.6913 4.2805 -1.4618 0.8672 26.0769 1.6823 0.8746
