Pedestrian -1 -1 -1.9463 972.9067 121.0849 1010.0731 188.2516 1.8078 0.6143 0.8811 10.6136 0.2102 19.4987 -1.4526 0.7090
Pedestrian -1 -1 -0.0140 548.6286 164.9613 566.3923 197.0948 1.8774 0.4738 1.0364 -2.8021 0.9709 41.5821 -0.0790 0.7056
Pedestrian -1 -1 0.6822 440.7288 172.0099 462.7440 205.4112 1.8776 0.5813 1.1070 -8.7342 1.4017 40.2511 0.4718 0.4279
Pedestrian -1 -1 -2.0730 996.6920 138.0125 1021.1415 182.1269 1.8526 0.7116 0.5720 17.1018 0.0698 29.9779 -1.5573 0.2296
Pedestrian -1 -1 -0.9402 370.0528 176.2936 401.9450 214.2814 1.7557 0.5856 1.6454 -10.3936 1.5627 33.5462 -1.2363 0.1566
Cyclist -1 -1 -1.1566 372.1275 176.2057 399.4733 214.8263 1.7818 0.5614 1.7923 -10.3995 1.5852 33.5387 -1.4530 0.8298
Cyclist -1 -1 0.0977 662.6748 164.3557 694.6818 194.8725 1.7319 0.7575 1.7659 4.2353 0.8171 40.6703 0.2024 0.7819
Cyclist -1 -1 -0.2631 603.7362 166.7299 633.5606 194.8770 1.7182 0.5399 1.7603 0.8374 0.8790 43.6295 -0.2423 0.3103
Cyclist -1 -1 0.6730 439.7072 172.9324 464.6402 205.7493 1.8423 0.5949 1.3012 -8.7083 1.4188 40.2441 0.4632 0.2110
Cyclist -1 -1 0.0140 547.9451 165.3857 565.9625 197.1382 1.8553 0.4778 1.0502 -2.8284 0.9735 41.5731 -0.0517 0.1331
Car -1 -1 2.4999 970.5402 136.2857 1132.8112 188.0000 1.5150 1.6320 4.0463 13.6038 0.2213 21.6958 3.0553 0.8886
Car -1 -1 -1.4834 509.5685 173.7199 548.4312 204.5549 1.4751 1.6263 3.6851 -3.7983 1.1522 35.6751 -1.5868 0.7820
