Pedestrian -1 -1 0.7778 130.5466 198.7944 298.5323 374.0000 1.5985 0.5833 0.7261 -2.4529 1.7173 4.4905 0.2945 0.6639
Pedestrian -1 -1 -3.0085 753.3250 162.0013 776.6059 202.1259 1.8172 0.6967 0.9641 7.5094 0.9351 33.0233 -2.7916 0.4848
Pedestrian -1 -1 -1.9855 1117.7477 157.3541 1152.2609 209.6602 1.7915 0.7036 0.7867 18.5814 0.9656 25.0594 -1.3574 0.3952
Pedestrian -1 -1 -3.4244 1112.8687 160.4283 1158.4034 237.4025 1.7274 0.6627 0.6761 12.2552 1.2557 16.5429 -2.7996 0.3909
Pedestrian -1 -1 -1.7967 1104.0154 151.1553 1129.5487 198.1735 1.8427 0.6592 0.7924 20.5223 0.6545 28.6405 -1.1842 0.2728
Pedestrian -1 -1 -2.8989 1007.4996 161.6059 1050.9100 243.4623 1.7783 0.7246 0.6900 9.5556 1.3474 16.1036 -2.3757 0.1703
Pedestrian -1 -1 -3.4763 895.4035 170.9904 945.1121 254.2803 1.7851 0.7192 0.7995 6.9544 1.5611 15.7793 -3.0726 0.1465
Pedestrian -1 -1 0.6744 243.2651 161.1465 278.3421 221.4302 1.8370 0.6137 0.7684 -10.5853 1.2179 22.2732 0.2302 0.1436
Car -1 -1 -1.0285 991.1640 181.6959 1224.8811 275.4082 1.4331 1.6020 3.8769 8.8073 1.4382 12.5260 -0.4308 0.7974
Car -1 -1 0.8202 798.1224 165.4764 908.6434 208.2410 1.5269 1.6051 4.1723 9.6386 0.9558 27.8769 1.1452 0.1679
