Car -1 -1 -1.2840 298.1640 184.6193 450.5020 275.0463 1.4992 1.6670 4.1315 -4.3728 1.4904 13.9890 -1.5819 0.9318
Car -1 -1 -1.1150 157.4893 182.7795 273.6729 230.7430 1.3869 1.5931 4.0611 -12.3379 1.3176 22.8391 -1.6056 0.9134
Car -1 -1 -1.5471 588.7871 177.5652 668.2900 252.0076 1.5713 1.6825 3.4859 0.4783 1.4109 16.9527 -1.5198 0.9087
Car -1 -1 -0.9146 0.0000 185.4037 213.7578 296.7547 1.4383 1.5794 4.0297 -8.2187 1.4429 11.3329 -1.5309 0.7944
Car -1 -1 -0.9253 0.0000 202.4864 263.0251 376.0000 1.4917 1.6202 4.0683 -4.5259 1.6772 5.6285 -1.5796 0.7629
Car -1 -1 2.0618 109.5708 175.6094 167.5379 201.3793 1.5861 1.5724 3.6543 -30.0581 0.9960 46.1278 1.4867 0.7510
Car -1 -1 -1.2701 272.8403 166.7600 349.3589 215.9767 1.8931 1.7178 4.3361 -12.2500 1.1843 29.8798 -1.6563 0.6747
Car -1 -1 -1.1588 293.9526 181.1431 389.6732 229.3511 1.4068 1.5143 3.6188 -8.3715 1.2890 22.8273 -1.5068 0.5034
Car -1 -1 1.6718 690.5056 180.8055 715.2051 199.8411 1.5897 1.7109 4.2128 8.2597 1.2225 62.2748 1.8026 0.4427
Car -1 -1 -1.4451 632.2614 178.8479 669.1443 207.6249 1.4928 1.5681 3.6524 2.3569 1.1636 39.2264 -1.3859 0.4356
