Pedestrian -1 -1 -1.8633 1043.4308 161.7435 1064.5062 203.6617 1.7880 0.6344 0.5712 19.1106 1.3145 31.1307 -1.3172 0.1642
Pedestrian -1 -1 2.1510 312.0804 159.9856 373.5984 262.7183 1.7931 0.6255 0.9589 -4.8971 1.5688 13.1288 1.7999 0.1603
Pedestrian -1 -1 0.9993 394.6701 142.9030 432.1550 218.6750 1.7695 0.5510 0.7471 -4.7652 1.0704 17.3019 0.7340 0.1511
Pedestrian -1 -1 -2.8390 568.3035 181.2433 581.2112 207.1676 1.9283 0.6837 0.8051 -2.6807 2.5660 54.3778 -2.8886 0.1226
Cyclist -1 -1 -1.4422 540.1746 163.9818 552.2345 197.2993 1.7023 0.4450 1.4532 -3.3555 1.2494 37.5988 -1.5310 0.1363
Car -1 -1 2.0385 0.0000 164.8832 366.4362 375.0000 1.5382 1.5497 3.4887 -3.5177 1.4882 6.3188 1.5475 0.9050
Car -1 -1 1.5866 646.0926 184.6135 669.8338 208.0868 1.5470 1.6310 3.9847 3.4331 2.4228 51.6587 1.6520 0.3100
Car -1 -1 -1.6293 679.4394 179.0084 735.6047 235.9953 1.8261 1.7093 4.2724 3.3557 2.0651 25.7817 -1.5022 0.2447
Car -1 -1 1.6575 504.2584 143.0997 551.2115 184.2688 1.5473 1.5546 3.7326 -3.2875 0.4294 29.0003 1.5455 0.1804
Car -1 -1 2.0111 0.0000 0.0000 496.1553 375.0000 1.4744 1.5874 3.8209 -1.3501 1.2219 2.1178 1.4957 0.1210
