Pedestrian -1 -1 1.1797 1025.1815 128.9642 1061.0624 192.9458 1.9052 0.6988 0.7455 13.0913 0.5986 21.9007 1.7126 0.4812
Car -1 -1 -1.7550 656.2554 183.3185 741.4828 242.5908 1.4591 1.6339 4.2490 2.3818 1.7914 20.7062 -1.6430 0.9380
Car -1 -1 -1.9355 722.5539 190.9048 909.5612 308.3182 1.4044 1.5270 3.4487 2.8738 1.7247 10.9831 -1.6874 0.8887
Car -1 -1 -2.6209 154.6761 187.9092 385.1525 273.0327 1.4894 1.6056 3.7262 -6.5175 1.8006 13.9304 -3.0517 0.8192
Car -1 -1 0.4744 264.0850 183.4772 436.4298 246.2731 1.5146 1.6303 3.9235 -6.7630 1.8080 18.8312 0.1335 0.8164
Car -1 -1 1.4351 647.4030 177.4564 699.0284 215.6165 1.5323 1.6775 4.2227 2.6581 1.7482 31.6420 1.5175 0.7861
Car -1 -1 0.3149 364.0103 186.9951 493.5429 233.6601 1.4865 1.5902 3.9656 -6.1359 1.9850 24.4814 0.0712 0.7860
Car -1 -1 0.6180 0.0000 189.8295 296.5771 315.0315 1.4480 1.5697 3.7272 -6.3524 1.6903 9.4284 0.0378 0.7791
Car -1 -1 -2.7156 203.1160 183.0955 404.7006 255.7295 1.5313 1.6336 3.8758 -6.8765 1.7761 16.3373 -3.1087 0.7101
Car -1 -1 -2.3673 0.0000 194.5484 211.9264 375.0000 1.4765 1.6098 3.8586 -6.2820 1.7158 7.0201 -3.0785 0.6647
Car -1 -1 -2.5718 45.6277 193.3458 335.7990 293.0211 1.4231 1.5663 3.7842 -6.6353 1.7771 11.5574 -3.0835 0.6625
Car -1 -1 0.2630 383.0703 172.3563 486.8862 210.4120 1.5051 1.6023 3.8242 -7.1170 1.4858 29.3871 0.0270 0.5315
Car -1 -1 3.3619 369.2280 181.7055 482.0544 223.2640 1.4857 1.5996 3.8341 -6.8777 1.8278 27.0059 3.1143 0.4774
Car -1 -1 -1.6370 633.8467 177.4924 661.1696 200.4237 1.5265 1.6473 4.1094 2.5804 1.8676 50.9330 -1.5871 0.4146
