Pedestrian -1 -1 1.9623 969.8106 163.2982 998.7966 215.9446 1.8588 0.6774 0.7960 13.4396 1.5218 25.9893 2.4345 0.2577
Pedestrian -1 -1 0.7729 850.9564 165.1534 888.1121 209.1333 1.6923 0.5602 1.3781 10.1984 1.3964 28.5035 1.1128 0.2151
Cyclist -1 -1 0.9996 851.4850 165.5471 886.8329 209.8250 1.7005 0.5475 1.5698 10.1906 1.4203 28.5355 1.3389 0.4714
Cyclist -1 -1 0.3490 1068.2103 159.3332 1199.0553 262.0156 1.6967 0.6320 1.7733 9.2097 1.4736 12.8275 0.9604 0.2882
Car -1 -1 -1.7825 745.5915 170.3644 877.6956 263.0977 1.7475 1.7615 4.8116 4.2081 1.7010 16.0330 -1.5312 0.9304
Car -1 -1 2.1194 0.0000 202.0212 311.2789 375.0000 1.4291 1.5624 3.9041 -4.5803 1.7964 7.1177 1.5639 0.9199
Car -1 -1 1.9230 219.4526 188.3983 420.9636 308.9516 1.5283 1.6449 4.1308 -4.4833 1.8264 11.7485 1.5652 0.9145
Car -1 -1 1.7708 529.2927 178.3302 575.3873 210.9834 1.6111 1.6718 4.0727 -3.0464 1.9193 38.4317 1.6917 0.6674
Car -1 -1 -1.7411 722.1095 179.6617 799.8339 234.2055 1.4925 1.6281 4.2279 4.5281 1.7245 22.4086 -1.5450 0.5936
Car -1 -1 -1.7424 707.7831 179.7623 763.8566 222.0420 1.5005 1.5323 3.5702 4.7672 1.7859 27.9777 -1.5761 0.5332
Car -1 -1 -1.6798 700.0359 177.3131 744.5661 213.0843 1.5286 1.5985 3.8666 5.0807 1.7468 33.2845 -1.5303 0.4510
