Pedestrian -1 -1 3.0453 333.0910 166.4955 352.5054 201.2171 1.8129 0.4856 0.9192 -14.1434 1.4813 38.0897 2.6918 0.4304
Pedestrian -1 -1 2.8027 114.3171 167.9512 132.8402 196.2368 1.8322 0.5366 0.8779 -31.8819 1.5150 47.2472 2.2116 0.1926
Cyclist -1 -1 3.2064 333.4127 166.5222 353.6414 201.1331 1.8081 0.5081 0.9704 -14.0931 1.4777 38.0730 2.8538 0.1246
Car -1 -1 3.1210 384.5610 170.0113 472.8353 204.1091 1.5152 1.6113 3.8660 -8.4047 1.3892 33.3451 2.8756 0.7959
Car -1 -1 1.2363 679.7614 164.2453 726.1692 194.3080 1.9739 1.7668 4.5494 6.3193 1.4090 49.7814 1.3615 0.7612
Car -1 -1 0.7652 961.7734 160.4983 1017.5897 183.1796 1.6298 1.5951 3.5652 28.2234 0.7423 53.7890 1.2461 0.7272
Car -1 -1 0.8379 1156.0457 171.6714 1242.0000 202.5381 1.5560 1.6258 4.1876 31.5726 1.4967 38.5015 1.5207 0.3460
Car -1 -1 0.9761 885.6831 161.9144 946.7747 188.8221 1.8408 1.7809 4.5438 21.8542 1.0928 51.7615 1.3733 0.2437
Car -1 -1 1.0761 1067.6412 167.2982 1120.0603 187.4068 1.5082 1.6372 4.0839 37.6026 1.0919 56.2241 1.6630 0.2268
Car -1 -1 2.0107 9.5940 175.2408 73.1066 201.0771 1.5976 1.6588 4.1217 -37.1458 1.7614 47.2132 1.3466 0.2134
Car -1 -1 -2.0343 712.0839 167.2571 757.3561 193.2289 1.7599 1.6223 3.7775 8.7264 1.3810 50.9331 -1.8659 0.2005
