Pedestrian -1 -1 -3.3846 812.3243 167.4114 863.1136 251.3523 1.7653 0.5734 0.9250 4.8257 1.6512 15.4819 -3.0887 0.2467
Pedestrian -1 -1 2.1135 313.8515 160.4844 506.8731 375.0000 1.7909 0.6441 1.7450 -1.5353 1.7093 5.7022 1.8601 0.1048
Cyclist -1 -1 1.9021 329.2420 158.4180 488.4457 375.0000 1.8236 0.6229 1.8294 -1.5428 1.7289 5.6804 1.6466 0.8802
Car -1 -1 1.8141 349.8488 173.6319 504.1014 289.1537 1.7660 1.7072 4.2276 -3.1706 1.7829 13.1793 1.5817 0.9347
Car -1 -1 -1.9049 778.4000 191.4480 1186.8979 375.0000 1.4526 1.5372 3.5474 2.3997 1.6475 5.7419 -1.5286 0.8923
Car -1 -1 -1.4311 468.0283 182.3693 541.4578 239.3898 1.4604 1.5853 3.8991 -3.0231 1.7645 21.0790 -1.5725 0.8615
Car -1 -1 1.5465 633.3694 177.3344 667.9314 209.0758 1.5538 1.7017 4.1220 2.0539 1.8030 37.9901 1.5996 0.7013
Car -1 -1 1.6264 554.2075 170.8209 579.9543 195.9360 1.8950 1.7786 4.3858 -3.3550 1.7419 56.6342 1.5671 0.5164
Car -1 -1 -2.2170 0.0000 180.8962 126.6516 365.1356 1.4711 1.6088 3.9655 -7.1226 1.5609 6.9357 -2.9965 0.3389
Car -1 -1 1.5779 526.3428 178.1126 549.3936 199.6046 1.5009 1.6373 4.1039 -5.3657 1.9070 53.5423 1.4781 0.2700
