Pedestrian -1 -1 -1.1258 248.6323 179.3625 279.6869 237.6095 1.6936 0.6130 0.6403 -10.2835 1.8896 21.3687 -1.5699 0.1406
Pedestrian -1 -1 -2.9555 770.1583 168.1793 794.9366 208.6847 1.7602 0.6637 0.9595 7.5788 1.5574 31.8505 -2.7244 0.1344
Pedestrian -1 -1 0.9575 312.8030 170.5932 346.0130 220.6205 1.6974 0.5540 1.0784 -9.7725 1.6211 25.0083 0.5882 0.1207
Pedestrian -1 -1 -3.0577 707.6755 188.6731 734.1605 266.0916 1.6770 0.5855 0.5415 2.4318 2.0383 16.1151 -2.9118 0.1159
Pedestrian -1 -1 0.0794 314.0354 192.3671 341.5117 269.6104 1.6699 0.5816 0.5267 -6.3531 2.1161 16.1289 -0.2909 0.1076
Cyclist -1 -1 2.1623 353.7674 160.1273 384.5619 195.2320 1.8086 0.6180 1.8484 -12.7520 1.1533 38.1441 1.8415 0.2787
Cyclist -1 -1 0.5829 308.6263 170.9575 355.5696 219.7182 1.6610 0.5611 1.4496 -9.6728 1.5967 25.0057 0.2170 0.1318
Cyclist -1 -1 -2.7993 760.8107 166.1171 799.4017 205.9651 1.7247 0.5773 1.5567 7.4738 1.4335 31.8901 -2.5716 0.1061
Car -1 -1 1.7746 551.5178 175.5834 592.8822 202.2598 1.5143 1.6808 4.2091 -2.2623 1.6880 43.6148 1.7227 0.6902
Car -1 -1 -1.6968 329.1202 172.6850 353.0361 190.6806 1.6246 1.5934 4.0588 -25.1279 1.6097 67.3035 -2.0530 0.1145
