Pedestrian -1 -1 -2.4582 181.2806 165.7732 311.6059 343.3956 1.7251 0.6075 1.0537 -3.7279 1.5838 7.2775 -2.9124 0.9209
Pedestrian -1 -1 -1.9318 838.0991 176.9147 874.5128 249.5083 1.7974 0.7137 0.5474 6.2788 1.7103 17.7846 -1.5965 0.1718
Pedestrian -1 -1 0.9417 247.3485 163.1972 312.5024 249.6586 1.6199 0.4795 1.3116 -6.3834 1.2973 13.7748 0.5184 0.1252
Cyclist -1 -1 0.9417 247.3485 163.1972 312.5024 249.6586 1.6199 0.4795 1.3116 -6.3834 1.2973 13.7748 0.5184 0.1582
Cyclist -1 -1 -2.4845 189.7577 163.9813 321.8173 342.5928 1.7439 0.6385 1.0607 -3.6513 1.5843 7.3225 -2.9284 0.1127
Car -1 -1 -2.5480 286.3172 206.0091 447.2473 270.6421 1.5225 1.6007 3.8627 -6.3991 2.2552 18.9652 -2.8671 0.1641
Car -1 -1 1.7744 0.0000 190.8340 10.1279 251.0240 1.4420 1.6128 4.0877 -18.2272 1.7655 19.8503 1.0412 0.1600
Car -1 -1 -2.7566 522.4449 153.7787 618.3517 189.7424 1.5855 1.6537 4.1003 -1.6082 0.4089 32.6265 -2.8033 0.1132
Car -1 -1 -1.5209 542.2393 133.7545 617.0811 208.7693 1.8542 1.8400 4.7901 -0.6218 0.7004 19.8859 -1.5495 0.1131
Car -1 -1 1.4361 782.5656 190.3949 879.7800 264.3120 1.5502 1.7047 4.1669 5.4444 1.8289 17.6039 1.7324 0.1032
