Pedestrian -1 -1 -2.3591 976.3845 141.1917 1021.1575 207.5741 1.7776 0.5834 0.9463 10.6420 0.9301 19.8577 -1.8735 0.1783
Pedestrian -1 -1 -2.0886 706.0103 170.1886 736.2003 210.3925 1.7692 0.6206 1.6267 4.9698 1.6522 32.6191 -1.9393 0.1099
Cyclist -1 -1 -1.8146 709.4688 170.3203 732.4736 211.0913 1.7893 0.5984 1.8221 4.9599 1.6784 32.5977 -1.6655 0.7316
Cyclist -1 -1 -2.3994 962.3353 137.3233 1026.2175 201.4732 1.7027 0.5133 1.6411 10.5794 0.7600 20.0080 -1.9191 0.1893
Car -1 -1 -1.8469 811.0737 179.6685 1032.8312 318.1305 1.4376 1.6035 3.8330 3.8212 1.5480 9.6641 -1.4817 0.9268
Car -1 -1 1.3925 741.5370 182.1621 847.9999 262.0731 1.4854 1.5616 3.6951 3.8412 1.7132 15.7375 1.6266 0.8993
Car -1 -1 1.8192 573.6161 173.2635 624.4671 209.3521 1.7799 1.6990 4.1574 -0.5473 1.8030 37.8528 1.8042 0.8557
Car -1 -1 1.7383 614.3673 176.9714 649.6634 202.9829 1.5321 1.5706 4.0179 1.3942 1.8030 45.2918 1.7684 0.4624
Car -1 -1 1.7688 673.7391 176.0027 702.1595 194.6337 1.5052 1.6252 4.1154 6.6277 1.7824 61.2412 1.8757 0.1690
Car -1 -1 -1.9753 212.2365 173.6308 337.6719 236.4231 1.4880 1.5942 3.9053 -8.9529 1.5109 19.0408 -2.4098 0.1502
