Pedestrian -1 -1 -2.9229 508.5941 164.3352 614.3386 338.7790 1.7411 0.5263 1.0147 -0.4927 1.5814 7.3910 -2.9850 0.8606
Pedestrian -1 -1 -2.0619 835.4245 173.9903 872.2364 246.1952 1.7878 0.6810 0.5816 6.2377 1.6282 17.8427 -1.7296 0.1459
Pedestrian -1 -1 -1.6466 422.9688 131.9650 453.3159 218.8849 1.7374 0.5539 0.7847 -3.4908 0.7689 14.5847 -1.8743 0.1249
Cyclist -1 -1 1.6385 848.5283 184.8658 892.0478 291.2577 1.5997 0.5777 1.5033 4.2873 1.6773 11.4961 1.9880 0.1165
Cyclist -1 -1 -2.8906 502.8332 162.5067 611.7324 341.0080 1.7748 0.5267 1.0368 -0.5365 1.5976 7.3783 -2.9585 0.1162
Car -1 -1 1.7523 0.0000 189.6478 11.2231 249.6287 1.4678 1.5769 3.9155 -18.2444 1.7553 20.0139 1.0226 0.1637
Car -1 -1 2.1738 1081.7744 184.6354 1224.0000 250.6716 1.4784 1.6083 3.9484 13.9097 1.5893 17.3432 2.8424 0.1290
Car -1 -1 -2.5396 284.8856 204.8814 446.1650 270.5199 1.5479 1.6128 3.8685 -6.4302 2.2485 18.9546 -2.8604 0.1258
Car -1 -1 1.4017 780.0469 195.5422 881.8063 269.4046 1.5224 1.6847 4.1412 5.4350 1.9447 17.6083 1.6973 0.1157
Car -1 -1 -2.7567 522.4355 153.7464 618.3876 189.7728 1.5883 1.6546 4.1023 -1.6076 0.4103 32.6268 -2.8034 0.1146
Car -1 -1 0.5132 0.0000 195.3953 130.6148 240.6000 1.5065 1.6156 3.9714 -19.6056 2.0645 25.3383 -0.1378 0.1068
