Pedestrian -1 -1 1.2948 611.5001 172.5153 630.2855 205.3784 1.7784 0.6267 1.5865 0.5578 1.7604 39.8900 1.3081 0.1535
Cyclist -1 -1 1.4205 613.0616 172.5343 628.6154 206.0635 1.8116 0.6058 1.7147 0.5548 1.7947 39.8726 1.4338 0.7481
Cyclist -1 -1 -1.7362 696.7471 185.0896 787.5700 265.6466 1.5642 1.4661 3.0012 2.7804 1.8609 15.9669 -1.5681 0.1315
Car -1 -1 -1.2469 235.7291 185.5460 482.2339 347.6512 1.4283 1.5486 3.7057 -2.7060 1.6114 8.5186 -1.5466 0.8756
Car -1 -1 -1.7103 700.1375 185.1489 788.2672 265.8028 1.5582 1.4753 2.9620 2.8157 1.8552 15.8993 -1.5393 0.8670
Car -1 -1 1.7290 520.4876 172.4997 581.2993 219.6443 1.7060 1.7439 4.0929 -2.2711 1.6936 28.2158 1.6488 0.8585
Car -1 -1 0.3107 333.5885 173.8395 471.1291 223.2837 1.4453 1.5635 3.7244 -6.3002 1.4768 21.9665 0.0341 0.7933
Car -1 -1 -1.7135 680.2780 183.0133 753.5815 242.6634 1.5217 1.5706 3.5187 2.9418 1.8394 20.7680 -1.5757 0.7277
Car -1 -1 -1.4674 554.8719 176.9506 594.9036 209.9845 1.5415 1.6082 3.9435 -1.7451 1.7587 36.1797 -1.5158 0.5015
Car -1 -1 1.5064 651.9968 178.2633 678.2119 200.8833 1.5652 1.6504 4.0360 3.9773 1.9775 52.9185 1.5806 0.4627
Car -1 -1 2.5874 0.0000 0.0000 1242.0000 375.0000 1.4814 1.5969 3.8602 -2.8690 1.3189 1.2978 1.5192 0.4274
