Pedestrian -1 -1 -1.6405 578.9457 165.7185 601.2730 217.9340 1.8119 0.7322 0.7924 -0.7519 1.5646 25.4651 -1.6704 0.2912
Pedestrian -1 -1 -0.1223 459.4038 164.2892 474.7960 194.8910 1.8496 0.5931 0.8552 -8.7538 1.3323 44.0232 -0.3177 0.2053
Cyclist -1 -1 -1.5585 577.8836 166.1377 597.7769 218.5212 1.8119 0.6880 0.9917 -0.8216 1.5799 25.4568 -1.5911 0.1178
Car -1 -1 2.9783 600.3488 170.5769 673.0993 200.0102 1.5635 1.6194 3.7506 1.3941 1.4429 39.3688 3.0129 0.7686
Car -1 -1 2.8805 44.2099 172.6835 179.8138 213.0476 1.5846 1.6548 4.4532 -21.0202 1.5783 30.5501 2.2818 0.4809
Car -1 -1 1.2431 791.3584 162.0257 830.9247 185.7357 1.7157 1.6720 3.9453 15.0386 0.9325 54.2288 1.5120 0.4368
Car -1 -1 1.1852 756.1093 164.8791 801.1147 189.1825 1.7134 1.6964 4.3717 12.3328 1.1516 53.1598 1.4117 0.4185
Car -1 -1 0.8259 1033.7281 160.5670 1094.6307 185.1705 1.8039 1.6564 3.9878 34.5275 0.9034 55.0126 1.3838 0.3310
Car -1 -1 1.8053 217.2780 166.9855 255.3215 191.2941 1.7921 1.6623 4.1837 -28.6722 1.3598 55.4207 1.3297 0.1737
Car -1 -1 -2.0080 885.6592 162.5287 956.2317 195.5132 1.5276 1.6320 3.9758 15.1354 1.0497 35.4291 -1.6075 0.1652
