Pedestrian -1 -1 2.1359 100.7976 105.3221 368.4331 375.0000 1.6602 0.6547 0.9569 -1.6852 1.4014 3.2805 1.6916 0.5416
Pedestrian -1 -1 -0.0291 822.8333 162.3404 879.8017 255.5078 1.8171 0.7151 1.0620 4.8004 1.6124 14.5609 0.2825 0.2258
Pedestrian -1 -1 -1.1643 295.8759 170.0167 325.3886 226.6757 1.7598 0.5954 0.7951 -9.5032 1.6721 22.8106 -1.5553 0.1846
Cyclist -1 -1 2.1928 0.0000 104.9076 361.3055 375.0000 1.7655 0.6426 1.5099 -1.7800 1.5504 3.0761 1.7028 0.2786
Cyclist -1 -1 1.2219 662.5524 171.9867 677.5463 197.0814 1.7142 0.5242 1.5863 4.1349 1.6553 50.1187 1.3033 0.2053
Car -1 -1 1.8422 318.0491 167.3561 496.3520 303.4810 1.8690 1.7306 4.1833 -3.1725 1.7939 12.0105 1.5884 0.9359
Car -1 -1 -1.4028 459.2517 180.9766 540.3633 242.9070 1.4995 1.5817 3.8348 -2.9815 1.7457 19.9074 -1.5503 0.8792
Car -1 -1 -1.9618 804.9165 194.9480 1242.0000 375.0000 1.4306 1.5372 3.7018 2.3951 1.6330 4.7054 -1.5174 0.8257
Car -1 -1 1.5737 634.1568 176.2135 669.5773 209.6951 1.5894 1.7021 4.1942 2.0987 1.7712 36.8230 1.6296 0.7572
Car -1 -1 1.7165 553.6606 167.3955 585.5878 194.4480 1.9988 1.8360 4.4146 -3.0899 1.5959 55.5895 1.6609 0.6120
Car -1 -1 1.5548 524.3518 172.2935 547.4064 193.9972 1.5116 1.5939 3.8816 -5.4272 1.4729 52.2726 1.4515 0.3868
