Pedestrian -1 -1 -3.0053 965.5135 180.0327 994.6542 241.2880 1.8006 0.7115 0.6987 11.1450 2.0229 21.8131 -2.5392 0.3765
Pedestrian -1 -1 -1.5473 725.0319 171.8154 740.6383 211.4283 1.7526 0.6750 0.7689 5.4731 1.7070 32.3619 -1.3818 0.2666
Pedestrian -1 -1 -0.7970 303.7162 174.4758 326.5154 212.0018 1.8476 0.6120 0.8845 -14.7850 1.9303 36.0927 -1.1836 0.2138
Pedestrian -1 -1 -0.4378 862.0961 167.5481 889.4430 214.7062 1.7779 0.6861 0.7596 10.1095 1.5782 27.5760 -0.0904 0.1808
Pedestrian -1 -1 0.8364 957.8079 143.9597 998.5598 191.4967 1.7889 0.5853 1.4411 14.1894 0.7019 27.9225 1.3022 0.1089
Cyclist -1 -1 0.8324 956.9543 143.0783 998.6973 190.1810 1.7732 0.5778 1.4990 14.1933 0.6526 27.9596 1.2979 0.2177
Car -1 -1 2.0088 223.6237 186.4326 318.7363 237.5168 1.6332 1.6057 3.8589 -12.1400 2.1598 26.0268 1.5759 0.8978
Car -1 -1 2.0955 105.1102 193.7474 269.4825 267.8334 1.4042 1.5534 3.7827 -9.5860 1.9415 16.6417 1.5794 0.8843
Car -1 -1 -1.6299 601.8745 178.6799 630.5818 203.9977 1.5221 1.6027 3.9319 0.3299 1.9125 46.3040 -1.6233 0.5269
Car -1 -1 1.7793 455.8266 181.6109 490.1867 203.5435 1.5745 1.7293 4.4387 -10.5720 2.2795 55.8198 1.5926 0.4370
