Pedestrian -1 -1 2.0602 154.9497 170.7158 194.3692 238.6380 1.8172 0.6513 0.7338 -11.9152 1.7603 19.6836 1.5216 0.4329
Car -1 -1 -1.7418 653.9514 178.7474 726.2129 233.5364 1.6770 1.7270 4.2777 2.5983 1.8975 24.7473 -1.6393 0.9590
Car -1 -1 -2.7743 273.5087 186.6033 446.5399 246.8919 1.5149 1.6601 4.0852 -6.6983 1.9033 19.4522 -3.1023 0.9053
Car -1 -1 -2.0576 824.2151 200.8372 1242.0000 375.0000 1.4596 1.6249 4.4456 2.9886 1.7519 5.3010 -1.5692 0.8088
Car -1 -1 -1.6823 644.6720 185.2662 685.0327 219.9669 1.5571 1.5723 3.6411 2.6145 2.2009 35.5488 -1.6102 0.6630
Car -1 -1 -2.6204 362.8066 187.3049 483.8763 232.9640 1.4138 1.5455 3.6762 -6.3246 1.9267 24.3545 -2.8724 0.6275
Car -1 -1 0.1955 401.9362 181.8418 512.4377 221.0501 1.6396 1.6971 4.4664 -6.6339 2.0426 31.4443 -0.0113 0.6047
Car -1 -1 -2.8255 393.1754 185.5259 500.2869 225.7882 1.5321 1.6347 3.8961 -6.5765 2.0608 29.0810 -3.0465 0.4924
Car -1 -1 0.3943 332.9840 184.0807 475.3967 237.1753 1.5054 1.5978 3.8405 -6.2408 1.8626 21.9090 0.1194 0.4901
Car -1 -1 -1.3371 465.5924 171.9225 514.8127 204.2493 1.4686 1.5428 3.5678 -5.7267 1.4266 34.6100 -1.5003 0.4867
Car -1 -1 0.7270 763.4399 208.0123 1117.5175 375.0000 1.4682 1.6309 3.9972 3.8447 2.0253 9.2720 1.1073 0.4386
Car -1 -1 1.4521 629.9661 182.8625 661.5369 207.3581 1.4975 1.6132 4.0448 2.2989 2.1907 47.8764 1.4992 0.3950
