Pedestrian -1 -1 -2.1912 122.8191 182.8060 255.6214 374.0000 1.6737 0.7725 0.5956 -3.5156 1.6870 6.0710 -2.7042 0.9190
Pedestrian -1 -1 1.5824 254.3216 182.7271 301.8553 304.7405 1.8441 0.6642 0.9818 -5.1875 1.8659 11.4483 1.1596 0.9068
Pedestrian -1 -1 0.1418 754.5700 153.4868 841.6334 298.6423 1.7919 0.6757 1.0198 2.5277 1.4474 9.3723 0.3926 0.9067
Pedestrian -1 -1 1.7844 505.1379 177.6492 530.9965 233.6543 1.8180 0.6691 0.9585 -2.7823 1.6941 23.8236 1.6641 0.8982
Pedestrian -1 -1 -3.0921 1012.3374 134.1743 1144.9788 329.7186 1.7310 0.5683 1.0223 4.5028 1.3134 6.8808 -2.5354 0.8927
Pedestrian -1 -1 -1.1905 336.3427 185.2506 371.4644 251.2064 1.7215 0.6325 0.8176 -6.6454 1.8253 19.2179 -1.5247 0.7542
Pedestrian -1 -1 -2.6568 1069.9083 133.8611 1134.1372 247.6267 1.6788 0.5641 0.6198 7.6204 0.9771 11.0042 -2.0673 0.7135
Pedestrian -1 -1 0.6381 615.4307 172.0428 644.3401 228.6415 1.7573 0.7003 0.6227 0.8769 1.4648 22.7688 0.6708 0.6827
Pedestrian -1 -1 1.4247 590.5648 174.3352 612.1183 228.5765 1.7135 0.5852 0.7495 -0.0340 1.4883 23.1045 1.4179 0.6271
Pedestrian -1 -1 -1.2445 131.6827 185.3960 178.4174 268.3243 1.7780 0.6279 0.8976 -9.9359 1.8685 15.9544 -1.7997 0.6094
Pedestrian -1 -1 1.1977 689.1500 181.9394 733.1163 250.5929 1.6749 0.5596 1.5775 2.7503 1.6878 18.3645 1.3388 0.1230
Cyclist -1 -1 1.1846 689.1216 181.6049 733.6877 249.9074 1.6657 0.5544 1.5849 2.7553 1.6696 18.3535 1.3260 0.5360
Cyclist -1 -1 -3.1626 1019.2576 130.5048 1152.1356 325.1907 1.7304 0.5889 1.0203 4.5582 1.2785 6.8970 -2.6013 0.1209
Car -1 -1 1.8230 362.8613 163.4030 481.7780 260.8672 2.1954 1.8269 4.8077 -4.4718 1.7890 18.5941 1.5846 0.9074
Car -1 -1 1.7439 436.3531 172.2411 508.9981 231.4992 1.8959 1.7474 4.6776 -4.4437 1.6007 25.3216 1.5667 0.8037
