Pedestrian -1 -1 2.5170 910.7274 184.2633 952.8757 244.5431 1.8059 0.6561 0.9873 9.8495 2.1641 22.1995 2.9288 0.2610
Pedestrian -1 -1 0.8239 992.8838 155.9731 1060.3807 254.0169 1.8076 0.6272 0.9676 7.9255 1.4968 13.8440 1.3341 0.1942
Pedestrian -1 -1 0.6480 1056.2343 139.1508 1124.8412 245.6477 1.7822 0.6114 0.7827 8.2917 1.2186 12.5446 1.2210 0.1463
Pedestrian -1 -1 -1.6597 655.3753 184.4967 671.2264 222.8684 1.8035 0.7083 0.5088 2.4945 2.3620 34.3291 -1.5886 0.1307
Pedestrian -1 -1 -0.8630 1083.1772 168.6922 1145.8475 262.2005 1.7313 0.6200 0.7860 9.5625 1.6546 13.7589 -0.2663 0.1279
Cyclist -1 -1 1.2440 707.4380 157.1282 723.7256 184.9066 1.8277 0.5617 1.6966 7.0371 0.7934 48.3559 1.3875 0.2514
Cyclist -1 -1 0.7439 971.2778 157.7768 1060.0737 254.2209 1.7882 0.6783 1.4312 7.8778 1.5090 14.1620 1.2421 0.1482
Cyclist -1 -1 2.5232 908.0216 184.3448 952.6588 244.3584 1.7973 0.6492 1.0795 9.8047 2.1581 22.2000 2.9333 0.1276
Car -1 -1 1.8546 373.9344 187.1570 420.8078 215.7058 1.6818 1.7550 4.4099 -13.7871 2.6561 46.9199 1.5699 0.5512
Car -1 -1 2.1890 0.0000 199.8308 35.1238 295.5171 1.4304 1.6112 3.9543 -13.3993 2.0322 14.0170 1.4356 0.2609
Car -1 -1 1.9872 177.9756 195.2620 248.9395 228.4468 1.4708 1.6437 4.1398 -20.2600 2.6860 36.9847 1.4887 0.1729
Car -1 -1 1.4480 690.2031 175.1614 717.3589 196.7104 1.6715 1.6751 4.1622 7.5401 1.8656 58.4968 1.5751 0.1512
Car -1 -1 1.0936 85.4900 184.2126 145.5350 209.1145 1.4963 1.5895 3.8792 -31.8766 2.2534 46.4510 0.4946 0.1388
