Pedestrian -1 -1 0.2096 179.3592 186.7170 210.9626 235.0301 1.6833 0.7064 0.8530 -14.9091 2.1897 25.8701 -0.3091 0.7502
Pedestrian -1 -1 2.4953 808.3091 163.4488 833.2580 205.9002 1.7593 0.5470 0.8477 8.8112 1.3699 30.3066 2.7752 0.1932
Pedestrian -1 -1 -0.8772 819.0580 158.1555 843.4991 203.4495 1.7768 0.5913 0.7468 8.7763 1.2006 28.7548 -0.5842 0.1917
Pedestrian -1 -1 -2.4704 1115.3811 142.3082 1144.5201 188.5467 1.8885 0.6551 0.7313 21.5079 0.6413 29.9089 -1.8516 0.1267
Pedestrian -1 -1 -0.0140 222.3387 180.5952 270.8336 224.3564 1.7379 0.6265 1.7594 -14.9303 2.0629 29.5762 -0.4782 0.1055
Cyclist -1 -1 0.1026 221.6676 180.6801 271.8604 225.3919 1.7812 0.6189 1.7821 -14.9015 2.1087 29.5565 -0.3611 0.8739
Cyclist -1 -1 2.0957 129.7133 185.0674 157.5215 215.2240 1.7839 0.5514 1.9136 -28.7358 2.5528 44.4325 1.5241 0.3990
Cyclist -1 -1 0.1674 182.1104 186.4452 214.8346 235.2731 1.7032 0.6711 0.9205 -14.8078 2.2004 25.9015 -0.3478 0.1658
Car -1 -1 -1.6254 592.4431 175.3785 624.7864 203.5496 1.4995 1.6043 3.9305 -0.1561 1.6496 40.7731 -1.6297 0.6409
Car -1 -1 -1.0264 1060.9070 153.5289 1119.8478 178.1091 1.6806 1.6484 3.9787 33.8820 0.3597 50.9255 -0.4420 0.1557
Car -1 -1 -2.7489 1125.0450 154.3039 1242.0000 199.1481 2.1350 1.8586 4.9515 29.5887 1.2522 36.9641 -2.0780 0.1434
Car -1 -1 -2.2131 154.5742 185.4629 225.3862 229.9443 1.5477 1.2355 2.1272 -15.5505 2.0310 26.6486 -2.7372 0.1411
