Pedestrian -1 -1 -1.8772 708.1605 165.8633 734.3303 219.1237 1.8294 0.6173 1.0479 3.8555 1.5896 25.3467 -1.7286 0.6587
Pedestrian -1 -1 0.2523 1057.3252 69.3915 1242.0000 375.0000 1.6208 0.4270 0.6812 2.6546 1.1562 3.6366 0.8454 0.3471
Pedestrian -1 -1 1.6569 330.1197 170.5346 400.5246 334.6554 1.8071 0.6625 1.7267 -3.0147 1.7820 8.8588 1.3368 0.1346
Pedestrian -1 -1 1.4292 482.9977 180.8375 509.5516 238.7953 1.7228 0.5895 1.6561 -3.6161 1.9826 22.5655 1.2714 0.1079
Cyclist -1 -1 1.6377 484.2814 180.4536 506.3840 240.4029 1.7789 0.5675 1.7526 -3.6138 2.0260 22.5335 1.4798 0.8671
Cyclist -1 -1 1.8214 312.5522 169.3825 407.1674 339.5048 1.8556 0.6366 1.8685 -3.0515 1.8181 8.8229 1.4965 0.8033
Cyclist -1 -1 1.8748 242.0228 177.2489 349.1572 348.9288 1.7495 0.5848 1.8778 -3.6281 1.8067 8.3616 1.4760 0.5694
Cyclist -1 -1 -1.8985 706.7326 167.1131 736.8013 220.8207 1.8192 0.5954 1.4545 3.8465 1.6251 25.2053 -1.7494 0.1051
Car -1 -1 1.8069 335.7783 192.0058 445.6070 266.0629 1.5347 1.6647 4.3358 -5.4430 2.0794 18.2976 1.5210 0.9118
Car -1 -1 1.7648 482.8141 185.5976 531.7211 221.6087 1.6683 1.7173 4.1399 -5.2419 2.3601 37.0334 1.6246 0.8316
Car -1 -1 -1.5702 641.9422 180.9594 673.7071 212.8072 1.5876 1.6301 4.1776 2.5563 2.0523 39.1909 -1.5061 0.7343
Car -1 -1 -1.3783 656.2968 178.8732 689.8162 202.6763 1.5159 1.5742 3.8118 4.2929 1.9424 49.0325 -1.2920 0.2802
