Pedestrian -1 -1 1.7895 300.0353 181.6005 312.6660 209.3223 1.8830 0.6783 0.6378 -20.9081 2.4894 49.6171 1.3923 0.2260
Pedestrian -1 -1 -0.0396 1175.6279 231.7832 1242.0000 375.0000 1.6831 0.5637 0.7628 5.5831 2.2566 6.5615 0.6416 0.1810
Cyclist -1 -1 -2.1750 736.1792 177.7121 755.7319 202.0232 1.6524 0.4528 1.6937 9.4308 1.9970 50.2515 -1.9911 0.1685
Car -1 -1 1.9757 221.7450 194.9180 317.9830 240.1354 1.4528 1.7513 4.2778 -12.8423 2.3589 27.4547 1.5414 0.8862
Car -1 -1 -1.6549 569.7599 177.5702 615.2017 217.3315 1.6824 1.7120 4.5289 -0.9190 1.9166 33.4301 -1.6828 0.8563
Car -1 -1 1.8548 369.0992 187.5073 415.8633 215.8821 1.5857 1.6716 4.1178 -13.3865 2.5320 44.5157 1.5638 0.6213
Car -1 -1 1.9263 326.2385 193.6927 369.2417 216.4182 1.4685 1.6211 4.0551 -19.0099 3.0406 52.3868 1.5794 0.2212
Car -1 -1 -1.5691 670.8298 179.4594 696.3187 203.4837 1.5430 1.6707 3.9095 5.0136 2.0150 49.4840 -1.4693 0.1940
Car -1 -1 2.0531 260.3973 175.1832 312.7939 198.6403 1.5355 1.5849 4.0661 -22.2443 1.7031 49.7204 1.6342 0.1689
Car -1 -1 1.9083 536.5222 186.4802 568.9262 205.2129 1.4844 1.5764 3.9432 -4.9329 2.7021 62.3478 1.8292 0.1637
Car -1 -1 1.9213 468.3624 185.0162 504.0448 205.1739 1.5265 1.5938 4.0683 -10.1642 2.5637 59.3686 1.7521 0.1311
Car -1 -1 -0.8897 240.5022 156.1592 305.5536 183.8855 1.6272 1.6177 3.7535 -20.6777 0.6478 44.3596 -1.3237 0.1280
