Pedestrian -1 -1 -1.9597 755.0327 178.1146 781.7140 229.6943 1.6790 0.5821 0.8389 5.5098 1.5699 23.8427 -1.7403 0.8787
Pedestrian -1 -1 2.1184 678.8927 177.2906 712.3181 237.4978 1.7866 0.6461 0.8853 2.8417 1.6628 21.8608 2.2408 0.5572
Pedestrian -1 -1 0.7855 538.3625 183.7665 554.0262 212.9939 1.7831 0.5425 0.8202 -3.4078 1.9253 44.3661 0.7040 0.2495
Pedestrian -1 -1 1.3099 529.7693 185.8038 542.3121 215.2127 1.7456 0.6363 0.5141 -3.9211 2.0066 43.0894 1.2145 0.2219
Pedestrian -1 -1 -1.3834 513.2380 196.0371 539.8445 254.1440 1.7589 0.7162 0.6453 -2.3436 2.2177 22.2660 -1.4927 0.1892
Pedestrian -1 -1 -0.0278 559.5515 189.0269 576.2264 218.9582 1.7586 0.7160 0.9685 -1.9999 2.2120 42.7969 -0.0795 0.1819
Cyclist -1 -1 -0.0398 558.4587 188.1566 583.3743 217.8881 1.7476 0.7256 1.4525 -1.8225 2.1492 42.8344 -0.0874 0.1828
Car -1 -1 1.8083 334.0314 153.5657 522.5879 326.0911 2.1119 1.7168 4.6515 -2.4250 1.7713 11.1345 1.5927 0.8805
Car -1 -1 2.1005 0.0000 81.4901 406.9052 374.0000 1.7883 1.7696 4.6753 -2.7891 1.4840 4.5339 1.5675 0.8051
Car -1 -1 -1.6235 654.8390 180.8277 690.2953 216.5782 1.8785 1.7072 4.1141 3.8911 1.8440 39.8309 -1.5320 0.7837
Car -1 -1 -0.8981 0.0000 155.8396 124.4883 212.2851 1.6253 1.6346 4.1684 -17.3859 0.8876 22.7826 -1.5493 0.2447
Car -1 -1 -1.5982 725.1022 183.6564 756.0425 211.5964 1.4739 1.5635 3.7447 7.7364 1.6012 40.1647 -1.4143 0.2279
Car -1 -1 -1.6483 555.2900 189.3054 586.6044 220.4038 1.7969 1.6192 3.8502 -1.9241 2.3033 44.5235 -1.6965 0.2144
Car -1 -1 1.3285 630.2601 186.3953 664.7756 208.4172 1.5070 1.5812 3.9171 3.3186 1.8770 52.1418 1.3866 0.2071
Car -1 -1 -1.3808 746.7814 178.2298 771.0764 194.9355 1.5429 1.5792 3.8717 15.0687 1.2412 68.4309 -1.1698 0.1993
Car -1 -1 1.4048 658.1348 196.4284 704.3042 231.8735 1.4668 1.5102 3.5951 3.6107 2.1942 33.1149 1.5072 0.1706
