Pedestrian -1 -1 1.0864 643.0197 138.9423 718.2247 276.4059 1.8450 0.6804 0.9843 1.0126 1.2889 10.0689 1.1855 0.8734
Pedestrian -1 -1 1.4366 480.6224 143.7427 510.4784 215.9739 1.8380 0.6585 0.9065 -2.9104 0.9043 18.5147 1.2854 0.8329
Pedestrian -1 -1 1.5259 520.0602 142.3930 549.6352 216.9831 1.8461 0.7091 0.9175 -1.8318 0.9045 17.9985 1.4284 0.8143
Pedestrian -1 -1 1.0765 635.0623 129.0961 704.0731 255.4334 1.8883 0.6586 1.0602 0.9581 1.1216 11.1801 1.1618 0.6325
Pedestrian -1 -1 1.4055 399.6974 140.3522 427.0065 208.9997 1.7490 0.5887 0.6607 -5.0373 0.7277 18.4317 1.1453 0.6214
Pedestrian -1 -1 1.2771 583.8143 145.7471 659.8519 287.3513 1.8636 0.7706 1.1273 0.1659 1.4079 9.9477 1.2951 0.5889
Pedestrian -1 -1 1.5340 424.7404 142.3975 449.7603 204.1098 1.9107 0.7396 1.0217 -5.3720 0.7325 22.4765 1.3047 0.5860
Pedestrian -1 -1 1.3836 511.2267 146.3308 537.8648 214.3010 1.8391 0.5724 0.9360 -2.2791 0.9162 19.6575 1.2721 0.5582
Pedestrian -1 -1 1.2383 500.1048 139.9882 527.6140 201.7180 1.8450 0.5490 0.9774 -2.8346 0.6357 21.6869 1.1124 0.5461
Pedestrian -1 -1 0.7993 447.4971 149.1614 485.4183 213.2940 1.7833 0.5585 0.9490 -3.9859 0.9135 20.1562 0.6091 0.4980
Pedestrian -1 -1 1.0190 106.3872 147.4115 178.0446 259.1303 1.7914 0.6272 0.9028 -7.7748 1.2624 11.8112 0.4511 0.4952
Pedestrian -1 -1 0.6544 434.6494 155.2499 466.9757 220.7189 1.7117 0.5300 0.6558 -4.1479 1.0531 18.8614 0.4434 0.4528
Pedestrian -1 -1 0.9016 235.4441 144.0200 290.2340 245.1582 1.6760 0.5171 0.7115 -5.9006 1.0731 12.1016 0.4604 0.4154
Pedestrian -1 -1 -1.7729 268.3179 142.8355 319.0593 254.5684 1.7536 0.6546 0.5966 -5.1236 1.1641 11.5238 -2.1790 0.4135
Pedestrian -1 -1 -1.6974 569.7429 146.2830 583.1265 178.3056 1.8572 0.7042 0.6815 -1.6840 -0.1285 41.4496 -1.7356 0.4098
Pedestrian -1 -1 1.1417 543.1739 136.9754 581.0511 210.9334 1.8578 0.6476 0.9399 -1.1554 0.7661 18.3233 1.0820 0.4046
Cyclist -1 -1 0.1266 319.2077 152.7353 365.0067 192.8149 1.7101 0.7456 1.7845 -11.4282 0.5269 30.7247 -0.2240 0.4301
Cyclist -1 -1 1.2771 583.8143 145.7471 659.8519 287.3513 1.8636 0.7706 1.1273 0.1659 1.4079 9.9477 1.2951 0.2069
Cyclist -1 -1 1.0765 635.0623 129.0961 704.0731 255.4334 1.8883 0.6586 1.0602 0.9581 1.1216 11.1801 1.1618 0.2012
Cyclist -1 -1 0.7993 447.4971 149.1614 485.4183 213.2940 1.7833 0.5585 0.9490 -3.9859 0.9135 20.1562 0.6091 0.1541
Cyclist -1 -1 1.4090 511.8273 146.4958 538.1381 212.8502 1.7940 0.5867 0.9158 -2.2640 0.8762 19.6316 1.2981 0.1326
