Pedestrian -1 -1 -1.6150 861.1406 140.3232 877.8955 183.9511 1.8896 0.6579 0.7193 11.3527 0.4810 31.6878 -1.2740 0.2072
Car -1 -1 1.8970 294.6115 187.1637 450.2574 287.9222 1.6126 1.6649 3.9645 -4.4877 1.9327 14.1146 1.5937 0.9401
Car -1 -1 1.8054 397.4372 184.0455 497.7651 255.4186 1.6347 1.6736 4.1496 -4.2428 1.9664 19.2700 1.5907 0.9215
Car -1 -1 -1.6914 699.3948 175.0289 748.7990 218.1887 1.8129 1.6923 4.1877 5.0488 1.9180 32.6368 -1.5399 0.8722
Car -1 -1 1.7609 489.4232 184.8305 546.8647 228.3170 1.5577 1.5898 3.7798 -3.6420 2.0691 28.8476 1.6358 0.8500
Car -1 -1 1.7917 452.7786 188.5453 525.1034 239.9564 1.4983 1.5774 3.8597 -4.0117 2.0679 24.2012 1.6284 0.7608
Car -1 -1 -2.2075 944.1696 203.4112 1242.0000 375.0000 1.4789 1.6358 4.0307 3.6608 1.7497 4.3462 -1.5416 0.7596
Car -1 -1 0.5915 0.0000 196.5122 122.8920 258.2371 1.4519 1.5516 3.6793 -14.9969 2.0922 18.5958 -0.0803 0.6288
Car -1 -1 1.4945 580.7074 182.5363 605.4938 203.3856 1.4892 1.6007 3.9608 -1.3581 2.2617 55.4898 1.4696 0.3302
Car -1 -1 0.8261 829.7586 173.5251 932.0707 215.8201 1.5663 1.6179 3.8794 10.6996 1.5955 28.8859 1.1770 0.2640
