Pedestrian -1 -1 1.8544 204.6009 166.8997 235.4293 228.1919 1.8314 0.6978 0.5447 -11.8747 1.6538 21.8949 1.3623 0.6347
Pedestrian -1 -1 -0.4742 480.9397 181.0679 505.5158 222.3880 1.7066 0.7098 0.7892 -4.9826 2.0604 30.5248 -0.6352 0.2694
Car -1 -1 -1.7538 652.8975 176.6486 720.1161 228.6958 1.7441 1.7081 4.1765 2.6882 1.8959 26.6428 -1.6551 0.9434
Car -1 -1 -1.9811 768.6442 198.3979 1149.5100 375.0000 1.4315 1.6296 4.2666 2.9186 1.7667 7.2873 -1.6155 0.8884
Car -1 -1 -2.8101 308.0079 181.4672 462.8951 236.6645 1.5487 1.6775 4.0690 -6.6354 1.8158 21.4333 -3.1073 0.8744
Car -1 -1 -1.6306 646.0391 182.0901 680.3107 212.8499 1.4754 1.5508 3.5798 2.6830 1.9786 37.4837 -1.5604 0.6581
Car -1 -1 -2.5699 384.9550 181.8765 494.3786 223.6262 1.4140 1.5415 3.6328 -6.2543 1.7605 26.3438 -2.8012 0.5944
Car -1 -1 0.1259 413.5295 177.6727 514.9186 212.8188 1.5563 1.6478 4.3997 -6.6780 1.7849 33.1958 -0.0716 0.4403
Car -1 -1 0.6164 724.3207 186.5909 1012.9929 306.9211 1.4687 1.6196 4.0805 3.8072 1.7266 11.4074 0.9296 0.3951
Car -1 -1 0.7192 115.9737 184.7802 381.6859 280.7058 1.4910 1.6438 4.2179 -6.4585 1.7266 12.8868 0.2624 0.3610
Car -1 -1 1.6670 634.6158 179.9438 662.5741 203.6003 1.5204 1.5669 3.7710 2.6543 2.0271 49.5397 1.7197 0.3571
Car -1 -1 -1.6141 473.3922 171.8258 508.2586 202.9722 1.4932 1.5783 3.6904 -6.1156 1.4442 36.5567 -1.7790 0.2702
Car -1 -1 -2.7439 412.7563 181.8408 508.9995 219.7032 1.5452 1.6067 3.7378 -6.4485 1.9477 31.1389 -2.9470 0.2621
