Pedestrian -1 -1 2.5632 620.3898 183.1009 641.4509 221.4054 1.6973 0.5368 0.7785 1.0053 1.6048 32.2818 2.5936 0.2892
Pedestrian -1 -1 -0.2396 854.6041 201.8660 901.0790 306.7679 1.5798 0.4357 0.5841 4.1308 1.8450 11.1484 0.1065 0.1878
Pedestrian -1 -1 1.3122 919.0925 126.1654 965.8681 205.1661 1.7454 0.5911 1.5595 7.7027 0.4419 16.6963 1.7379 0.1127
Cyclist -1 -1 1.3187 918.4807 126.5813 965.6848 205.4115 1.7385 0.5999 1.5939 7.6877 0.4465 16.6859 1.7439 0.2247
Cyclist -1 -1 2.5632 620.3898 183.1009 641.4509 221.4054 1.6973 0.5368 0.7785 1.0053 1.6048 32.2818 2.5936 0.1117
Car -1 -1 -1.4976 717.2994 184.1005 772.9512 233.1281 1.5951 1.6747 3.6549 4.8679 1.5599 25.3654 -1.3105 0.9049
Car -1 -1 1.7673 283.2076 189.8592 331.6579 220.9097 1.5940 1.6571 4.3355 -16.6105 1.8675 39.8710 1.3745 0.5679
Car -1 -1 -1.0388 0.0000 212.8668 46.2384 265.0415 1.4610 1.6098 3.7715 -20.9986 2.4715 24.2409 -1.7477 0.5570
Car -1 -1 1.7654 793.7885 179.9703 826.4169 201.3301 1.4861 1.5703 3.8405 14.6723 1.1223 52.0794 2.0382 0.3444
Car -1 -1 -1.3833 62.3866 203.0024 124.3885 241.8656 1.5651 1.5933 3.9623 -23.5798 2.4364 33.0311 -1.9999 0.3429
Car -1 -1 -1.7362 444.7718 177.7785 488.7534 208.2178 1.5040 1.6181 4.0083 -7.4691 1.1376 37.6744 -1.9309 0.3184
Car -1 -1 1.9495 0.0000 218.7057 22.6380 303.6417 1.4190 1.6153 3.9165 -14.6880 2.2547 15.7931 1.2082 0.3002
Car -1 -1 3.3042 288.4376 185.0568 357.6290 211.8349 1.6949 1.6911 3.9610 -18.4772 1.6860 46.7391 2.9293 0.1930
