Cyclist -1 -1 3.1702 451.5805 161.4024 511.4157 214.3551 1.6581 0.8239 1.8574 -4.0730 0.9136 23.0475 2.9970 0.3727
Car -1 -1 -1.2044 188.2462 195.3023 408.6379 328.1232 1.4075 1.5100 3.4079 -3.9166 1.5672 9.5868 -1.5828 0.9047
Car -1 -1 -1.1420 122.0635 188.9995 278.9171 262.3884 1.3938 1.5736 3.6514 -8.7512 1.4876 15.7203 -1.6429 0.8403
Car -1 -1 -1.6770 560.3382 177.6756 604.2067 212.5894 1.5547 1.6620 3.8809 -1.2953 1.2201 34.0473 -1.7151 0.8114
Car -1 -1 -1.1920 121.5218 186.4788 234.4897 241.9430 1.5248 1.6116 3.8702 -12.9688 1.5679 21.8853 -1.7219 0.6590
Car -1 -1 -0.9010 0.0000 194.6942 150.0120 336.4027 1.4665 1.4971 3.4433 -7.8665 1.6144 9.3985 -1.5841 0.6583
Car -1 -1 1.7955 378.7236 181.2765 434.8347 217.8446 1.4948 1.5547 3.7194 -8.7062 1.3349 31.2743 1.5259 0.5736
Car -1 -1 -1.2607 261.4536 179.6990 332.0111 216.7849 1.4521 1.5864 3.9156 -12.9906 1.2372 30.1663 -1.6644 0.5273
Car -1 -1 2.4761 0.0000 0.0000 1241.0000 376.0000 1.4422 1.5907 3.9183 -3.0607 1.4981 1.6458 1.4667 0.3829
Car -1 -1 -1.3492 448.1917 167.7079 528.6365 232.5173 2.1278 1.8629 4.7300 -4.2303 1.5541 26.0153 -1.5092 0.2999
