Pedestrian -1 -1 -1.6299 487.0375 179.5176 500.6928 216.0352 1.7882 0.6300 0.6951 -5.8170 2.1238 35.8862 -1.7900 0.3407
Pedestrian -1 -1 -1.6738 881.3013 176.2071 923.4964 289.7944 1.6535 0.4451 1.4316 4.5031 1.7098 11.2942 -1.3045 0.1762
Cyclist -1 -1 -1.8806 870.4062 176.8961 936.2397 292.9594 1.6664 0.4306 1.6961 4.4929 1.7347 11.2759 -1.5115 0.7146
Car -1 -1 -1.8338 714.6534 176.2563 907.0174 312.7904 1.5913 1.6309 3.8051 2.5987 1.6499 10.4263 -1.5974 0.9441
Car -1 -1 -1.7608 658.7881 169.0349 748.9135 238.1489 1.7427 1.7152 4.1935 2.4722 1.6468 20.3434 -1.6424 0.9110
Car -1 -1 1.8154 313.8896 182.1350 494.2827 322.9197 1.5848 1.5683 3.5187 -2.7220 1.7382 10.1221 1.5582 0.9075
Car -1 -1 -1.7452 684.8309 180.4772 792.9444 263.1835 1.4838 1.5675 3.6268 2.5125 1.6630 15.1020 -1.5845 0.8336
Car -1 -1 -1.6480 650.8787 165.7584 697.8301 211.1654 2.0356 1.8622 4.8226 2.9834 1.7179 34.7616 -1.5637 0.7685
Car -1 -1 1.6654 522.4876 174.2446 567.1406 210.4101 1.6216 1.7345 4.3472 -3.1063 1.6930 34.6959 1.5762 0.7498
Car -1 -1 1.4733 638.7685 175.7174 672.4012 203.4079 1.5272 1.5864 3.7799 2.5829 1.7023 42.1071 1.5336 0.4558
