Pedestrian -1 -1 -3.0137 1222.0314 112.5360 1242.0000 176.3019 1.8581 0.6145 0.7803 18.7692 0.1008 21.5180 -2.3028 0.1387
Pedestrian -1 -1 0.5529 873.0272 164.7640 915.5179 246.9469 1.6516 0.4831 0.6625 5.8202 1.4894 14.9075 0.9178 0.1204
Pedestrian -1 -1 1.2262 660.6808 166.5396 685.7886 208.1499 1.7662 0.5839 1.5885 2.7053 1.4985 31.4665 1.3106 0.1176
Pedestrian -1 -1 0.6476 906.5961 167.7677 955.8253 260.0226 1.6463 0.5147 0.6491 5.8571 1.5559 13.2822 1.0540 0.1133
Cyclist -1 -1 1.4099 663.6401 166.7037 682.9642 208.8053 1.7819 0.5593 1.7518 2.7056 1.5219 31.4297 1.4945 0.8181
Car -1 -1 -1.5049 585.0629 178.2875 613.0610 202.9143 1.5388 1.6026 4.1090 -0.7206 1.9172 48.0990 -1.5203 0.5412
Car -1 -1 -0.9902 141.0083 171.0268 255.5817 227.5330 2.4352 1.9721 5.4779 -19.1685 2.3568 33.8933 -1.5018 0.2225
Car -1 -1 1.6541 454.2311 180.9133 488.8938 210.8835 1.4903 1.5245 3.7712 -7.4498 1.9468 38.8821 1.4656 0.1621
Car -1 -1 1.7243 491.9305 181.8854 525.2433 205.8688 1.5328 1.6484 4.2575 -6.9894 2.1841 49.8641 1.5853 0.1554
Car -1 -1 2.1499 302.1680 188.1866 348.8374 209.1133 1.4967 1.5501 3.8539 -22.3049 2.7443 56.6443 1.7760 0.1270
