Pedestrian -1 -1 -1.8744 467.5608 157.8603 484.4010 196.0130 1.8546 0.6699 0.5854 -6.6311 1.1261 35.4863 -2.0581 0.1499
Pedestrian -1 -1 2.1690 870.7109 141.7989 897.7977 193.6188 1.8506 0.6385 0.6996 9.9252 0.7419 26.2277 2.5269 0.1285
Pedestrian -1 -1 -0.6670 881.4978 137.9809 910.8023 191.6108 1.8399 0.6505 0.6962 9.9316 0.6438 25.1632 -0.2951 0.1099
Pedestrian -1 -1 -2.3471 884.3815 158.4379 916.8312 219.0839 1.8360 0.6430 0.6712 8.9226 1.4000 22.2759 -1.9711 0.1080
Pedestrian -1 -1 -2.1483 497.3688 153.6917 515.3240 186.9468 1.8372 0.6543 0.8177 -5.8378 0.7789 40.3818 -2.2912 0.1028
Cyclist -1 -1 0.9599 883.6879 156.1888 943.1039 230.1392 1.7390 0.6141 1.4556 7.3863 1.3475 17.7428 1.3479 0.1001
Car -1 -1 1.2572 746.8538 159.4061 940.7682 288.9529 1.6937 1.6599 4.0315 3.3989 1.5182 11.4731 1.5373 0.9326
Car -1 -1 1.6920 511.7855 177.9483 560.2601 221.0920 1.8165 1.7183 4.0746 -3.3469 2.0638 32.9154 1.5909 0.8846
Car -1 -1 -1.7083 676.0330 172.8044 736.5190 219.1140 1.6066 1.6786 4.0857 3.4853 1.6052 27.0809 -1.5823 0.8605
Car -1 -1 -1.4243 571.9913 176.6800 609.7922 203.9882 1.5433 1.6885 4.2046 -1.1353 1.7864 43.5763 -1.4506 0.7779
Car -1 -1 -2.1279 924.8187 0.0000 1242.0000 375.0000 2.0740 1.7160 4.3625 3.0898 1.4662 3.5678 -1.4547 0.4009
Car -1 -1 -1.2408 669.4869 178.3990 719.1290 207.6550 1.4982 1.5877 3.7656 4.6574 1.8198 39.7619 -1.1255 0.1417
Car -1 -1 -1.0662 488.1839 156.1445 545.4784 184.0274 1.5484 1.6015 3.9731 -5.4228 0.6208 42.2070 -1.1934 0.1382
Car -1 -1 1.6294 727.3008 180.6323 754.5854 204.7845 1.4850 1.5593 3.9232 8.6763 2.0231 47.7956 1.8074 0.1026
