Pedestrian -1 -1 -1.5831 853.5966 164.3524 878.7618 236.7394 1.6164 0.5269 0.7779 5.8782 1.1516 16.5004 -1.2466 0.2858
Cyclist -1 -1 -1.5831 853.5966 164.3524 878.7618 236.7394 1.6164 0.5269 0.7779 5.8782 1.1516 16.5004 -1.2466 0.1288
Car -1 -1 -1.3358 384.4091 183.9166 477.6151 242.3338 1.4589 1.6085 3.9797 -4.8186 1.4276 19.9390 -1.5703 0.9309
Car -1 -1 -1.1706 175.1569 189.5475 403.3317 316.5798 1.4498 1.5867 3.6185 -4.2621 1.5230 10.1428 -1.5592 0.9176
Car -1 -1 -1.4329 466.1606 180.3143 516.6223 217.8907 1.4373 1.5527 3.5519 -4.7152 1.2510 29.2849 -1.5915 0.8929
Car -1 -1 -1.2347 335.9459 180.8975 412.4808 221.3120 1.4101 1.5738 3.7437 -8.7037 1.2606 26.9704 -1.5443 0.7214
Car -1 -1 -0.9647 0.0000 159.0432 142.1405 264.8950 1.9488 1.7086 4.3558 -12.2294 1.4681 15.4525 -1.6259 0.7173
Car -1 -1 -1.1445 203.7166 185.8198 335.7808 249.8420 1.4646 1.6023 3.7947 -8.5132 1.4828 18.3759 -1.5731 0.6832
Car -1 -1 2.0249 246.2530 169.4460 336.1490 211.0338 1.5152 1.5861 4.0936 -12.3620 0.9418 28.2682 1.6160 0.5673
Car -1 -1 -1.6011 575.7634 177.5633 609.0239 208.1315 1.4925 1.5893 3.6468 -0.8620 1.1200 36.9575 -1.6247 0.5604
Car -1 -1 -1.5060 454.1233 171.1618 483.0219 199.1077 1.8048 1.6588 3.9859 -9.3716 0.8983 48.5016 -1.6962 0.2783
Car -1 -1 3.8765 0.0000 202.2928 57.8301 339.3186 1.4775 1.6026 3.8575 -9.4465 1.7122 8.9033 3.0764 0.2481
