Pedestrian -1 -1 -2.1464 273.3291 166.8367 288.8474 194.5614 1.8536 0.5998 0.8281 -22.2369 1.4517 48.7134 -2.5728 0.3264
Pedestrian -1 -1 0.9983 797.3469 161.4012 818.2175 203.9245 1.8449 0.7152 0.5199 8.6360 1.3484 31.6576 1.2618 0.2489
Pedestrian -1 -1 -1.7502 717.3720 160.6460 735.2160 199.6618 1.6677 0.5056 1.5049 5.0434 1.1463 31.5976 -1.5937 0.1031
Cyclist -1 -1 -1.7569 717.4960 160.5879 735.2735 199.3896 1.6614 0.5001 1.4743 5.0538 1.1365 31.6356 -1.6003 0.2461
Car -1 -1 -1.7627 645.4369 174.4380 742.1017 242.6844 1.5646 1.6782 4.2433 2.0013 1.6111 18.8278 -1.6593 0.9366
Car -1 -1 1.7384 402.6446 185.5268 509.7633 265.6473 1.3753 1.5318 3.7351 -3.0812 1.6702 14.8738 1.5368 0.8987
Car -1 -1 3.4177 275.3889 180.8250 429.6170 232.6855 1.4678 1.5974 4.0714 -7.6663 1.7173 21.6245 3.0804 0.8072
Car -1 -1 3.8608 0.0000 180.7763 111.3098 375.0000 1.5092 1.6173 3.8284 -6.5970 1.5846 5.8249 3.0362 0.5761
Car -1 -1 -1.7029 606.0448 175.3265 635.3725 197.0078 1.4956 1.6078 3.9745 0.7103 1.6823 52.3091 -1.6898 0.3517
Car -1 -1 -1.7448 677.5309 170.0341 707.0795 190.1780 1.4880 1.5832 3.9377 6.2444 1.2801 55.3116 -1.6333 0.2391
Car -1 -1 1.6955 471.5392 182.0645 512.8143 213.4776 1.4939 1.6285 4.0429 -6.1124 1.9999 37.5621 1.5348 0.2256
Car -1 -1 1.9250 315.7925 168.5674 385.7700 206.1579 1.4949 1.5515 3.8347 -10.9495 1.3248 30.6181 1.5840 0.2031
