Pedestrian -1 -1 0.1867 206.9265 182.6021 336.7444 373.3605 1.7818 0.7481 1.0607 -3.3104 1.7950 7.2010 -0.2372 0.8181
Pedestrian -1 -1 1.9415 1049.9827 146.9560 1135.1754 311.7956 1.6766 0.5610 0.6764 5.2360 1.3266 7.7289 2.5159 0.3385
Pedestrian -1 -1 0.8692 1095.3400 123.5581 1237.9585 325.1587 1.6975 0.5658 0.8876 5.0305 1.2110 6.5080 1.5026 0.1678
Pedestrian -1 -1 -1.1806 847.3934 166.9473 874.6588 227.8924 1.6428 0.4706 0.7280 7.1236 1.2517 19.7893 -0.8445 0.1384
Cyclist -1 -1 -2.0457 749.3514 127.2562 788.6279 181.9820 1.7933 0.6078 1.6331 5.6489 0.0169 24.4029 -1.8253 0.1737
Cyclist -1 -1 0.2137 208.1456 182.5862 341.1544 372.2090 1.7673 0.7686 1.0705 -3.2735 1.7802 7.1837 -0.2068 0.1516
Cyclist -1 -1 1.0708 1071.6855 123.7802 1192.9442 308.8086 1.6646 0.5473 0.9293 5.0477 1.1467 6.9506 1.6759 0.1218
Cyclist -1 -1 -3.2861 769.3491 114.3282 823.2750 175.9200 1.8012 0.5769 1.4816 5.7748 -0.1683 21.4399 -3.0307 0.1142
Car -1 -1 3.3907 0.0000 136.0506 140.0176 188.1427 1.5490 1.6292 4.1148 -17.3142 0.1986 22.9046 2.7442 0.5022
Car -1 -1 1.4750 1169.0033 64.2902 1238.0000 228.6222 1.5846 1.6164 4.0432 8.2418 0.4558 9.0369 2.1952 0.1715
Car -1 -1 0.2726 0.0000 170.6945 143.3638 229.8714 2.1036 1.8761 4.9712 -20.5426 1.7205 27.3112 -0.3728 0.1336
Car -1 -1 -1.1826 1017.7374 154.1470 1126.6896 205.0533 1.5116 1.6096 3.8891 15.1520 0.7005 23.1037 -0.6123 0.1121
