Pedestrian -1 -1 -0.6015 621.4952 177.1288 641.0687 209.7230 1.7957 0.6326 0.8942 1.1559 2.0384 40.3904 -0.5737 0.3969
Pedestrian -1 -1 -1.8774 353.1825 205.7623 374.7745 248.2859 1.7523 0.6869 0.7414 -10.6164 3.1899 31.0090 -2.2053 0.3062
Car -1 -1 -1.8104 617.0092 196.4234 703.7872 259.8865 1.4655 1.5656 3.5477 1.2491 2.1791 19.9447 -1.7499 0.9218
Car -1 -1 2.5074 548.6627 192.7632 633.1765 227.1534 1.4877 1.6226 3.9240 -0.9360 2.5101 35.1927 2.4802 0.8475
Car -1 -1 -0.8298 684.6345 192.2495 774.0444 230.6370 1.4731 1.6301 3.9152 5.1904 2.3676 31.4102 -0.6684 0.8465
Car -1 -1 -0.9404 751.1154 188.9269 832.1582 223.2090 1.4543 1.6280 4.1355 8.6574 2.2641 34.3858 -0.6965 0.7919
Car -1 -1 -0.9658 817.2135 189.1481 883.1223 220.2979 1.4656 1.5632 3.4437 12.4145 2.3470 37.3484 -0.6479 0.7376
Car -1 -1 -2.1352 837.5695 186.7834 1242.0000 375.0000 1.4746 1.4997 3.4233 2.9213 1.6064 5.0478 -1.6367 0.6937
Car -1 -1 -1.0405 863.4933 185.7137 928.8911 218.8669 1.6799 1.6626 3.8143 15.7805 2.4225 39.8120 -0.6663 0.3921
Car -1 -1 -2.0592 116.0394 188.9405 193.8030 226.3109 1.5491 1.5776 3.4071 -20.7127 2.3141 32.7603 -2.6195 0.3834
Car -1 -1 2.0432 660.6602 186.7399 717.9825 217.7933 1.5410 1.5788 3.7988 4.3673 2.3430 39.6311 2.1515 0.3625
Car -1 -1 1.6296 955.5078 182.4365 989.7805 211.5169 1.7347 1.7537 4.2762 23.5454 2.3876 46.8396 2.0923 0.3308
