Pedestrian -1 -1 -3.1418 647.2191 172.0723 660.2404 197.8428 1.7377 0.5430 0.8768 2.9358 1.6853 48.9458 -3.0827 0.4094
Pedestrian -1 -1 0.6901 970.4574 145.0962 1033.5690 249.8266 1.7072 0.5263 0.7819 6.5776 1.2551 12.2212 1.1734 0.2047
Pedestrian -1 -1 2.1616 456.3286 165.4348 473.1437 197.7165 1.8057 0.5408 0.8702 -8.2585 1.3910 40.8621 1.9631 0.1806
Cyclist -1 -1 -3.1418 647.2191 172.0723 660.2404 197.8428 1.7377 0.5430 0.8768 2.9358 1.6853 48.9458 -3.0827 0.1675
Cyclist -1 -1 2.1850 456.3054 165.5946 474.2675 197.2290 1.7712 0.5464 0.9599 -8.2433 1.3651 40.9450 1.9872 0.1095
Car -1 -1 -1.7536 688.8111 146.4609 801.4233 247.1898 2.0947 1.7576 4.7593 3.0239 1.5462 17.3940 -1.5852 0.9038
Car -1 -1 -1.4686 546.1723 174.6041 581.7261 204.5349 1.6324 1.6454 4.0423 -2.6433 1.7388 41.6418 -1.5320 0.8024
Car -1 -1 -1.6977 669.7700 172.1581 738.7308 227.7124 1.5990 1.6367 3.9367 2.8306 1.5793 22.7376 -1.5762 0.7618
Car -1 -1 -1.6700 655.7803 171.7140 699.9877 207.2742 1.5781 1.6605 4.1154 3.1050 1.5278 34.0828 -1.5805 0.6099
Car -1 -1 -1.6659 666.6755 174.0634 715.9913 215.5118 1.5190 1.5596 3.7672 3.0993 1.5702 28.4431 -1.5590 0.3013
Car -1 -1 1.4346 634.0825 173.6613 659.6254 193.1188 1.5876 1.6149 4.0766 3.0660 1.6587 61.1447 1.4841 0.1461
