Pedestrian -1 -1 -0.1984 125.0133 174.2138 148.7119 213.8178 1.7312 0.5247 0.7946 -20.6208 1.4137 31.8635 -0.7741 0.1632
Pedestrian -1 -1 -0.1175 825.0195 104.2156 910.8220 277.2030 1.7068 0.4443 0.7713 2.6733 0.9456 7.3836 0.2134 0.1591
Pedestrian -1 -1 2.9439 219.4007 161.6598 242.8705 203.1370 1.8659 0.5402 0.8625 -16.9172 0.9743 32.7932 2.4659 0.1349
Pedestrian -1 -1 -0.7942 375.3121 170.4838 398.4312 213.5242 1.7251 0.6410 0.6338 -8.7431 1.2845 29.2177 -1.0876 0.1341
Pedestrian -1 -1 -0.9260 1158.7451 153.5981 1238.0000 319.7245 1.6808 0.6246 0.5463 6.4016 1.3998 7.6353 -0.2504 0.1322
Car -1 -1 -0.4102 327.4343 179.9817 466.1527 227.7413 1.4405 1.6119 4.0776 -6.6792 1.3959 23.5818 -0.6885 0.8347
Car -1 -1 0.3206 0.0000 181.6517 164.2347 247.9554 1.6069 1.6644 4.2395 -14.1541 1.6123 18.8718 -0.3215 0.7249
Car -1 -1 -1.4465 554.7365 171.2041 591.2635 199.3503 1.5105 1.6169 3.8101 -1.5579 0.9588 40.5118 -1.4897 0.6308
Car -1 -1 1.1679 157.4916 183.2610 227.6806 214.6610 1.4970 1.6170 4.0470 -20.7071 1.5915 36.3176 0.6477 0.2985
Car -1 -1 1.8967 306.5042 184.3333 362.3021 214.0996 1.4744 1.5939 3.9439 -14.0361 1.6328 37.9519 1.5396 0.2086
Car -1 -1 -1.4009 606.2120 164.2759 633.9508 185.9473 1.8083 1.7066 4.3927 1.6854 0.3716 62.2552 -1.3788 0.1729
Car -1 -1 1.6218 579.6816 167.2330 599.3779 184.6363 1.5364 1.6101 4.0838 -1.0220 0.2773 65.4793 1.6014 0.1361
