Car -1 -1 -1.9210 750.7383 147.9666 1078.8729 373.7447 1.7938 1.7057 4.2519 2.7935 1.5964 7.8742 -1.5931 0.9366
Car -1 -1 -1.6514 653.7959 173.2611 698.5046 209.7537 1.4619 1.5883 3.7208 2.7260 1.4807 30.8095 -1.5645 0.8558
Car -1 -1 -1.7525 682.5909 170.6755 773.0740 238.8678 1.5831 1.6139 3.7600 2.8818 1.5329 18.6524 -1.6024 0.8531
Car -1 -1 -2.3965 0.0000 191.8504 242.9980 354.3526 1.4388 1.5794 3.7530 -6.1483 1.6622 7.5370 -3.0638 0.8091
Car -1 -1 -1.8799 702.3547 178.1118 847.4089 271.4715 1.4583 1.5346 3.5781 2.8259 1.5694 13.3370 -1.6765 0.7896
Car -1 -1 -2.5321 0.0000 179.5073 298.2399 294.9052 1.4543 1.5893 3.7416 -6.6125 1.5554 10.0588 -3.1018 0.7632
Car -1 -1 3.6188 81.0073 173.7140 356.2720 273.9244 1.5766 1.6511 3.7581 -6.5106 1.5925 12.1974 3.1371 0.7325
Car -1 -1 -2.8080 323.2675 170.9245 470.8692 226.0040 1.5705 1.6388 3.8942 -6.3149 1.5158 21.4871 -3.0909 0.6694
Car -1 -1 -2.7338 160.3951 161.9864 424.1442 257.0627 1.8028 1.7728 4.5512 -6.3114 1.5971 14.5770 -3.1363 0.6517
Car -1 -1 -1.6009 642.7390 165.5949 673.8696 198.2477 1.7951 1.6628 3.9413 2.7118 1.3964 41.6626 -1.5368 0.4939
Car -1 -1 0.2707 401.6807 174.9703 504.2462 212.7610 1.4762 1.5632 3.7716 -6.3440 1.5648 29.1720 0.0580 0.4305
Car -1 -1 -2.7050 230.0983 158.1649 420.1075 226.4530 1.5139 1.5919 3.8325 -6.6424 1.1886 16.9163 -3.0742 0.3853
Car -1 -1 3.8047 0.0000 228.2006 125.2069 375.0000 1.4718 1.6217 3.9148 -5.9561 1.9430 4.9798 2.9568 0.3559
Car -1 -1 -1.3876 473.1458 163.1590 523.6644 202.4253 1.8091 1.7148 4.1469 -5.4327 1.3628 35.3390 -1.5394 0.3488
Car -1 -1 0.5282 285.0947 175.6257 452.1128 235.5833 1.4800 1.5978 3.9271 -6.3978 1.5583 19.1059 0.2088 0.3319
