Cyclist -1 -1 1.8600 346.9301 176.2720 420.4988 302.4054 1.6694 0.5416 1.7238 -3.2901 1.7234 10.4581 1.5614 0.8942
Car -1 -1 -1.7604 632.7096 179.7826 711.4822 231.7267 1.4106 1.6190 4.3075 1.7715 1.6477 22.4178 -1.6833 0.9441
Car -1 -1 -0.7176 940.2015 191.5430 1242.0000 375.0000 1.4793 1.6056 3.9362 5.3664 1.6793 6.7680 -0.0691 0.8062
Car -1 -1 -0.6029 882.4906 164.7726 1242.0000 309.3822 1.6330 1.6857 4.0066 5.7076 1.5421 9.1028 -0.0581 0.7942
Car -1 -1 -2.7214 274.5838 184.7965 438.5313 243.1603 1.4338 1.5779 3.7728 -6.6741 1.7654 19.0619 -3.0544 0.7855
Car -1 -1 0.3661 194.1326 183.1731 399.5998 251.8468 1.4709 1.6168 4.0233 -7.1266 1.7211 16.5919 -0.0343 0.7442
Car -1 -1 0.3710 314.7400 178.0566 449.7133 225.7448 1.5322 1.6384 4.0232 -7.6668 1.7150 24.3429 0.0686 0.5862
Car -1 -1 1.4464 613.3990 174.8709 653.9128 206.6646 1.5486 1.6125 3.9208 1.1375 1.6592 37.4265 1.4760 0.4766
Car -1 -1 -1.8789 753.9097 167.7323 796.5583 194.1925 1.5991 1.5840 3.6229 10.3311 1.2899 45.4751 -1.6572 0.3617
Car -1 -1 1.4277 464.1123 171.5815 501.3189 198.8265 1.4889 1.5653 3.8807 -7.4000 1.4197 41.5165 1.2520 0.3166
Car -1 -1 -1.8467 606.6705 171.4569 650.5598 198.9557 1.5460 1.6066 3.7980 1.0155 1.4678 42.6022 -1.8235 0.2896
Car -1 -1 1.6763 404.3323 166.2182 453.7875 205.1923 1.5733 1.6337 4.2938 -7.8297 1.3058 31.3636 1.4333 0.2709
Car -1 -1 3.7245 0.0000 218.1914 59.6833 375.0000 1.4618 1.5945 3.7614 -6.6626 1.8770 5.2942 2.8499 0.2488
