Pedestrian -1 -1 2.0145 423.5194 178.0336 447.0704 217.0021 1.8910 0.7526 1.0605 -8.6914 2.1524 35.7657 1.7773 0.6823
Pedestrian -1 -1 -0.2592 690.8009 179.1759 719.1840 247.4835 1.6292 0.4842 0.5770 2.2560 1.7857 17.5368 -0.1344 0.1769
Pedestrian -1 -1 -0.0540 13.0679 194.4433 60.7295 289.1407 1.7058 0.6123 0.6784 -10.9000 2.1284 13.6552 -0.7183 0.1699
Pedestrian -1 -1 0.6992 990.1626 229.1774 1090.0199 370.6126 1.6255 0.6379 0.8973 5.4367 2.3892 9.2449 1.2151 0.1605
Pedestrian -1 -1 -2.6996 327.7295 185.0983 361.2670 255.1336 1.6603 0.5048 0.6046 -6.4766 1.9620 17.4789 -3.0502 0.1292
Pedestrian -1 -1 -0.5812 403.0475 175.6705 428.2666 211.1859 1.8369 0.6860 1.0862 -10.2829 1.9883 38.0501 -0.8438 0.1140
Cyclist -1 -1 -2.4629 351.2346 182.2562 385.9588 220.7010 1.6626 0.4026 1.5454 -10.7104 2.0844 31.8835 -2.7849 0.2021
Cyclist -1 -1 0.7637 987.8957 228.8137 1103.9390 375.0000 1.6916 0.7052 1.0683 5.4631 2.4520 9.1847 1.2843 0.1157
Car -1 -1 -1.3867 382.6649 138.5677 443.1938 181.7128 1.5830 1.6266 3.7747 -7.7229 0.3254 28.4165 -1.6498 0.4492
Car -1 -1 -1.9203 610.9409 172.4875 648.6195 193.4021 1.5168 1.5879 3.9198 1.4238 1.4905 54.4349 -1.8947 0.1156
