Car -1 -1 -1.8325 669.7274 186.9790 749.6694 242.5518 1.4494 1.5194 3.3285 2.8326 1.9042 21.4565 -1.7039 0.9222
Car -1 -1 -1.7150 640.4531 184.4308 690.4939 221.6871 1.4366 1.5728 4.0233 2.2878 1.9701 31.1651 -1.6431 0.8682
Car -1 -1 0.5940 0.0000 193.3003 293.2030 312.6617 1.5038 1.6377 3.8872 -6.8472 1.8181 10.2278 0.0157 0.8357
Car -1 -1 -2.7239 246.4316 190.2702 436.7800 256.1887 1.4646 1.6177 4.0108 -6.4603 1.9095 17.4705 -3.0737 0.8048
Car -1 -1 -2.6876 974.0604 186.4677 1242.0000 344.7559 1.5089 1.5411 3.6422 6.7495 1.7197 9.1817 -2.0698 0.7915
Car -1 -1 -2.8278 348.0887 187.7062 476.0291 236.5658 1.5495 1.6382 3.8456 -6.6606 2.0699 24.3466 -3.0927 0.7606
Car -1 -1 -2.6012 67.4623 190.6288 347.1649 288.1690 1.5419 1.6523 4.0162 -6.9726 1.8765 12.6527 -3.0964 0.7376
Car -1 -1 0.4719 325.7676 188.8590 461.8440 238.3904 1.4025 1.5454 3.7233 -6.6700 1.9205 22.2362 0.1832 0.6839
Car -1 -1 2.3706 0.0000 97.6213 174.9491 375.0000 1.7258 1.6666 4.1025 -4.5961 1.5113 4.1159 1.5622 0.5954
Car -1 -1 0.2331 438.0869 189.5093 525.3849 221.6608 1.4720 1.5743 3.8952 -6.1955 2.2979 34.8619 0.0579 0.4575
Car -1 -1 0.2537 364.9815 186.5758 479.2802 228.7612 1.4885 1.5985 3.8266 -6.9541 2.0135 26.7805 0.0015 0.4127
Car -1 -1 0.3318 294.2711 190.3044 451.3609 248.6699 1.4926 1.5951 3.7778 -6.4682 1.9916 19.7810 0.0191 0.3595
Car -1 -1 1.5242 626.0258 179.4601 646.9205 198.3869 1.5194 1.5804 4.0685 2.2008 2.1006 61.3907 1.5594 0.3345
