Pedestrian -1 -1 -1.7331 872.3295 139.1998 890.6601 183.8567 1.7874 0.6062 0.5818 10.9493 0.4407 29.2198 -1.3778 0.2501
Pedestrian -1 -1 2.2831 704.2178 140.8887 728.8209 188.8263 1.8262 0.5321 0.8284 4.0862 0.6088 27.9576 2.4265 0.1794
Pedestrian -1 -1 -1.9211 882.0605 157.4425 898.1709 191.1423 1.8367 0.6094 0.7336 15.3716 0.9971 39.6947 -1.5543 0.1575
Pedestrian -1 -1 1.1368 469.1544 138.1824 492.6967 186.8680 1.8242 0.5965 0.8158 -4.9725 0.5255 27.5385 0.9596 0.1526
Car -1 -1 -1.7067 690.0749 171.1181 767.6760 235.8957 1.7629 1.7209 4.1211 3.4190 1.7161 21.7094 -1.5534 0.9466
Car -1 -1 1.7476 487.2650 185.7927 547.7180 234.4514 1.6418 1.6142 3.8786 -3.4735 2.1685 27.3725 1.6218 0.9156
Car -1 -1 1.0864 837.0129 139.7880 1242.0000 375.0000 1.6788 1.6408 4.1341 3.3256 1.4967 6.0494 1.5677 0.9096
Car -1 -1 1.6970 560.6205 180.5970 604.1389 212.5379 1.5347 1.7372 4.5940 -1.4313 1.9701 38.1766 1.6592 0.8537
Car -1 -1 -1.1980 674.7294 179.7040 736.5427 214.4951 1.5126 1.5902 3.9498 4.5671 1.8588 34.3129 -1.0674 0.4641
Car -1 -1 -1.4444 471.9180 155.9133 513.9176 187.4475 1.5086 1.6138 3.9128 -5.9028 0.6985 36.4980 -1.6038 0.3155
