Pedestrian -1 -1 1.2044 461.5215 181.9698 481.3358 227.0495 1.6737 0.5486 0.6296 -5.3008 2.0250 27.3653 1.0143 0.5146
Pedestrian -1 -1 -0.1679 591.6454 167.8038 603.1983 189.3187 1.8810 0.5034 0.9440 -1.1279 1.4398 63.4145 -0.1859 0.2995
Pedestrian -1 -1 1.9831 945.3284 167.4519 977.9101 228.5817 1.7686 0.5955 0.8128 10.3663 1.6127 21.3636 2.4289 0.2553
Pedestrian -1 -1 1.7743 828.4250 169.8795 855.2192 231.3335 1.7774 0.6229 0.7348 6.8132 1.6918 21.3389 2.0787 0.1686
Pedestrian -1 -1 1.0641 649.9115 171.3644 662.7132 198.9780 1.8068 0.5180 0.8044 3.0278 1.7097 47.6827 1.1267 0.1668
Cyclist -1 -1 1.1310 1006.2910 115.3437 1142.7621 289.2939 1.6731 0.5232 1.7165 4.8966 1.1203 7.8180 1.6736 0.1932
Car -1 -1 1.3387 677.1356 162.9991 738.4145 207.3271 1.8500 1.7634 4.2663 4.2540 1.4391 32.3223 1.4679 0.9287
Car -1 -1 -2.6407 171.2629 179.1075 333.7480 240.6613 1.4944 1.5495 3.4212 -9.1595 1.6629 18.5435 -3.0941 0.8852
Car -1 -1 1.6074 513.7012 173.4553 553.4930 210.0931 1.5810 1.6762 4.1350 -3.5099 1.6109 33.3228 1.5028 0.7972
Car -1 -1 1.3395 524.6603 170.6512 566.9286 198.6550 1.5498 1.5892 3.9187 -3.8224 1.4283 42.0400 1.2490 0.1907
