Pedestrian -1 -1 1.3769 805.0924 160.7088 835.4979 228.0449 1.8103 0.6621 0.7613 5.7159 1.4841 19.8022 1.6534 0.5346
Pedestrian -1 -1 -2.8997 1101.2032 142.4610 1155.9921 254.4907 1.7131 0.6660 0.5722 8.1902 1.2487 11.4657 -2.2919 0.4291
Pedestrian -1 -1 -1.9909 688.0516 163.7639 715.6680 204.6631 1.8284 0.6246 1.6757 4.1670 1.4224 33.1458 -1.8674 0.1484
Pedestrian -1 -1 1.1732 704.6758 171.4604 714.9968 193.9093 1.8208 0.5292 0.8962 8.1404 1.7081 59.0206 1.3092 0.1193
Pedestrian -1 -1 2.2168 763.9876 166.7608 793.6633 202.9184 1.7384 0.6507 1.4979 8.2544 1.4458 35.4184 2.4435 0.1171
Pedestrian -1 -1 2.0124 674.9293 169.2626 690.8250 196.3994 1.7801 0.5540 1.2959 4.8250 1.5448 48.0250 2.1115 0.1024
Cyclist -1 -1 -1.9185 689.0491 163.8918 714.8405 205.2413 1.8464 0.6001 1.7777 4.1708 1.4466 33.1502 -1.7949 0.7244
Cyclist -1 -1 1.4865 677.3942 169.9849 687.6391 197.2973 1.7838 0.5281 1.7566 4.7880 1.5968 48.0039 1.5849 0.2346
Cyclist -1 -1 2.5381 761.7958 167.5760 798.2230 202.5209 1.6871 0.6862 1.6446 8.3154 1.4326 35.4525 2.7662 0.2165
Cyclist -1 -1 -2.2646 60.0430 182.6881 99.3883 219.7236 1.7661 0.5915 1.7094 -25.8811 2.2525 35.1634 -2.8956 0.2114
Car -1 -1 -2.1130 35.5116 184.8511 117.5085 218.9482 1.5835 1.6139 3.7069 -26.6482 2.2066 35.9898 -2.7470 0.1464
Car -1 -1 -1.0112 492.7002 134.6882 732.3027 264.0428 1.5492 1.6515 4.0554 0.1918 1.0925 10.7890 -0.9948 0.1118
