Pedestrian -1 -1 -1.1823 344.1274 184.6598 374.1764 242.2820 1.7718 0.7012 0.6266 -7.7957 1.7559 22.4332 -1.5135 0.1899
Pedestrian -1 -1 -1.4531 1125.2412 106.7432 1226.4926 330.3408 1.7493 0.6019 0.8832 4.8142 1.1365 6.1475 -0.8108 0.1722
Pedestrian -1 -1 -1.7697 670.6633 171.1905 698.2394 230.0400 1.8027 0.7534 0.5648 2.3361 1.3742 22.3344 -1.6672 0.1583
Pedestrian -1 -1 -0.1187 944.2231 153.5828 1132.3394 326.1593 1.7027 0.5692 1.6562 4.4652 1.3918 7.6686 0.3926 0.1233
Cyclist -1 -1 -0.0534 945.9949 154.2472 1125.4807 327.3409 1.7054 0.5602 1.5998 4.4515 1.4014 7.6823 0.4559 0.3046
Car -1 -1 -1.5524 572.4581 175.7451 619.2050 219.8226 1.5626 1.6574 3.3561 -0.4609 1.2280 27.1601 -1.5697 0.8347
Car -1 -1 1.8102 315.5099 182.0391 468.9270 283.7833 1.5885 1.6844 4.4311 -3.8476 1.5400 13.4621 1.5367 0.7361
Car -1 -1 1.4982 525.0416 172.7528 552.6171 195.7671 1.4736 1.5492 3.9261 -4.6682 0.6767 48.0896 1.4016 0.2956
Car -1 -1 -1.3336 424.0414 176.4831 457.0896 196.8888 1.5034 1.5761 3.9454 -12.7502 0.8612 54.9390 -1.5609 0.2310
Car -1 -1 -0.4516 548.3765 175.0451 610.1907 197.7781 1.5024 1.6170 3.9093 -1.9589 0.8314 49.1410 -0.4916 0.1910
Car -1 -1 1.7344 425.9026 177.4870 465.3889 205.1067 1.5383 1.6202 4.0136 -9.4616 1.1090 42.0825 1.5142 0.1734
