Pedestrian -1 -1 0.3871 702.8715 167.0956 715.4135 189.5024 1.9409 0.5650 0.9411 8.6325 1.4425 62.9774 0.5224 0.2077
Pedestrian -1 -1 0.5767 8.2439 198.6637 106.0594 361.4973 1.6812 0.6095 0.6123 -6.0677 1.9748 7.8731 -0.0640 0.1879
Pedestrian -1 -1 -0.8558 847.8408 173.8560 869.5900 212.4133 1.8130 0.6627 0.7336 11.8251 1.8618 34.4196 -0.5281 0.1629
Pedestrian -1 -1 -0.9937 46.4351 190.3326 91.7477 255.1524 1.7750 0.7914 0.6534 -15.2524 2.2755 20.2944 -1.6321 0.1624
Pedestrian -1 -1 1.5388 144.6153 193.7677 159.8071 225.9546 1.8176 0.7107 1.6470 -27.1762 3.0833 42.7695 0.9753 0.1402
Cyclist -1 -1 2.1411 136.0299 193.5209 166.6485 226.6383 1.8695 0.6702 1.7872 -27.1860 3.1198 42.7413 1.5772 0.5553
Car -1 -1 -2.4832 783.8792 185.7894 932.1861 247.1544 1.4171 1.5604 3.5362 6.5034 1.7987 19.3631 -2.1646 0.8522
Car -1 -1 1.9635 293.0859 187.6238 342.9618 215.1322 1.4965 1.5399 3.4454 -17.3106 2.4092 42.8388 1.5813 0.7730
Car -1 -1 1.8511 362.0446 182.9468 402.3628 206.1459 1.5751 1.6839 4.3673 -16.7331 2.3492 53.1069 1.5469 0.4001
Car -1 -1 -1.9605 908.7020 138.0958 984.3649 175.6053 1.5497 1.6222 3.9464 14.6930 0.1140 31.8115 -1.5311 0.1607
Car -1 -1 1.0478 232.8721 198.6726 276.4380 218.3268 1.5074 1.6608 3.8136 -30.4176 3.7781 61.6931 0.5911 0.1466
