Pedestrian -1 -1 1.9023 1037.7578 107.0692 1101.1750 243.3091 1.5622 0.4359 0.7439 5.4748 0.8082 8.6756 2.4503 0.3685
Cyclist -1 -1 1.9023 1037.7578 107.0692 1101.1750 243.3091 1.5622 0.4359 0.7439 5.4748 0.8082 8.6756 2.4503 0.1834
Car -1 -1 -1.9767 789.1803 178.0877 1164.5067 375.0000 1.4938 1.6215 3.7342 2.9507 1.5575 6.8587 -1.5870 0.9309
Car -1 -1 2.0599 0.0000 198.1323 334.5242 375.0000 1.5344 1.6745 4.0576 -4.4690 1.8694 7.4935 1.5369 0.9264
Car -1 -1 -1.7569 701.2061 180.6356 815.4025 262.4464 1.4905 1.6380 3.9314 2.9770 1.6790 15.4829 -1.5715 0.9213
Car -1 -1 1.7928 384.0802 179.5241 488.2775 257.5416 1.7245 1.6762 4.1958 -4.3323 1.9145 18.4095 1.5641 0.9212
Car -1 -1 1.8734 271.2182 177.1431 432.2605 301.1474 1.8583 1.5843 3.8410 -4.4479 1.9468 12.8834 1.5464 0.9180
Car -1 -1 -1.7649 678.9767 178.9085 759.7914 235.4574 1.4967 1.5963 4.0975 3.1207 1.6961 21.6305 -1.6243 0.8349
Car -1 -1 -1.6497 627.7675 179.4539 653.3516 201.7737 1.4848 1.5203 3.5158 2.0939 1.9666 50.8399 -1.6092 0.4122
Car -1 -1 1.6643 507.0852 181.5094 534.3317 203.2410 1.5046 1.6427 4.0113 -6.6220 2.1723 53.5982 1.5415 0.2794
Car -1 -1 1.4777 645.4174 177.1563 684.4496 209.7569 1.5322 1.5845 4.0141 2.6851 1.7621 36.4659 1.5501 0.2430
