Pedestrian -1 -1 0.7192 994.1904 180.8412 1022.8685 227.5372 1.6417 0.4988 0.7624 14.2905 1.9343 25.9596 1.2170 0.5232
Pedestrian -1 -1 1.2301 900.6749 167.3239 922.3085 213.7061 1.8162 0.5651 0.7679 11.9232 1.6000 28.6477 1.6204 0.4354
Pedestrian -1 -1 0.3656 600.0056 155.6113 619.9364 190.5730 1.8562 0.5277 0.9436 -0.0367 0.9411 38.7207 0.3643 0.4273
Pedestrian -1 -1 0.5784 1207.3201 177.7219 1242.0000 261.4391 1.8444 0.6940 0.8851 14.3210 1.9594 16.4768 1.2844 0.1663
Pedestrian -1 -1 0.3861 1067.6233 113.0505 1125.3306 199.0191 1.8504 0.6018 0.9084 10.7802 0.5635 16.0726 0.9687 0.1493
Pedestrian -1 -1 -2.6049 979.2103 161.7632 1014.5911 216.4875 1.7140 0.5319 0.8450 12.3345 1.3670 23.0955 -2.1201 0.1386
Cyclist -1 -1 0.7163 993.4846 180.7159 1022.2979 227.0175 1.6310 0.5061 0.7641 14.2964 1.9197 26.0118 1.2135 0.1714
Cyclist -1 -1 0.3943 600.3125 155.4204 620.3804 190.2904 1.8510 0.5381 0.9431 -0.0167 0.9259 38.7282 0.3935 0.1201
Car -1 -1 -1.7514 721.7126 186.2807 796.8474 238.5395 1.4786 1.6432 4.1793 4.7267 1.9571 23.5920 -1.5569 0.9307
Car -1 -1 2.3217 929.5642 184.8875 1022.2760 220.7625 1.5649 1.6432 3.9478 17.1521 2.1551 33.9061 2.7859 0.2728
Car -1 -1 1.6323 936.4575 184.1418 991.2778 228.6889 1.4778 1.6259 4.2725 13.4219 1.9413 27.3393 2.0838 0.1388
