Pedestrian -1 -1 -1.4971 979.3080 125.3807 1024.7234 246.3304 1.7038 0.5433 0.7929 5.7360 1.0354 10.6418 -1.0144 0.2324
Pedestrian -1 -1 -1.3795 849.0642 160.1542 881.5945 240.3423 1.7713 0.5685 0.7636 5.7618 1.4911 16.4083 -1.0481 0.1613
Car -1 -1 1.9636 242.7490 188.3705 362.2341 253.0132 1.5287 1.6308 3.9542 -8.4034 2.0014 19.9874 1.5698 0.8852
Car -1 -1 -1.5659 567.2557 179.3117 610.3592 222.9084 1.6287 1.6503 4.4141 -0.9116 1.9161 29.8412 -1.5969 0.8852
Car -1 -1 1.8391 358.7490 186.8490 427.9921 229.4825 1.5063 1.6068 4.1545 -8.6362 2.1089 28.9561 1.5512 0.8670
Car -1 -1 -0.8748 0.0000 195.5767 146.6683 351.0388 1.5096 1.5968 4.0076 -8.2972 1.8755 9.5967 -1.5741 0.7473
Car -1 -1 1.8646 417.8182 183.5545 469.4973 215.0959 1.5622 1.6311 4.0481 -9.0074 2.1750 39.2177 1.6398 0.6781
Car -1 -1 1.2989 1188.1827 175.3199 1242.0000 273.1737 1.4352 1.5188 3.5721 11.5090 1.4853 12.6153 2.0265 0.3323
Car -1 -1 1.9108 803.3119 166.7619 839.0795 188.6871 1.7861 1.6533 4.0326 17.8313 1.2902 60.8965 2.1941 0.1941
Car -1 -1 1.5550 729.3298 173.6270 750.9994 194.1475 1.5102 1.5617 3.9000 9.9200 1.5720 55.3017 1.7312 0.1669
