Pedestrian -1 -1 -2.2320 1149.7712 146.5848 1241.8619 275.0845 1.6864 0.6000 0.8134 7.9389 1.3420 9.8737 -1.5697 0.6804
Pedestrian -1 -1 -1.8775 748.1619 169.5150 773.3033 210.3977 1.6955 0.7367 1.1077 6.3242 1.5574 30.5106 -1.6756 0.2486
Pedestrian -1 -1 -1.6593 813.4848 167.6724 831.5038 216.8629 1.6830 0.4748 1.4468 7.4388 1.5060 25.4388 -1.3784 0.2066
Pedestrian -1 -1 -0.1865 667.3826 170.6993 679.9962 193.3860 1.8122 0.4904 0.9333 5.0868 1.6404 57.9229 -0.0997 0.1564
Pedestrian -1 -1 -3.1563 954.2893 189.4105 1028.7081 255.9445 1.6545 0.7872 1.7039 9.9871 2.1085 19.0359 -2.6804 0.1469
Pedestrian -1 -1 -1.9273 1088.6605 139.3753 1216.9534 309.7590 1.7570 0.6036 1.6599 6.1263 1.4121 8.3175 -1.3097 0.1462
Cyclist -1 -1 -2.0701 1077.1201 141.4303 1227.6058 315.1690 1.7855 0.5856 1.7461 6.1026 1.4630 8.3138 -1.4543 0.9412
Cyclist -1 -1 -1.8406 809.1121 168.2347 835.8434 217.9483 1.6921 0.4592 1.6902 7.4217 1.5352 25.4040 -1.5601 0.6851
Cyclist -1 -1 -3.1087 950.9537 187.8766 1024.7467 254.7098 1.6619 0.7781 1.6933 9.9063 2.0741 19.0273 -2.6360 0.2729
Cyclist -1 -1 -1.9070 747.3034 169.4522 773.8710 209.6743 1.6658 0.7435 1.1946 6.3192 1.5252 30.5208 -1.7053 0.2131
Car -1 -1 -1.9507 819.1290 177.5145 875.6967 206.9082 1.5270 1.6275 3.9376 13.0982 1.7997 40.1398 -1.6379 0.2169
Car -1 -1 1.3646 980.9524 180.0664 1024.2810 204.7973 1.4708 1.6171 4.1290 25.1552 1.9571 46.4064 1.8582 0.2037
Car -1 -1 1.1078 912.4533 180.1927 969.5320 206.2939 1.5275 1.6159 4.0393 20.7277 2.0107 45.4233 1.5330 0.1576
