Pedestrian -1 -1 0.4519 641.5363 180.2727 666.0685 220.7307 1.7066 0.5590 0.8945 1.9366 1.4993 30.7831 0.5137 0.1779
Cyclist -1 -1 3.2198 308.4756 128.0593 443.1703 252.0671 1.6838 0.7658 1.7831 -3.3330 0.9089 10.3302 2.9154 0.5179
Cyclist -1 -1 1.4332 1132.7764 88.2367 1241.0000 333.8112 1.6759 0.5667 1.8013 4.6791 1.0152 5.8253 2.0866 0.2032
Cyclist -1 -1 -0.9893 0.0000 153.9387 137.1325 319.3885 1.7349 0.7217 1.9323 -6.5803 1.4081 8.5205 -1.6317 0.1938
Car -1 -1 -1.0913 98.3277 185.6981 295.9331 278.0616 1.5361 1.6601 3.9156 -7.7462 1.5479 13.9461 -1.5904 0.9009
Car -1 -1 -1.5984 582.7441 174.7919 619.2079 209.4716 1.5875 1.6505 3.7585 -0.4078 1.1115 34.8141 -1.6104 0.7345
Car -1 -1 -1.4011 290.2707 188.1737 373.9476 246.6355 1.4978 1.6037 3.7965 -7.8396 1.5922 20.6328 -1.7603 0.3277
Car -1 -1 1.7185 248.5865 184.9535 300.1013 219.5021 1.4666 1.5569 3.8589 -15.0738 1.4566 32.5820 1.2880 0.3154
Car -1 -1 -0.8453 0.0000 108.2364 132.4227 376.0000 2.1213 1.7965 4.5989 -7.3680 1.5692 7.4914 -1.6046 0.2366
Car -1 -1 1.9901 126.2303 181.8306 255.1817 238.3921 1.4001 1.5715 3.9648 -11.3724 1.3174 19.8387 1.4752 0.2265
Car -1 -1 -1.4740 482.5581 150.2957 541.0051 213.3761 2.2822 1.7993 5.2363 -3.7554 1.0199 28.6497 -1.6035 0.1878
