Car -1 -1 -1.1159 179.2714 183.6251 381.4783 297.5558 1.7072 1.6822 4.1554 -5.8550 1.9381 13.3247 -1.5233 0.9339
Car -1 -1 -1.8720 772.8334 177.9803 1031.2393 338.8279 1.4562 1.5918 3.9909 3.0969 1.5326 8.6765 -1.5410 0.9282
Car -1 -1 1.7757 445.8647 181.1421 502.6989 222.7450 1.5760 1.5739 3.8295 -5.6160 1.9436 30.0312 1.5918 0.8511
Car -1 -1 1.8456 397.9669 182.7126 483.4620 232.9276 1.5001 1.7367 4.2239 -5.6826 1.8653 24.5487 1.6199 0.8331
Car -1 -1 2.4916 999.1050 138.8356 1242.0000 251.7282 1.5510 1.6487 4.0474 8.2146 1.0840 10.7566 3.1306 0.8060
Car -1 -1 1.7358 472.4171 182.4185 517.0966 215.7521 1.4771 1.5614 3.5648 -5.5399 1.9623 34.7849 1.5785 0.7057
Car -1 -1 1.7154 493.9756 178.7709 533.0768 207.7700 1.5216 1.6065 4.1733 -5.4353 1.8738 40.8077 1.5834 0.6284
Car -1 -1 -0.7096 966.3477 154.7377 1040.4727 180.6050 1.5322 1.6131 3.8441 23.9029 0.4595 43.9329 -0.2141 0.4349
Car -1 -1 -0.6064 1030.4060 147.4347 1132.8387 180.6119 1.5955 1.6196 4.0271 23.1627 0.3734 35.5730 -0.0330 0.3430
Car -1 -1 1.5769 517.6247 181.9650 542.2343 206.1689 1.4966 1.5649 3.7480 -5.3487 2.1279 48.0215 1.4661 0.3227
Car -1 -1 -2.3365 0.0000 173.4475 38.1052 219.5843 1.4880 1.5893 3.6828 -21.6641 1.5091 24.2340 -3.0606 0.3220
Car -1 -1 -3.2776 761.6456 165.7833 842.8214 196.2515 1.5010 1.5939 3.7876 9.6465 1.1530 36.5606 -3.0219 0.2808
Car -1 -1 1.1257 387.3729 173.0923 445.7817 201.7924 1.5875 1.6289 4.2209 -11.3581 1.6025 42.0774 0.8633 0.2506
