Pedestrian -1 -1 -0.8735 1126.4409 112.6616 1242.0000 375.0000 1.7786 0.6678 0.5828 3.8640 1.4180 4.7138 -0.2175 0.2502
Pedestrian -1 -1 -0.4578 563.2108 180.5139 579.6292 210.9190 1.8196 0.6910 0.7716 -2.3826 2.2915 43.9163 -0.5122 0.2264
Pedestrian -1 -1 -2.6668 989.9391 186.6715 1097.6455 271.5407 1.6060 0.8074 1.7277 8.8731 1.9099 14.9039 -2.1394 0.1907
Pedestrian -1 -1 -2.1780 1016.1088 262.2744 1119.3280 375.0000 1.7441 0.7419 0.5643 4.8220 2.7389 7.7143 -1.6391 0.1556
Pedestrian -1 -1 -3.4187 1046.4056 139.4648 1167.6118 372.7743 1.7502 0.5763 0.6546 3.8958 1.5000 5.7799 -2.8497 0.1057
Pedestrian -1 -1 -2.3018 532.8782 171.2341 550.1936 206.0736 1.7470 0.5616 0.6839 -3.5124 1.6661 36.6155 -2.3972 0.1037
Cyclist -1 -1 -2.4964 992.5532 186.4697 1101.5796 272.8602 1.6256 0.7940 1.7989 8.9052 1.9251 14.8668 -1.9663 0.4563
Car -1 -1 1.5116 658.8299 180.8488 695.7620 214.6990 1.7489 1.7933 4.3490 3.6877 2.2226 40.5164 1.6011 0.7196
Car -1 -1 -1.5714 742.3926 176.9622 826.1776 287.6619 1.9418 1.4604 2.9513 3.3936 2.0332 14.3744 -1.3455 0.1672
Car -1 -1 -2.4964 992.5532 186.4697 1101.5796 272.8602 1.6256 0.7940 1.7989 8.9052 1.9251 14.8668 -1.9663 0.1517
