Pedestrian -1 -1 1.6016 773.6724 126.4108 802.4251 212.9272 1.7486 0.5644 0.6949 3.6541 0.8103 14.9897 1.8360 0.1721
Pedestrian -1 -1 1.9439 145.9222 181.0249 285.2119 375.0000 1.7833 0.6657 1.7145 -4.0576 1.8785 7.4757 1.4606 0.1500
Cyclist -1 -1 1.9234 148.9052 178.9138 285.4308 375.0000 1.8295 0.6520 1.7589 -4.0391 1.9003 7.4734 1.4418 0.8328
Car -1 -1 -1.7848 716.3581 172.8500 904.7551 300.8883 1.5034 1.6512 4.3461 2.6243 1.5038 10.6588 -1.5508 0.9194
Car -1 -1 0.3356 266.3567 174.7540 447.7169 246.5280 1.6754 1.7098 3.8623 -6.1672 1.7248 17.7513 0.0053 0.9074
Car -1 -1 1.5120 544.8328 174.4703 569.8292 196.1731 1.5817 1.6581 4.0811 -4.0768 1.7101 55.0336 1.4381 0.5750
Car -1 -1 1.4710 653.6584 168.5719 697.6414 204.4464 1.5694 1.6173 4.1569 2.9597 1.3824 33.6504 1.5575 0.5219
Car -1 -1 1.6331 579.0502 170.1189 599.8506 187.9032 1.5607 1.6306 4.1964 -1.8539 1.3210 65.4409 1.6045 0.3364
Car -1 -1 -1.5761 647.1478 171.5813 671.8436 195.3686 1.5512 1.6083 3.8338 3.3168 1.4685 49.0115 -1.5094 0.3191
Car -1 -1 -1.7555 653.6895 162.6866 722.6091 222.0262 1.9323 1.6721 4.1414 2.6365 1.6016 25.6268 -1.6548 0.2959
Car -1 -1 1.9536 300.0037 137.7026 388.4282 185.2112 1.5643 1.6006 3.9089 -9.4076 0.4072 25.7370 1.6064 0.2094
