Pedestrian -1 -1 1.7169 392.4635 168.8362 479.0221 337.2773 1.7041 0.7834 0.9690 -1.8124 1.5773 7.7794 1.4891 0.8310
Pedestrian -1 -1 -1.3393 621.6057 161.6617 661.3527 240.1316 1.6767 0.6847 0.9555 0.8600 1.2540 15.8996 -1.2915 0.8006
Pedestrian -1 -1 -1.2718 0.0000 241.2246 155.6626 374.0000 1.6335 0.7049 0.5961 -3.0299 2.0017 4.0140 -1.8956 0.7719
Pedestrian -1 -1 1.2652 383.7240 166.2290 421.8027 245.7249 1.7561 0.6876 0.5841 -4.5458 1.4200 16.2980 0.9920 0.6799
Pedestrian -1 -1 -1.9110 671.4258 164.6913 708.6769 241.9863 1.6339 0.5582 0.8155 1.8843 1.2798 15.6422 -1.7985 0.6792
Pedestrian -1 -1 -1.6693 703.4594 164.6077 727.7835 229.1426 1.6117 0.5329 0.7624 2.8746 1.1910 18.3311 -1.5211 0.6048
Pedestrian -1 -1 -1.3008 743.2468 151.9386 767.7123 208.1058 1.7469 0.5531 0.8803 4.8802 0.8286 22.8568 -1.0978 0.5523
Pedestrian -1 -1 -2.1423 726.2323 154.9552 762.0914 218.1382 1.7040 0.5493 0.9379 3.9171 0.9893 19.9083 -1.9556 0.4885
Pedestrian -1 -1 -1.5663 625.7864 158.7549 645.2952 213.7771 1.8052 0.6397 0.9665 1.1158 1.0600 24.0616 -1.5256 0.4884
Pedestrian -1 -1 0.6784 180.9350 209.7109 326.1504 374.0000 1.6345 0.5759 0.6823 -2.4073 1.8426 4.9013 0.2351 0.4305
Cyclist -1 -1 -2.0908 726.2318 154.5085 762.2064 217.6800 1.7013 0.5428 1.0065 3.9170 0.9755 19.9072 -1.9041 0.1845
Cyclist -1 -1 1.8963 401.9371 160.4737 497.4207 327.9034 1.7330 0.7545 1.0198 -1.7043 1.5167 7.9826 1.6864 0.1718
Cyclist -1 -1 -1.5596 625.4727 158.9822 644.9247 213.7450 1.7969 0.6380 0.9656 1.1079 1.0591 24.0665 -1.5192 0.1156
Car -1 -1 1.6652 567.2875 169.6128 599.0229 195.9507 1.5220 1.5841 3.8486 -1.0617 0.8359 43.4806 1.6360 0.6044
