Pedestrian -1 -1 -0.7449 533.6226 170.6218 545.4146 192.5226 1.8563 0.6807 0.7366 -6.0446 1.6674 61.6544 -0.8425 0.1958
Car -1 -1 1.7299 404.3027 184.5512 528.2776 277.6655 1.5216 1.7341 4.4220 -2.7639 1.7946 14.5816 1.5449 0.9199
Car -1 -1 1.2996 702.0804 188.2565 908.3221 327.5591 1.5037 1.6762 4.1186 2.4573 1.7696 10.3446 1.5250 0.8905
Car -1 -1 -1.6877 647.6780 178.8093 697.8167 220.6106 1.6086 1.6661 3.4933 2.5119 1.8716 30.0443 -1.6058 0.8568
Car -1 -1 1.6790 517.8782 180.9897 565.8054 223.7997 1.6177 1.5867 3.6301 -2.7954 1.9745 29.7833 1.5855 0.8160
Car -1 -1 1.3898 695.5529 182.7029 796.3738 259.5583 1.4543 1.5238 3.5068 2.8174 1.6953 15.8627 1.5614 0.7562
Car -1 -1 1.7914 553.4519 181.7531 584.9536 203.4604 1.5153 1.5550 3.8431 -3.0443 2.2073 54.0475 1.7349 0.3372
Car -1 -1 -1.6077 642.1274 177.7262 673.8602 207.0860 1.5140 1.5925 3.7902 2.5669 1.7957 39.7556 -1.5443 0.3269
Car -1 -1 -1.6443 642.2167 183.0178 679.5740 216.7036 1.4848 1.5143 3.6638 2.3652 2.0005 34.7466 -1.5776 0.2123
Car -1 -1 1.7030 491.1210 182.1459 526.0555 209.0407 1.5176 1.5963 4.0542 -6.1890 2.1127 44.1477 1.5640 0.2096
