Pedestrian -1 -1 -2.4952 402.2200 130.8471 435.3915 186.4256 1.7979 0.6150 0.8605 -6.3461 0.4394 23.7860 -2.7533 0.3053
Cyclist -1 -1 0.6471 397.1023 127.0221 435.5503 182.9823 1.8087 0.6285 1.0614 -6.4343 0.3277 23.8086 0.3859 0.2294
Car -1 -1 -1.9480 447.6318 205.5897 661.7781 350.8579 1.4871 1.6140 4.2691 -1.0973 2.0746 10.6715 -2.0497 0.9099
Car -1 -1 -1.8318 385.5020 210.1950 513.4047 303.7008 1.4193 1.5629 3.8968 -3.4431 2.2887 14.7035 -2.0590 0.8924
Car -1 -1 -2.2113 559.7060 204.3207 966.5927 375.0000 1.4211 1.5481 3.6280 0.9621 1.7869 6.4143 -2.0713 0.8893
Car -1 -1 -1.7417 327.9905 201.8750 415.0851 276.7583 1.6261 1.6102 3.4612 -6.4136 2.4694 19.0486 -2.0630 0.8343
Car -1 -1 1.7365 0.0000 225.0396 103.2369 334.6819 1.5348 1.4819 3.2839 -10.7447 2.6493 13.6053 1.0773 0.7806
Car -1 -1 1.6434 72.5718 205.2162 153.9169 278.6031 1.9321 1.8315 4.7381 -16.2341 3.1089 23.7170 1.0480 0.7168
Car -1 -1 -1.6886 282.1543 206.7521 336.1055 250.8852 1.5005 1.6005 4.1241 -12.6386 3.0170 30.0813 -2.0838 0.6937
Car -1 -1 1.8140 0.0000 230.9695 51.6404 375.0000 1.5323 1.6328 3.8815 -7.6354 2.3447 7.9859 1.0676 0.5418
