Pedestrian -1 -1 1.2238 958.2332 166.3591 1005.1758 233.0790 1.7253 0.6413 1.4967 9.9408 1.5577 19.4364 1.6899 0.1712
Pedestrian -1 -1 1.0892 971.6918 147.7779 1014.9625 213.9979 1.8066 0.6510 1.0523 10.6743 1.1228 20.2086 1.5688 0.1314
Pedestrian -1 -1 0.3073 1186.3396 191.3242 1242.0000 317.2178 1.6753 0.5282 0.6608 8.5583 1.9461 10.1434 0.9929 0.1119
Pedestrian -1 -1 -1.7500 905.9267 162.2321 970.2401 279.6250 1.8222 0.6359 1.8710 5.4434 1.6576 12.1804 -1.3396 0.1064
Cyclist -1 -1 -1.9320 897.6186 161.1336 980.6801 279.8607 1.8435 0.6116 1.9094 5.4446 1.6619 12.1697 -1.5212 0.9260
Cyclist -1 -1 1.2574 959.8757 164.8700 1004.7215 232.2260 1.7375 0.6149 1.5394 9.9472 1.5319 19.4171 1.7241 0.2656
Cyclist -1 -1 0.6867 950.1043 139.4648 1015.4945 202.1895 1.7482 0.5779 1.7055 10.7768 0.8180 21.0045 1.1550 0.1344
Car -1 -1 -1.5910 590.9952 180.3969 632.3578 219.7103 1.5404 1.6697 4.2805 -0.0199 1.8901 31.2550 -1.5923 0.8011
Car -1 -1 1.7988 426.8733 189.2668 457.9685 209.6974 1.5069 1.5998 3.9399 -13.5345 2.8794 58.3508 1.5714 0.4679
Car -1 -1 1.4497 471.1375 191.1604 499.8531 214.0266 1.5388 1.6391 4.1129 -9.4299 2.9727 54.2914 1.2780 0.1247
Car -1 -1 0.8473 2.9744 205.0101 104.4659 239.5935 1.5192 1.6241 4.0775 -27.0686 3.1367 35.0944 0.1938 0.1133
