Pedestrian -1 -1 -1.4215 581.0997 162.5032 614.2261 237.7045 1.8069 0.6810 1.0497 -0.1165 1.3516 17.8237 -1.4333 0.8748
Pedestrian -1 -1 -1.4096 941.8003 138.4326 1067.7235 374.0000 1.7043 0.6272 0.9738 2.7039 1.4479 4.8752 -0.9315 0.8371
Pedestrian -1 -1 -2.3552 1003.8803 131.2543 1161.5757 328.7869 1.6913 0.7638 0.9586 4.3995 1.2625 6.7008 -1.7975 0.8357
Pedestrian -1 -1 -2.0164 665.2950 165.9340 698.6446 229.7210 1.7150 0.5461 0.9677 2.1874 1.2977 19.8585 -1.9134 0.7262
Pedestrian -1 -1 -1.6180 629.9203 162.9861 654.9145 232.3895 1.7719 0.5998 0.9696 1.0332 1.3004 18.8222 -1.5692 0.7174
Pedestrian -1 -1 -2.8084 459.8880 162.1433 491.4255 225.3317 1.6206 0.4844 0.6904 -3.3055 1.1253 18.7128 -2.9860 0.6952
Pedestrian -1 -1 1.5578 477.9934 165.6720 519.0069 259.7003 1.7325 0.7518 0.5337 -1.9868 1.4421 13.5567 1.4095 0.6804
Pedestrian -1 -1 -1.8391 639.3152 161.0915 670.4078 231.4462 1.6907 0.5735 0.7731 1.2754 1.2014 17.6957 -1.7735 0.5982
Pedestrian -1 -1 0.2383 348.0447 184.3190 428.9007 320.8391 1.5617 0.6372 0.7983 -2.5688 1.5980 8.5669 -0.0508 0.5383
Pedestrian -1 -1 0.2201 655.4659 163.9346 678.0054 204.4991 1.8053 0.4734 0.9314 2.9281 1.0245 32.3324 0.3047 0.5341
Pedestrian -1 -1 -1.3160 264.6014 208.2966 342.3657 359.6237 1.5324 0.6401 0.6158 -3.2426 1.8358 7.7436 -1.7072 0.4612
Pedestrian -1 -1 -2.0106 606.2581 160.8307 642.7455 213.9184 1.8421 0.6398 1.6954 0.7909 1.1260 25.8277 -1.9854 0.1626
Cyclist -1 -1 -2.0252 606.2296 161.4223 644.2795 213.8271 1.8117 0.6089 1.8380 0.8144 1.1186 25.7929 -1.9991 0.5542
Cyclist -1 -1 -1.6990 670.2824 164.2078 694.6492 229.6649 1.7661 0.5340 1.0296 2.2057 1.3007 19.9002 -1.5953 0.1557
Cyclist -1 -1 -2.8179 346.7139 183.8875 433.9272 321.8847 1.5815 0.6299 0.8434 -2.5490 1.6125 8.5715 -3.1048 0.1553
Cyclist -1 -1 -1.7178 631.3793 165.0593 660.7589 235.8958 1.7530 0.6011 0.9785 1.0941 1.3474 18.2897 -1.6642 0.1062
