Car -1 -1 -1.1018 158.4663 179.9251 328.2263 263.6462 1.6091 1.6704 3.9855 -7.8342 1.5085 15.8177 -1.5552 0.9579
Car -1 -1 -1.4241 420.4402 178.3983 514.4924 250.7307 1.5959 1.6914 4.1781 -3.4161 1.4466 17.9766 -1.6095 0.9531
Car -1 -1 -1.3270 351.6317 182.4282 421.6134 225.6254 1.5361 1.6605 3.8969 -8.4167 1.4381 27.5468 -1.6211 0.9206
Car -1 -1 -1.5460 556.8231 178.2090 606.7663 226.2887 1.5915 1.6533 3.3591 -0.9198 1.3607 25.4804 -1.5822 0.8845
Car -1 -1 -1.4778 487.4057 180.7392 531.9638 216.7107 1.4787 1.5846 3.8094 -4.2709 1.2958 31.4830 -1.6119 0.7210
Car -1 -1 1.9478 313.6197 177.4648 377.8785 211.9725 1.6008 1.6308 3.9214 -12.8233 1.2423 35.3277 1.6017 0.7120
Car -1 -1 -1.1320 149.0888 184.1702 260.4217 234.8581 1.4563 1.5755 3.7783 -12.5559 1.4274 22.5850 -1.6346 0.5057
Car -1 -1 -1.4599 386.5963 183.1745 430.7119 216.6692 1.4851 1.5885 3.7832 -9.3519 1.3957 33.8612 -1.7277 0.4280
Car -1 -1 2.2517 0.0000 226.3506 191.3647 376.0000 1.4675 1.5733 3.7443 -2.9520 1.7115 2.2571 1.3900 0.3530
Car -1 -1 2.2791 0.0000 189.9177 32.4625 292.2455 1.4552 1.6001 3.8828 -12.2363 1.5503 12.3873 1.5106 0.3035
Car -1 -1 -1.1451 238.6408 181.8469 322.2581 220.3810 1.4330 1.5807 3.8285 -12.9713 1.3089 28.6465 -1.5670 0.3019
