Car -1 -1 -1.3331 338.3063 177.6536 494.3187 289.2943 1.6552 1.6922 4.0836 -3.2112 1.5442 12.7002 -1.5761 0.8971
Car -1 -1 -1.5649 562.0505 179.0681 618.4789 233.2862 1.5939 1.6597 3.4737 -0.5923 1.4143 22.8820 -1.5909 0.8757
Car -1 -1 -1.4567 483.2651 179.8885 545.8147 229.1167 1.6055 1.7268 4.2404 -3.2636 1.4329 25.5712 -1.5827 0.8225
Car -1 -1 -1.0454 52.0991 184.3869 279.5702 279.1538 1.4243 1.5734 4.0592 -7.6188 1.4130 12.8309 -1.5722 0.8188
Car -1 -1 -1.2773 289.1781 184.4572 352.4228 219.5459 1.4436 1.5897 3.5866 -12.4994 1.4136 31.4243 -1.6533 0.7846
Car -1 -1 -1.0321 0.0000 193.1161 371.5368 376.0000 1.4630 1.6084 4.2569 -3.1719 1.5420 4.9486 -1.5780 0.7804
Car -1 -1 -1.1920 327.9359 181.0278 420.3224 230.3174 1.5344 1.6254 3.9402 -7.8483 1.4051 24.3966 -1.5003 0.6534
Car -1 -1 -1.3362 428.9518 174.1042 475.3384 202.6723 1.4320 1.5562 3.7654 -8.1818 0.8762 37.9307 -1.5474 0.5575
Car -1 -1 -2.0209 511.9849 160.7251 557.4727 184.3954 1.6525 1.6630 4.1502 -5.3983 -0.0613 52.5362 -2.1230 0.4181
Car -1 -1 -1.3774 536.2648 185.7153 578.6544 215.4981 1.5043 1.5642 3.7498 -2.6599 1.5334 38.3279 -1.4467 0.3753
Car -1 -1 -1.4881 469.7102 179.7489 496.7452 201.8172 1.5173 1.5927 3.8528 -8.8888 1.1426 51.4106 -1.6589 0.3360
Car -1 -1 2.1863 122.3921 190.1560 260.6565 244.1827 1.4269 1.5869 3.8814 -12.2354 1.5887 21.3603 1.6712 0.2986
