Pedestrian -1 -1 1.1396 671.0114 166.0083 686.0790 197.3111 1.8893 0.5234 1.0530 4.1552 1.4764 44.1286 1.2325 0.3809
Pedestrian -1 -1 -1.3906 315.7321 156.8078 342.3424 216.0065 1.7534 0.4876 1.5627 -8.6698 1.2785 22.1817 -1.7595 0.1103
Cyclist -1 -1 -1.3888 315.2273 156.9437 342.1104 215.9021 1.7440 0.4891 1.5782 -8.6729 1.2737 22.1614 -1.7581 0.2576
Cyclist -1 -1 1.1396 671.0114 166.0083 686.0790 197.3111 1.8893 0.5234 1.0530 4.1552 1.4764 44.1286 1.2325 0.1590
Car -1 -1 -1.9275 749.9172 178.1569 960.2980 298.9753 1.4835 1.6226 4.1195 3.4439 1.5813 11.1505 -1.6364 0.9302
Car -1 -1 1.9098 308.6244 179.8756 432.3264 258.6014 1.4966 1.5082 3.3388 -5.1233 1.6662 15.7047 1.5988 0.8946
Car -1 -1 1.8551 380.3217 176.5527 478.3084 234.7043 1.4602 1.6085 4.0176 -5.0273 1.5757 20.4181 1.6161 0.8786
Car -1 -1 -2.1314 879.4396 180.0487 1242.0000 375.0000 1.4454 1.5451 3.6695 3.4510 1.5182 5.4098 -1.5888 0.8519
Car -1 -1 -1.7906 720.5553 177.9837 826.9039 249.5213 1.4326 1.5551 3.7422 3.5797 1.5643 16.5964 -1.5827 0.8028
Car -1 -1 0.8083 475.3508 173.2439 527.9862 194.8654 1.5171 1.5940 3.8112 -7.9279 1.5468 52.4854 0.6588 0.4422
Car -1 -1 2.5737 606.1886 170.1441 656.3281 188.7839 1.5994 1.6391 4.2034 1.8687 1.3673 63.6925 2.6026 0.3754
