Pedestrian -1 -1 -0.7391 113.0501 177.2168 155.7784 233.1571 1.8311 0.6904 0.9944 -16.0330 1.9816 24.2713 -1.3180 0.6792
Pedestrian -1 -1 2.6569 664.3576 162.3557 695.9868 220.5347 1.7637 0.5994 0.7830 2.1197 1.4458 22.2971 2.7497 0.5177
Pedestrian -1 -1 -0.6613 338.4529 176.1857 354.2293 202.4618 1.7638 0.5703 0.8332 -17.9566 1.9930 49.0621 -1.0107 0.3698
Pedestrian -1 -1 -1.8086 648.9808 174.5690 684.7661 225.5011 1.6326 0.7756 1.8378 1.8386 1.6927 24.1606 -1.7343 0.1319
Cyclist -1 -1 -2.5930 665.4695 159.0882 732.8484 224.9425 1.8189 0.5904 1.8888 2.4998 1.4390 20.7417 -2.4754 0.7816
Cyclist -1 -1 -1.7489 650.0844 174.3720 681.9883 225.7032 1.6506 0.7537 1.7852 1.8143 1.7038 24.1810 -1.6757 0.4332
Cyclist -1 -1 1.5102 776.2870 148.0757 791.5532 187.9960 1.7660 0.5725 1.5792 7.8448 0.6702 32.7443 1.7431 0.2387
Cyclist -1 -1 -0.7369 338.0689 176.4647 354.1351 202.9890 1.7780 0.5759 0.8619 -17.9573 2.0263 49.0210 -1.0866 0.1098
Car -1 -1 -1.3928 403.2619 172.6008 524.7393 264.7610 1.6113 1.6915 4.0462 -2.8437 1.6072 14.6448 -1.5820 0.9367
Car -1 -1 2.0070 193.1354 185.6090 296.2580 235.5822 1.5161 1.6240 3.9988 -12.5271 1.9930 24.9373 1.5455 0.8256
Car -1 -1 -1.5051 585.9148 173.5915 614.8924 198.2572 1.5307 1.6267 4.0463 -0.6161 1.5811 46.9600 -1.5185 0.3517
Car -1 -1 0.1200 393.2344 184.7600 491.0097 223.4398 1.5114 1.6007 3.7677 -6.9084 2.0200 29.8005 -0.1064 0.2538
Car -1 -1 -1.9871 0.0000 185.9607 46.2854 217.1315 1.4809 1.5876 3.7744 -30.9916 2.1840 37.1341 -2.6792 0.2466
Car -1 -1 1.7030 476.9904 172.0280 500.7649 189.7348 1.5105 1.5640 3.9022 -10.6525 1.4404 63.5240 1.5372 0.2389
Car -1 -1 1.9428 385.3544 180.3081 439.5896 209.7617 1.5177 1.5805 3.9714 -10.9912 1.9554 40.2771 1.6777 0.2372
