Pedestrian -1 -1 0.9278 872.8123 168.7560 940.9915 269.2136 1.8849 0.7462 1.0567 5.7502 1.8084 14.1432 1.3058 0.9032
Pedestrian -1 -1 -0.7174 997.0828 155.2236 1047.1405 239.0405 1.7402 0.6317 0.6761 8.7144 1.3746 15.3576 -0.2099 0.3271
Pedestrian -1 -1 1.1281 677.7943 175.0787 697.7082 204.6346 1.7834 0.6293 1.5147 4.7519 1.9234 44.4766 1.2334 0.1429
Pedestrian -1 -1 -1.0037 674.3581 176.4798 685.8067 198.3518 1.7838 0.6053 0.8004 5.7582 2.0858 59.5124 -0.9082 0.1201
Pedestrian -1 -1 0.2401 722.2562 174.6152 735.3048 196.6539 1.8784 0.6018 0.9932 10.1929 2.0314 62.0431 0.4017 0.1078
Pedestrian -1 -1 -2.8290 746.7862 166.7829 759.9860 196.6963 1.7927 0.5667 0.6409 8.6411 1.4293 43.6429 -2.6352 0.1003
Cyclist -1 -1 1.3762 679.8782 175.3214 695.2264 205.0433 1.7891 0.6045 1.7757 4.7407 1.9448 44.4934 1.4811 0.3834
Cyclist -1 -1 0.8154 819.6022 160.6522 864.8883 208.1209 1.6963 0.5072 1.7788 8.5275 1.2606 26.6929 1.1211 0.1824
Cyclist -1 -1 2.0650 232.5826 179.4603 254.6089 205.5200 1.7025 0.5720 1.7158 -24.6161 2.1542 48.4382 1.5967 0.1086
Car -1 -1 -1.9761 692.4771 170.4689 753.8713 203.3318 1.5239 1.5978 3.8056 5.4605 1.4137 35.4985 -1.8252 0.1196
