Cyclist -1 -1 -1.4022 504.7052 178.5459 516.9821 212.2442 1.6227 0.3400 1.6108 -4.9550 1.9121 35.8265 -1.5391 0.3778
Car -1 -1 -1.7142 672.4167 183.4354 742.8442 237.3962 1.4179 1.5559 3.5154 2.7672 1.7584 21.4225 -1.5883 0.9033
Car -1 -1 -1.9573 763.0431 175.5622 1060.6710 374.0238 1.6062 1.5780 3.4415 2.7968 1.6419 7.6425 -1.6202 0.8916
Car -1 -1 0.3514 306.6625 181.2408 477.9308 241.7605 1.4971 1.6336 4.0125 -5.7148 1.7298 19.0490 0.0632 0.8280
Car -1 -1 0.7067 0.0000 180.9251 317.3195 327.3046 1.6042 1.6797 4.1032 -6.1283 1.7189 9.1207 0.1282 0.7750
Car -1 -1 -0.1537 726.1920 176.4243 839.2923 223.2612 1.6485 1.6511 3.8244 6.2269 1.7848 26.5050 0.0739 0.7743
Car -1 -1 0.3710 252.3578 188.0218 439.9061 255.0263 1.4507 1.5741 3.7990 -6.1124 1.8227 16.8370 0.0272 0.7478
Car -1 -1 3.5549 111.4934 185.3413 358.6333 270.0351 1.4950 1.6234 3.9103 -7.1279 1.7521 13.9167 3.0888 0.6984
Car -1 -1 0.3162 356.0041 179.9809 495.8056 228.8646 1.5291 1.6554 4.1642 -6.0575 1.7744 23.8201 0.0692 0.6412
Car -1 -1 0.8948 0.0000 198.4107 219.0800 375.0000 1.5285 1.6375 3.9824 -5.9478 1.8012 6.5325 0.1763 0.5742
Car -1 -1 -2.5959 0.0000 157.3703 315.4947 280.6235 1.8064 1.6983 4.0070 -7.0668 1.5798 11.4247 -3.1398 0.4917
Car -1 -1 0.2865 366.6251 175.9527 476.0438 216.1306 1.4162 1.5218 3.5861 -6.8880 1.5333 26.3760 0.0330 0.4461
Car -1 -1 1.3759 628.2036 179.3643 660.4808 200.9152 1.5450 1.6823 4.1714 2.5596 2.0635 55.2337 1.4215 0.3818
Car -1 -1 0.4265 344.4554 179.2018 481.2210 230.5871 1.4358 1.5170 3.6214 -5.8673 1.6341 21.4565 0.1622 0.3494
