Pedestrian -1 -1 1.2930 464.0760 175.2670 477.4969 205.1974 1.9036 0.6496 0.8166 -9.0019 2.0611 46.4804 1.1023 0.1705
Pedestrian -1 -1 1.2250 656.6379 175.5958 676.1725 219.1876 1.6480 0.5276 0.7403 2.1233 1.7555 27.7565 1.2998 0.1285
Pedestrian -1 -1 -1.0220 950.3188 131.8721 975.5526 177.0636 1.8685 0.6510 0.7635 14.7852 0.1744 30.3108 -0.5718 0.1264
Pedestrian -1 -1 -1.1539 220.1101 139.0739 247.9803 192.2323 1.8821 0.6544 0.7135 -13.5437 0.6865 25.9199 -1.6313 0.1207
Pedestrian -1 -1 -1.5050 276.8218 150.1583 296.1236 195.2694 1.8647 0.6986 0.6091 -13.5912 0.9269 30.2285 -1.9244 0.1202
Pedestrian -1 -1 -1.1507 897.1416 165.7904 916.4968 199.4931 1.7028 0.3906 1.3923 15.2203 1.3463 37.0756 -0.7643 0.1166
Pedestrian -1 -1 -1.6669 428.7910 180.9218 446.9045 226.4389 1.6964 0.6038 0.7298 -6.6056 2.0092 27.4895 -1.9011 0.1088
Pedestrian -1 -1 1.6224 237.3882 160.8871 257.4494 210.3530 1.8297 0.6204 1.1033 -13.7623 1.3874 27.3157 1.1594 0.1071
Cyclist -1 -1 -1.9363 897.1144 167.2448 917.0079 200.7704 1.6797 0.3804 1.6237 15.1704 1.3990 36.9628 -1.5500 0.4241
Car -1 -1 1.2603 518.5823 175.6979 548.5453 192.9399 1.5133 1.6037 3.9295 -7.0576 1.7828 66.1474 1.1540 0.1531
Car -1 -1 1.6851 488.3580 181.1516 510.9849 198.5799 1.5107 1.6101 4.0788 -10.1676 2.3006 66.5790 1.5338 0.1388
