Pedestrian -1 -1 -1.1346 695.4590 172.5422 717.5523 203.8009 1.6375 0.5193 1.6700 5.1408 1.6215 38.6392 -1.0038 0.1398
Cyclist -1 -1 -1.1604 695.3742 171.9876 716.6345 203.3065 1.6438 0.4813 1.7394 5.1277 1.5987 38.7382 -1.0303 0.3107
Car -1 -1 -1.3169 496.4786 177.1219 637.6143 275.0192 1.4760 1.6239 3.8106 -0.6644 1.5658 13.0829 -1.3677 0.9370
Car -1 -1 2.0854 94.1688 174.8207 523.6399 375.0000 1.5068 1.5932 3.7668 -2.1464 1.5296 6.2151 1.7645 0.9159
Car -1 -1 -1.6488 800.7586 179.6624 869.9734 242.7998 1.5355 1.5208 3.1310 5.9940 1.7368 19.6006 -1.3570 0.8123
Car -1 -1 -1.9116 891.4943 191.8161 1242.0000 375.0000 1.4489 1.4698 3.2668 3.1466 1.6346 5.3165 -1.4024 0.7742
Car -1 -1 1.8857 651.2171 166.8961 716.1959 209.5828 1.7829 1.7155 4.1066 3.3346 1.5344 32.3579 1.9869 0.7400
Car -1 -1 0.2664 506.0964 163.5244 613.4318 204.2807 1.4574 1.5637 3.7167 -1.8884 1.1241 26.9287 0.1966 0.6479
Car -1 -1 2.3652 0.0000 0.0000 1242.0000 375.0000 1.4455 1.5972 3.8065 -2.5950 1.5129 1.4580 1.3841 0.4189
Car -1 -1 -1.6716 791.4141 181.7842 851.6924 232.5728 1.5282 1.5622 3.5798 6.9936 1.8525 24.2741 -1.3951 0.3521
