Pedestrian -1 -1 1.1422 848.3780 166.1868 874.4556 212.4333 1.9219 0.6950 0.9758 10.5802 1.6452 30.5028 1.4726 0.6305
Pedestrian -1 -1 -1.3833 25.7199 176.3352 86.9052 289.1872 1.6932 0.6140 0.8338 -8.7537 1.7508 11.3638 -2.0285 0.3230
Pedestrian -1 -1 -2.0472 363.9890 159.8504 377.2780 185.5565 1.8475 0.6748 0.6882 -17.3914 0.9133 52.3371 -2.3666 0.1904
Pedestrian -1 -1 -0.5568 654.3215 176.0223 670.8392 208.1295 1.7187 0.5501 0.7091 2.8134 1.8926 39.1099 -0.4861 0.1388
Cyclist -1 -1 -1.9034 1034.0223 160.7830 1076.5037 226.0411 1.7761 0.4735 1.7352 12.5986 1.4479 20.5324 -1.3599 0.1540
Car -1 -1 1.7793 409.3927 186.2529 546.6833 287.2839 1.5028 1.6589 3.9853 -2.2967 1.7877 13.2910 1.6105 0.9221
Car -1 -1 1.7010 569.9214 180.6454 618.8558 220.6542 1.5176 1.5773 3.6342 -0.6322 1.8623 29.9950 1.6794 0.8668
Car -1 -1 1.2660 878.4637 171.1233 918.8257 193.2326 1.5593 1.6006 4.0286 21.0982 1.4376 52.9505 1.6429 0.1914
Car -1 -1 1.2063 526.2325 172.5309 580.9446 202.5809 1.6308 1.6699 4.3967 -3.3408 1.6137 41.4993 1.1260 0.1582
Car -1 -1 1.3946 567.2888 168.7202 606.5717 196.1202 1.5059 1.6072 3.8674 -1.4150 1.2790 41.7107 1.3605 0.1358
