Pedestrian -1 -1 -0.5354 1094.9955 138.9173 1164.1721 244.1985 1.7743 0.5663 0.7796 9.0156 1.0751 12.2275 0.0893 0.6429
Pedestrian -1 -1 -0.7228 1146.3151 146.2642 1212.2212 247.3376 1.6056 0.4334 0.7267 9.2599 1.0634 11.4633 -0.0551 0.1964
Pedestrian -1 -1 -1.4059 803.0740 162.7971 816.0603 196.6678 1.7206 0.5233 0.7726 10.5143 0.8227 36.3740 -1.1251 0.1341
Pedestrian -1 -1 -2.0016 788.4516 161.3671 805.8456 196.0466 1.8272 0.6369 0.7535 10.2236 0.8205 37.6717 -1.7370 0.1302
Pedestrian -1 -1 -1.6133 283.9455 173.5036 315.7274 261.0414 1.7369 0.5721 0.6994 -6.2904 1.5997 14.4629 -2.0139 0.1277
Pedestrian -1 -1 -1.1393 562.3588 166.9495 576.2415 194.9705 1.7894 0.6219 0.7880 -2.3028 0.9254 45.6279 -1.1876 0.1263
Pedestrian -1 -1 0.7813 245.5599 161.4958 267.9885 196.9685 1.8578 0.5768 0.9312 -18.4557 0.8639 37.4481 0.3286 0.1238
Pedestrian -1 -1 0.7834 874.4210 155.7321 907.3334 194.2202 1.7826 0.5804 1.4606 13.5285 0.6369 33.5284 1.1654 0.1099
Cyclist -1 -1 1.0634 875.2885 156.3993 906.4099 195.1361 1.7858 0.5571 1.8028 13.5177 0.6762 33.5198 1.4452 0.4133
Car -1 -1 0.6327 544.8104 169.9221 673.0324 216.1720 1.4766 1.6768 4.2803 0.0532 1.1405 24.5157 0.6366 0.8768
Car -1 -1 -0.8514 0.0000 204.2302 305.7004 370.0000 1.4701 1.5748 3.7926 -3.1285 1.6509 3.4144 -1.5466 0.6712
Car -1 -1 1.5756 84.4728 182.1706 114.6803 205.8980 1.5360 1.6184 4.0711 -34.4209 1.6562 48.1961 0.9602 0.1195
Car -1 -1 -1.6392 577.3670 156.8172 603.8381 180.6287 1.6697 1.6529 4.2278 -1.0852 0.0103 51.7517 -1.6581 0.1163
