Pedestrian -1 -1 1.1740 764.7111 151.0127 824.8676 258.2253 1.7414 0.7102 0.8212 3.2071 1.2475 12.1235 1.4219 0.6814
Pedestrian -1 -1 3.0736 136.2775 145.7179 201.5688 266.0559 1.7360 0.5161 0.8093 -6.5493 1.2211 10.8031 2.5339 0.6537
Pedestrian -1 -1 1.6085 501.9799 162.2221 521.4267 211.4780 1.8872 0.7222 1.0005 -3.5160 1.1496 28.0506 1.4798 0.4739
Pedestrian -1 -1 -2.4695 1120.1691 132.2336 1238.0000 374.0000 1.6940 0.6715 0.6547 3.8088 1.4106 4.5469 -1.8057 0.4356
Pedestrian -1 -1 1.4529 593.2487 160.9987 606.9047 193.3931 1.9146 0.7409 0.6361 -0.0809 0.7037 42.8144 1.4461 0.4212
Pedestrian -1 -1 1.9958 527.2215 162.9614 549.1525 204.3257 1.8890 0.6898 0.9454 -2.9437 1.0433 33.3610 1.9035 0.4013
Pedestrian -1 -1 1.2000 64.3498 139.2900 131.9347 261.6849 1.7210 0.6423 0.5915 -7.4189 1.1288 10.5295 0.5926 0.3320
Pedestrian -1 -1 1.6898 442.4765 163.1983 462.5269 218.1959 1.7777 0.5531 0.8594 -4.9268 1.1872 23.6686 1.4817 0.2182
Cyclist -1 -1 1.6898 442.4765 163.1983 462.5269 218.1959 1.7777 0.5531 0.8594 -4.9268 1.1872 23.6686 1.4817 0.1278
Car -1 -1 1.7025 468.2877 176.5868 584.2793 267.0038 1.4893 1.6940 4.1368 -1.3318 1.4096 13.9242 1.6034 0.9050
Car -1 -1 -1.6261 625.3407 127.3544 702.1152 213.6577 2.3010 1.9581 5.1467 1.7189 0.8585 21.7393 -1.5531 0.4487
