Car -1 -1 0.5303 109.6714 178.5244 391.0185 276.8284 1.5233 1.6440 4.0123 -6.0429 1.6278 12.2726 0.0808 0.8921
Car -1 -1 -1.8177 700.0338 170.5529 831.1246 269.0606 1.6191 1.5636 3.4558 2.7339 1.5817 13.6246 -1.6248 0.8880
Car -1 -1 -1.6684 658.2631 178.7405 708.1701 220.5477 1.4591 1.5463 3.2908 2.6695 1.6956 27.2903 -1.5726 0.8788
Car -1 -1 0.4623 197.1100 179.3218 419.4940 258.9844 1.5265 1.6355 3.9369 -6.1968 1.6694 14.9424 0.0749 0.8122
Car -1 -1 -2.0818 830.4336 186.6755 1242.0000 375.0000 1.4833 1.6202 4.2790 2.8039 1.6131 4.6069 -1.5643 0.7972
Car -1 -1 0.2514 381.3646 180.3175 503.4211 224.7563 1.4676 1.6013 3.8350 -5.7799 1.7349 24.9607 0.0256 0.7326
Car -1 -1 -0.2010 700.5350 173.0857 799.2981 211.8133 1.6997 1.7169 4.1108 6.2184 1.7108 32.5634 -0.0145 0.6043
Car -1 -1 0.3288 346.0416 180.1740 482.3777 229.8335 1.4854 1.5856 3.8470 -6.1629 1.7261 22.7706 0.0669 0.5463
Car -1 -1 3.5078 222.3020 157.6407 408.9066 224.0888 1.5041 1.6041 3.7856 -6.9439 1.1601 17.1574 3.1283 0.4792
Car -1 -1 0.4162 405.9897 176.0919 514.9635 214.1265 1.4976 1.6175 4.1111 -6.1991 1.6374 29.8408 0.2127 0.4749
Car -1 -1 0.3628 265.9730 178.4149 429.9402 234.5765 1.4715 1.6034 3.9412 -7.1928 1.6318 19.9098 0.0199 0.4240
