Car -1 -1 2.0267 51.8372 189.2079 352.0911 358.4224 1.5718 1.6116 3.9058 -4.7624 1.8219 9.0463 1.5535 0.9242
Car -1 -1 1.8204 391.4341 183.4228 491.0571 245.3619 1.4737 1.6501 4.3902 -4.6080 1.8015 20.1374 1.5977 0.9147
Car -1 -1 -1.9162 796.6849 181.1076 1032.1670 320.8415 1.4722 1.6008 3.8155 3.7446 1.6059 9.7413 -1.5604 0.9112
Car -1 -1 1.8657 306.8420 183.1491 443.0721 275.5414 1.5848 1.5681 3.7929 -4.6607 1.8220 14.6998 1.5631 0.9087
Car -1 -1 -1.8344 730.9531 179.0522 867.7520 263.6888 1.4642 1.6205 4.1905 3.6657 1.6109 14.9073 -1.5987 0.8808
Car -1 -1 1.7720 504.8923 175.0504 550.3691 209.0941 1.6043 1.5869 3.5169 -4.1014 1.7200 36.0572 1.6591 0.8160
Car -1 -1 -2.2654 964.4750 201.3368 1242.0000 375.0000 1.5064 1.5878 3.8090 3.8575 1.7565 4.4122 -1.5808 0.6513
Car -1 -1 -1.6633 701.4916 175.5076 758.2273 223.0093 1.5310 1.5984 3.8176 4.1031 1.6320 25.4273 -1.5058 0.6434
Car -1 -1 1.7068 524.6082 176.6122 562.4907 205.2805 1.5126 1.6032 3.9454 -3.7236 1.7349 40.6005 1.6154 0.6156
Car -1 -1 -1.7115 712.9586 179.2217 792.4926 241.5530 1.5229 1.5925 3.8802 3.8007 1.7172 20.0017 -1.5273 0.6016
Car -1 -1 -2.3974 1089.0210 137.4731 1222.3457 183.0757 1.5181 1.5775 3.7359 19.4655 0.3406 25.9999 -1.7601 0.4777
Car -1 -1 -1.7017 687.1882 175.0307 736.5482 213.1543 1.5257 1.5900 3.8637 4.2741 1.6255 31.0293 -1.5667 0.4663
