Pedestrian -1 -1 2.4740 592.3769 164.6101 610.7784 197.8386 1.8612 0.5541 0.8919 -0.5116 1.3998 40.9084 2.4612 0.5402
Pedestrian -1 -1 -2.2116 0.0000 171.5150 60.6838 295.9868 1.6772 0.6427 0.5778 -8.2893 1.6595 10.1034 -2.8859 0.4938
Pedestrian -1 -1 -2.6191 218.1862 168.1062 247.3060 212.4797 1.8011 0.5465 0.9063 -15.5025 1.6088 29.5772 -3.0984 0.4824
Pedestrian -1 -1 2.8383 70.4087 168.0468 102.3938 215.3738 1.8790 0.5948 0.9124 -21.2200 1.6885 29.1869 2.2139 0.4513
Pedestrian -1 -1 0.7371 85.5617 166.2999 117.4954 211.0845 1.8532 0.6241 0.9112 -21.3353 1.5824 30.2219 0.1264 0.3450
Cyclist -1 -1 -2.5998 217.1159 168.2687 247.4231 212.7894 1.8051 0.5538 0.9510 -15.5117 1.6195 29.5577 -3.0796 0.1265
Car -1 -1 1.1605 539.1803 166.1050 592.1449 194.6069 1.6725 1.7056 4.2555 -2.8299 1.2769 44.6208 1.0972 0.7845
Car -1 -1 0.9052 761.3027 163.6745 821.1988 189.6758 1.6915 1.7158 4.2150 12.2674 1.0947 49.2101 1.1478 0.5845
Car -1 -1 0.7465 830.7076 162.9627 884.3995 185.9780 1.6196 1.5804 3.5866 18.0186 0.9239 52.7263 1.0739 0.5618
Car -1 -1 -2.0474 577.3413 169.0152 630.4420 193.7626 1.5175 1.6544 4.2374 -0.4798 1.2825 46.5012 -2.0580 0.5563
Car -1 -1 -2.1553 623.1759 167.8139 683.1729 193.4229 1.5755 1.6948 4.4526 2.7033 1.2658 46.7386 -2.0983 0.5469
Car -1 -1 -1.4127 0.4485 173.9152 82.7033 221.9551 1.4723 1.5761 3.7534 -19.0151 1.5112 24.2236 -2.0730 0.3943
Car -1 -1 0.7241 1039.2822 165.3635 1099.3116 186.1814 1.7202 1.6822 4.3039 39.3184 1.1016 61.9192 1.2875 0.2833
