Pedestrian -1 -1 -1.5660 988.4514 135.6134 1055.1211 287.3562 1.6607 0.6461 0.8570 4.7394 1.2535 8.4251 -1.0689 0.7771
Pedestrian -1 -1 -2.0680 1047.8630 141.0677 1154.2001 303.0365 1.6663 0.5776 0.9264 5.2899 1.3396 7.9037 -1.4957 0.6820
Cyclist -1 -1 -1.8264 1018.4310 135.4712 1111.8506 296.9611 1.6992 0.6376 1.0175 5.0610 1.3062 8.1668 -1.2881 0.1403
Car -1 -1 -2.6948 185.2426 179.9534 337.0161 235.1050 1.9470 1.8349 4.7164 -12.8238 2.2185 26.6282 -3.1401 0.8535
Car -1 -1 -0.3449 831.5936 172.7837 935.7302 211.3339 1.4107 1.4721 3.3626 10.2026 1.4085 27.1548 0.0105 0.7944
Car -1 -1 -2.4201 0.0000 202.0527 119.2609 245.0323 1.4548 1.5933 3.8093 -20.5453 2.5693 26.6033 -3.0730 0.7829
Car -1 -1 0.8841 0.0000 205.4582 63.1162 271.7228 1.4967 1.6311 4.1425 -16.6419 2.3865 18.5457 0.1598 0.5119
Car -1 -1 -2.4774 1007.7473 212.4898 1242.0000 375.0000 1.5011 1.5868 3.7402 3.0746 1.7311 2.2802 -1.6059 0.4788
Car -1 -1 -0.7745 943.8617 173.0556 1058.9893 212.9470 1.4437 1.5894 3.8407 14.8182 1.4521 27.4251 -0.2840 0.4451
Car -1 -1 1.3722 177.0749 189.8126 227.0956 223.7174 1.5116 1.5096 3.4615 -20.2921 2.3952 35.7735 0.8592 0.4271
Car -1 -1 1.5035 122.7985 191.8149 167.5128 226.5505 1.4885 1.5787 3.9233 -22.7490 2.4676 35.1959 0.9329 0.3033
