Pedestrian -1 -1 -2.8099 586.9638 165.0463 633.5975 239.3524 1.6897 0.6301 0.9366 -0.0382 1.5125 16.8545 -2.8131 0.6394
Pedestrian -1 -1 1.6020 817.2644 141.7886 865.9730 266.0922 1.7761 0.6696 0.8359 3.4222 1.3326 10.8107 1.9000 0.2880
Pedestrian -1 -1 -2.2944 1126.4664 109.2496 1203.4044 230.5711 1.7745 0.6840 0.6154 8.3067 0.8445 10.8862 -1.6554 0.2655
Pedestrian -1 -1 1.7859 829.3782 118.9510 900.8306 266.5937 1.6588 0.5581 1.4010 3.0974 1.0535 8.8479 2.1118 0.1265
Cyclist -1 -1 1.7543 831.1007 119.8383 901.1077 266.9082 1.6447 0.5690 1.4742 3.1116 1.0522 8.8482 2.0816 0.1941
Car -1 -1 -1.5998 625.6734 174.3402 700.2991 243.1630 1.4228 1.5508 3.6557 1.1152 1.4617 16.8476 -1.5357 0.7504
Car -1 -1 1.7924 436.1838 165.0497 489.5705 200.0165 1.5774 1.6072 4.2890 -7.0378 1.2257 34.7090 1.5935 0.3003
Car -1 -1 1.5713 615.4833 170.1375 649.9092 202.2651 1.4462 1.5500 3.8579 1.0397 1.3243 34.4291 1.6008 0.2451
Car -1 -1 -1.5068 610.9036 161.2705 637.9053 185.9354 1.6857 1.6626 4.2274 1.0376 0.8944 51.4845 -1.4870 0.2144
Car -1 -1 1.4814 666.7475 163.2205 708.4139 198.3753 1.5358 1.5633 3.8908 3.5036 1.1153 33.4744 1.5844 0.2086
Car -1 -1 3.2894 81.2744 116.7202 316.3971 197.3290 1.5469 1.6385 4.1292 -8.5443 0.4700 15.3268 2.7881 0.1758
