Pedestrian -1 -1 -1.4694 785.0340 152.8447 801.7319 192.0688 1.8307 0.7084 0.6082 8.6250 0.8971 34.0792 -1.2238 0.3873
Pedestrian -1 -1 0.9233 187.1415 193.5116 233.6673 268.3973 1.7389 0.6428 0.7845 -9.7138 2.2521 17.4561 0.4216 0.1389
Pedestrian -1 -1 -1.7979 318.7112 174.8144 345.8476 240.9313 1.7150 0.5605 0.5591 -7.4115 1.7683 19.1241 -2.1635 0.1069
Pedestrian -1 -1 1.9241 437.3250 141.4700 461.4248 190.0353 1.8604 0.6310 0.9418 -6.3021 0.6585 28.1470 1.7056 0.1025
Cyclist -1 -1 1.4110 1010.5941 182.9210 1050.0566 259.2791 1.5804 0.5519 1.1682 9.1055 1.8094 15.7444 1.9265 0.1142
Cyclist -1 -1 -1.9038 0.0000 168.2109 46.3076 261.5261 1.7027 0.5235 1.5833 -11.4964 1.6183 13.8013 -2.5889 0.1120
Car -1 -1 1.6839 552.8989 177.7410 594.5142 210.9254 1.5225 1.6190 4.0086 -1.7806 1.7790 35.7576 1.6340 0.7889
Car -1 -1 -1.6546 644.5038 175.6638 689.3502 213.1769 1.5163 1.6192 3.6682 2.3706 1.6456 31.2796 -1.5803 0.6045
Car -1 -1 1.4332 570.1646 173.8764 606.1482 200.8953 1.5106 1.5861 3.9471 -1.3680 1.5743 42.5748 1.4008 0.2282
Car -1 -1 1.5058 687.8785 168.1729 728.2195 201.4665 1.4999 1.6283 4.2449 4.6128 1.2893 34.6737 1.6365 0.1123
