Pedestrian -1 -1 -0.3093 1171.4131 137.6942 1242.0000 250.9161 1.7207 0.5385 0.8165 9.3829 1.1867 11.3609 0.3681 0.1764
Pedestrian -1 -1 2.1942 269.5187 121.2572 317.8403 205.9326 1.8516 0.5936 0.8823 -7.1711 0.7237 16.2689 1.7849 0.1427
Pedestrian -1 -1 -2.0217 413.2511 197.6372 434.5345 239.6701 1.7270 0.6571 0.6518 -7.9476 2.7960 30.6485 -2.2740 0.1388
Cyclist -1 -1 1.2293 456.6479 149.3729 476.2064 185.1196 1.8238 0.5337 1.4804 -7.5226 0.6262 37.5832 1.0329 0.1302
Car -1 -1 -0.2908 706.8526 181.1752 928.0607 253.6944 1.4280 1.6316 4.2047 4.2263 1.6146 15.2769 -0.0267 0.9247
Car -1 -1 -3.2289 644.6683 176.9320 729.5496 208.6749 1.5953 1.6826 4.2339 3.9043 1.8118 37.3590 -3.1261 0.6946
Car -1 -1 -0.2414 640.6658 177.1344 711.7738 203.9152 1.5070 1.6065 3.8507 3.7990 1.7632 42.0327 -0.1524 0.3687
Car -1 -1 1.6925 627.6544 182.6719 655.9769 204.4664 1.4652 1.5916 3.9765 2.3223 2.2081 52.4807 1.7360 0.1797
Car -1 -1 -1.6917 630.3812 176.0812 653.4932 195.3794 1.7676 1.7098 4.1554 3.0017 2.0859 68.9387 -1.6488 0.1285
Car -1 -1 1.9876 640.5983 176.9174 685.6671 199.6164 1.5091 1.6171 4.2041 3.7732 1.8092 51.0018 2.0606 0.1161
