Pedestrian -1 -1 -2.6068 348.7014 149.6430 368.4554 191.6089 1.8087 0.5817 0.6002 -10.9935 0.8087 31.4390 -2.9407 0.3251
Pedestrian -1 -1 2.2100 1197.8661 167.7249 1242.0000 256.1325 1.7555 0.6412 0.6330 12.5133 1.6540 14.7108 2.9044 0.2799
Pedestrian -1 -1 -2.2350 821.6218 157.1135 848.2758 204.8238 1.8346 0.7328 0.6758 8.7432 1.2297 28.1892 -1.9375 0.2245
Pedestrian -1 -1 0.9657 858.2220 155.0685 915.2888 225.8070 1.7112 0.5622 1.5423 6.9326 1.2813 18.2684 1.3226 0.1356
Cyclist -1 -1 0.9581 857.6504 154.1889 917.3759 225.4543 1.7186 0.5707 1.6232 6.9440 1.2689 18.2551 1.3158 0.3266
Car -1 -1 -1.7885 656.5446 175.1063 781.3804 264.9763 1.6055 1.6635 4.1514 2.0625 1.6598 15.1339 -1.6566 0.9332
Car -1 -1 1.8193 327.5267 188.3900 489.3920 299.6474 1.3814 1.5369 3.6637 -3.0056 1.6648 11.3058 1.5643 0.8948
Car -1 -1 3.4693 213.8217 183.5759 393.8442 245.9125 1.4515 1.5598 3.8396 -7.5810 1.7330 18.0139 3.0758 0.8338
Car -1 -1 -1.6209 612.0083 177.2808 639.0214 200.7859 1.5003 1.6158 4.1391 0.9840 1.8137 48.9335 -1.6014 0.5158
Car -1 -1 -1.3630 362.2299 178.8251 437.4252 230.1966 1.5403 1.6324 3.8726 -6.9573 1.7564 24.0832 -1.6418 0.3405
Car -1 -1 0.1242 437.4272 162.0473 525.6880 197.7744 2.1833 1.9173 5.2439 -8.0087 1.5232 45.1801 -0.0506 0.2889
Car -1 -1 -1.4092 455.2686 178.7382 504.3675 212.9872 1.4945 1.6407 4.1925 -6.1589 1.7919 34.3152 -1.5859 0.2440
Car -1 -1 -1.6973 694.4517 170.2435 724.1098 192.1610 1.5147 1.6065 4.0242 7.0694 1.3347 51.8814 -1.5629 0.2387
