Pedestrian -1 -1 0.8435 594.9961 160.8474 644.0698 258.6365 1.7347 0.6341 0.6423 0.1222 1.5221 13.2471 0.8513 0.6695
Pedestrian -1 -1 2.7104 701.8262 168.3915 729.4026 223.8904 1.6254 0.4415 0.6887 3.0897 1.4951 21.4394 2.8509 0.2560
Pedestrian -1 -1 1.5736 254.4043 126.6072 328.6402 324.5975 1.7710 0.6191 0.8078 -3.1112 1.3576 6.9443 1.1658 0.1870
Pedestrian -1 -1 -2.7330 897.8959 127.9369 1014.1346 313.8431 1.7292 0.6218 0.8837 3.4106 1.3117 7.2445 -2.3093 0.1777
Cyclist -1 -1 1.4704 857.3100 137.2697 937.0310 297.2390 1.7102 0.6799 1.7083 3.3282 1.3301 8.6233 1.8265 0.2700
Car -1 -1 -1.6024 633.8029 175.1133 733.5850 265.9985 1.4202 1.5720 3.7738 1.2168 1.4682 13.2962 -1.5141 0.8091
Car -1 -1 -1.5725 612.3341 159.8167 639.6133 190.2836 1.9304 1.7286 4.2887 1.0213 1.1047 47.8737 -1.5516 0.5571
Car -1 -1 -1.6178 617.9160 171.6141 658.3891 207.8850 1.4549 1.5376 3.7144 1.1092 1.4055 30.8062 -1.5827 0.2464
Car -1 -1 1.4567 666.4870 170.5506 709.7767 203.0213 1.5349 1.6656 4.2979 3.8251 1.4264 36.2626 1.5605 0.2378
Car -1 -1 1.2058 692.0639 169.2361 781.9003 222.1384 1.5349 1.5755 3.6613 3.8797 1.4303 22.8827 1.3710 0.1776
