Car -1 -1 -1.9392 758.1985 178.3671 1035.1412 347.9631 1.5599 1.6330 4.0304 3.0703 1.6433 8.8168 -1.6157 0.9263
Car -1 -1 2.0890 51.4858 195.2623 326.7627 330.3097 1.5127 1.6449 4.1795 -6.0108 1.9168 10.8877 1.5943 0.9227
Car -1 -1 1.8583 317.4011 176.1581 435.1621 246.4110 1.6316 1.7788 4.3597 -6.0746 1.7297 19.1547 1.5546 0.9098
Car -1 -1 1.7963 399.7209 176.9142 471.5988 227.2357 1.6268 1.6400 3.8866 -6.1305 1.7822 25.5881 1.5630 0.8451
Car -1 -1 1.6452 543.0338 175.9242 573.1813 201.5895 1.5864 1.6636 4.1521 -3.3805 1.7963 47.1720 1.5736 0.7189
Car -1 -1 1.6918 465.6180 180.1853 507.6659 211.5126 1.4603 1.6166 4.1689 -6.2579 1.8555 36.7429 1.5238 0.6639
Car -1 -1 1.7190 508.6645 180.0748 540.3318 203.2875 1.5487 1.6608 4.0788 -6.0855 2.0850 51.4851 1.6015 0.4513
Car -1 -1 2.3027 0.0000 205.8425 67.0251 375.0000 1.4708 1.5967 3.9669 -5.9286 1.7934 4.9846 1.4575 0.4004
Car -1 -1 -0.0518 931.8002 160.4954 1068.6222 205.7662 1.5522 1.6453 4.2838 14.0818 1.1288 26.3828 0.4336 0.3996
Car -1 -1 -1.6067 637.6314 173.9464 659.4258 193.0183 1.4758 1.5999 4.0293 3.0470 1.5672 58.0897 -1.5549 0.2425
