Car -1 -1 1.9675 178.9072 196.5977 415.4093 348.1751 1.5049 1.5394 3.5177 -3.8829 1.8759 9.4879 1.5879 0.9142
Car -1 -1 -1.6923 659.7711 181.1461 719.6785 228.6852 1.4803 1.5909 3.8124 2.6457 1.7907 25.0552 -1.5891 0.8613
Car -1 -1 -3.5415 830.6130 166.5151 1037.7753 232.8568 1.5767 1.6846 4.4100 7.9187 1.4264 18.0046 -3.1337 0.8581
Car -1 -1 -1.3695 421.6361 185.8492 481.7634 228.9951 1.5659 1.6365 3.8800 -6.3912 2.1292 29.3076 -1.5829 0.8435
Car -1 -1 2.8495 758.4738 167.5056 879.9333 210.6887 1.5798 1.6548 4.1005 7.7934 1.3845 27.2557 3.1247 0.7485
Car -1 -1 -0.3429 803.7254 155.3890 978.3689 216.6738 1.7152 1.7316 4.4317 8.0613 1.2267 21.0944 0.0170 0.6808
Car -1 -1 2.3284 0.0000 204.5382 205.0454 375.0000 1.4549 1.5845 3.8578 -3.4967 1.6725 2.9667 1.5051 0.6672
Car -1 -1 1.7743 475.5527 185.8799 519.6557 216.7672 1.5760 1.6720 4.0230 -6.2988 2.3463 40.5942 1.6208 0.6224
Car -1 -1 1.8629 303.1332 196.8151 411.1465 264.1450 1.4089 1.5539 3.7574 -6.3405 2.0823 18.3583 1.5341 0.5944
Car -1 -1 -0.7281 1033.0590 150.5578 1140.3513 188.7173 1.7307 1.7060 4.1201 22.3019 0.7198 33.8728 -0.1499 0.3216
Car -1 -1 1.0242 969.1606 156.3525 1044.9330 188.4125 1.5990 1.6063 4.0604 20.7991 0.7763 38.0508 1.5211 0.2814
