Pedestrian -1 -1 -2.5135 326.2060 173.6992 360.9369 225.6934 1.7514 0.6448 0.9133 -8.9916 1.5239 24.2473 -2.8627 0.7688
Pedestrian -1 -1 1.2855 534.6394 163.0546 567.7752 218.7434 1.8146 0.8290 1.1093 -1.8419 1.2477 23.6997 1.2107 0.7635
Pedestrian -1 -1 0.7155 312.5703 171.0277 351.1269 229.0030 1.8078 0.6730 0.9344 -8.7286 1.5140 22.5191 0.3521 0.7494
Pedestrian -1 -1 -2.6311 243.3944 178.6809 268.5286 226.8774 1.7393 0.6085 0.6024 -12.7764 1.6752 25.8320 -3.0840 0.6344
Pedestrian -1 -1 -0.4514 705.1812 162.2931 743.6929 198.9188 1.7328 0.6186 1.7288 5.7240 0.8729 33.9855 -0.2843 0.1505
Cyclist -1 -1 -0.2497 922.4300 138.6139 1000.1450 203.0557 1.7603 0.7555 1.8171 9.9486 0.6177 19.8677 0.2101 0.9287
Cyclist -1 -1 -0.4473 856.5584 149.3913 915.8905 199.5890 1.7396 0.6849 1.8257 9.8682 0.6631 24.9052 -0.0726 0.8042
Cyclist -1 -1 -0.5443 290.1390 174.0568 355.4456 236.9276 1.7331 0.4811 1.7451 -8.1231 1.5571 20.3247 -0.9174 0.6590
Cyclist -1 -1 -0.4514 705.1812 162.2931 743.6929 198.9188 1.7328 0.6186 1.7288 5.7240 0.8729 33.9855 -0.2843 0.5789
Cyclist -1 -1 -1.4215 828.0375 158.5264 848.4063 198.6507 1.7463 0.5946 1.9187 10.4685 0.7915 31.7587 -1.1043 0.5322
Cyclist -1 -1 1.2923 535.2261 162.4698 568.4337 218.2360 1.8238 0.8387 1.1204 -1.8278 1.2357 23.7888 1.2184 0.1216
Car -1 -1 -1.3897 408.9750 179.1768 507.7021 247.9828 1.4297 1.5850 3.7502 -3.3457 1.4038 16.5711 -1.5834 0.9350
Car -1 -1 -0.5081 976.0979 155.7550 1083.9381 190.9058 1.5601 1.6449 3.9109 19.3059 0.4633 32.2540 0.0287 0.6786
Car -1 -1 -0.6762 1071.0461 145.3504 1198.7468 188.4308 1.9236 1.8131 4.5860 24.3124 0.3556 32.5584 -0.0378 0.5548
Car -1 -1 -0.4878 704.3863 162.3168 743.5814 198.4995 1.7149 0.6540 1.7632 5.7212 0.8545 34.0941 -0.3212 0.1088
