Pedestrian -1 -1 1.5864 765.9440 161.3912 793.4314 243.2150 1.7320 0.5674 0.7301 3.7642 1.3291 15.3859 1.8234 0.4189
Pedestrian -1 -1 2.3783 718.0391 163.1264 746.9739 215.9965 1.7765 0.6266 0.7508 4.3389 1.1943 24.2219 2.5550 0.2483
Pedestrian -1 -1 1.0971 721.6199 129.8347 750.0113 176.7237 1.7471 0.5506 1.2703 4.9862 -0.1471 27.1387 1.2790 0.1263
Pedestrian -1 -1 2.4440 425.1552 171.9277 445.8159 195.9082 1.6857 0.5345 1.4210 -12.0795 1.0844 50.4249 2.2120 0.1261
Pedestrian -1 -1 0.9095 813.9241 128.2053 889.1567 263.7370 1.7680 0.6348 0.7639 3.3172 1.0875 9.6844 1.2316 0.1173
Cyclist -1 -1 2.3469 423.7614 172.0443 447.3191 196.1268 1.6880 0.5265 1.7955 -12.0788 1.0966 50.4574 2.1151 0.3304
Cyclist -1 -1 1.1807 721.5804 132.6990 749.6219 179.2844 1.7417 0.5526 1.4416 4.9932 -0.0466 27.2328 1.3622 0.1760
Car -1 -1 1.5548 555.5569 162.0608 574.5612 180.4619 1.5662 1.6097 4.0334 -3.5227 -0.0023 62.2515 1.5005 0.2283
Car -1 -1 1.7957 234.0268 182.3043 264.5864 199.8024 1.4987 1.5723 4.0082 -31.6908 1.6664 63.1247 1.3341 0.1710
Car -1 -1 2.3173 0.0000 149.9771 102.7218 241.6129 1.8419 1.7129 4.4873 -14.2719 1.2300 16.4864 1.6152 0.1361
Car -1 -1 1.9537 206.1149 182.3327 243.7395 200.3408 1.5341 1.5822 3.9090 -33.6132 1.7029 62.6650 1.4651 0.1233
Car -1 -1 -2.0179 0.0000 151.5175 53.4255 185.2768 1.5053 1.6084 3.9394 -27.8774 0.2145 33.0736 -2.7114 0.1223
Car -1 -1 2.3085 97.8867 171.2790 216.7849 216.9106 1.9686 1.8570 4.9203 -20.7795 1.5723 33.0857 1.7537 0.1203
Car -1 -1 1.5407 377.1885 179.5013 402.1667 201.9730 1.5483 1.6080 3.9187 -15.5017 1.4808 50.8231 1.2480 0.1181
