Pedestrian -1 -1 0.0226 806.8410 163.1924 852.0718 255.2412 1.7270 0.5625 0.8165 4.2942 1.4039 13.6568 0.3223 0.1837
Pedestrian -1 -1 1.4249 855.8726 140.1368 875.2026 183.4628 1.8099 0.6534 0.8296 11.0301 0.1253 30.0043 1.7757 0.1744
Pedestrian -1 -1 1.4790 13.2104 155.1682 29.9359 193.6818 1.8752 0.5660 0.8538 -28.8381 0.6433 34.9238 0.7951 0.1562
Pedestrian -1 -1 0.3643 876.4990 135.1509 939.5241 274.6184 1.6746 0.5201 0.5848 3.7559 1.1318 8.8743 0.7540 0.1323
Cyclist -1 -1 2.1498 415.7697 173.2770 439.7138 201.2012 1.6779 0.5034 1.8326 -10.8797 1.2453 43.4289 1.9078 0.2730
Cyclist -1 -1 -1.7650 852.5388 122.6054 905.0074 239.6284 1.6546 0.4151 1.6608 4.1231 0.8377 10.8448 -1.4091 0.2606
Cyclist -1 -1 -1.1234 182.4832 172.3858 209.0903 206.5402 1.6616 0.4532 1.6974 -20.4056 1.2683 35.2551 -1.6425 0.1258
Cyclist -1 -1 2.3346 497.3895 165.3254 514.5225 186.6024 1.8634 0.5606 1.5896 -8.7602 0.5356 62.7236 2.1983 0.1233
Car -1 -1 -1.6374 539.6441 167.3659 564.9507 188.9289 1.5091 1.5873 3.8507 -3.8645 0.5912 51.4960 -1.7101 0.2702
Car -1 -1 1.5864 395.5607 170.4523 419.0513 191.7457 1.5697 1.6630 4.1164 -15.1418 0.8303 54.3164 1.3178 0.1578
Car -1 -1 -0.5533 819.9283 148.7374 904.0715 182.2449 1.7195 1.6670 3.9000 13.5936 0.0910 37.4936 -0.2063 0.1460
Car -1 -1 1.9478 285.7898 163.7792 318.9344 182.3835 1.7504 1.6325 3.8697 -29.2363 0.1784 68.4730 1.5478 0.1409
Car -1 -1 0.9289 42.2798 185.4249 106.4849 206.8175 1.5204 1.6420 4.1630 -39.2086 1.8953 52.2621 0.2898 0.1254
