Car -1 -1 -1.1867 118.2081 191.8570 320.8466 304.0534 1.6034 1.6746 4.0073 -6.5564 1.7399 12.5836 -1.6587 0.9434
Car -1 -1 -1.3232 308.7383 191.7634 401.4373 251.8251 1.5428 1.6434 3.7586 -7.2398 1.7513 20.8259 -1.6542 0.9343
Car -1 -1 -1.5064 670.6027 183.7564 732.0331 238.8709 1.5640 1.6708 3.5509 2.9279 1.5238 22.2987 -1.3780 0.9049
Car -1 -1 -1.3460 358.6620 187.2299 402.1138 213.4998 1.4918 1.6058 4.1463 -13.6508 1.6202 43.2764 -1.6502 0.7149
Car -1 -1 -1.0675 11.8651 209.2776 149.8435 268.2993 1.4444 1.5998 3.8662 -15.4252 2.2243 21.2456 -1.6900 0.6775
Car -1 -1 -1.1640 89.2539 199.2755 236.4212 272.4126 1.4807 1.5793 3.8839 -10.5860 1.8612 17.3609 -1.7051 0.6152
Car -1 -1 -1.4091 297.0736 196.4120 351.1062 234.1726 1.4713 1.5837 3.7966 -12.2834 1.9904 31.2270 -1.7814 0.6062
Car -1 -1 1.6647 756.0381 181.3515 785.2956 203.6735 1.4946 1.6322 4.0509 11.4155 1.2370 50.3085 1.8862 0.5322
Car -1 -1 -1.2032 213.8036 191.8276 312.3893 241.8267 1.4891 1.6163 4.0096 -11.4121 1.7300 24.0071 -1.6430 0.3131
Car -1 -1 1.9362 314.3634 182.1462 357.6188 204.7531 1.4915 1.5472 3.7099 -18.5979 1.2901 49.2811 1.5768 0.2966
Car -1 -1 -1.3857 540.3517 181.7958 580.9491 211.6992 1.5867 1.5955 3.7651 -2.6067 1.4064 40.1043 -1.4506 0.2882
Car -1 -1 1.9014 275.5599 186.5943 330.0093 215.5220 1.5011 1.5836 3.8423 -16.6950 1.5816 39.4558 1.5031 0.2422
