Pedestrian -1 -1 1.9903 784.6201 151.5983 875.4758 320.3160 1.7958 0.6693 0.9641 2.5806 1.4789 8.2268 2.2795 0.9200
Pedestrian -1 -1 -1.2177 511.1438 167.1250 544.0037 230.1323 1.7327 0.6578 0.8940 -2.1061 1.3385 20.2650 -1.3252 0.8766
Pedestrian -1 -1 -2.9827 990.1896 129.2015 1156.4359 366.1550 1.7381 0.6003 1.0630 3.7731 1.3558 5.8398 -2.4349 0.8750
Pedestrian -1 -1 1.8953 155.4224 159.3086 249.9363 338.9150 1.8528 0.6319 0.9786 -4.4245 1.6252 7.9446 1.3950 0.8132
Pedestrian -1 -1 3.2810 54.3322 175.2242 147.3048 303.7062 1.7415 0.7810 0.9936 -7.1915 1.6577 10.3053 2.6779 0.7435
Pedestrian -1 -1 -0.0909 596.0318 167.5815 618.6104 225.9432 1.7819 0.7151 0.6338 0.1504 1.3581 22.3145 -0.0895 0.7303
Pedestrian -1 -1 2.4799 607.5864 166.7532 645.0267 231.8793 1.8345 0.7093 0.8177 0.6882 1.4202 20.7596 2.5073 0.6520
Pedestrian -1 -1 1.5083 732.3322 171.7588 764.7945 248.3981 1.7364 0.6934 0.5842 3.3587 1.5169 16.6063 1.6994 0.6051
Pedestrian -1 -1 -1.4827 114.9396 168.3153 161.8834 262.5179 1.8271 0.7062 1.1079 -9.4194 1.5726 14.5840 -2.0535 0.5782
Cyclist -1 -1 -3.0812 992.3489 132.5654 1156.4264 368.5814 1.7387 0.5952 1.0673 3.7684 1.3796 5.8384 -2.5338 0.1806
Car -1 -1 1.8505 364.3271 152.8912 497.0757 257.9289 2.1182 1.7924 4.6506 -3.8315 1.5425 16.8534 1.6248 0.9106
Car -1 -1 1.7530 449.0499 161.6565 528.3937 229.6750 2.0121 1.7509 4.7633 -3.6067 1.4262 23.6514 1.5980 0.7571
