Pedestrian -1 -1 -0.9325 263.9957 163.9234 327.0786 279.5968 1.6787 0.5998 0.6593 -4.6388 1.4250 10.8131 -1.3347 0.6431
Pedestrian -1 -1 -1.9392 396.6215 181.4681 464.5081 296.1566 1.6251 0.7505 0.7843 -2.5980 1.6260 10.7121 -2.1775 0.3192
Pedestrian -1 -1 -1.0985 0.0000 121.8030 59.9130 265.9291 1.8109 0.6429 0.7420 -7.7351 1.0622 9.4519 -1.7761 0.2408
Pedestrian -1 -1 1.5947 449.3972 171.7892 485.4549 268.5484 1.7900 0.6587 0.8533 -2.5982 1.6116 13.7612 1.4059 0.2129
Pedestrian -1 -1 -1.4437 517.4974 163.8754 540.7490 217.7676 1.8379 0.7057 0.8497 -2.5263 1.2379 24.9276 -1.5488 0.2065
Pedestrian -1 -1 -0.4894 404.8627 184.3707 457.8394 286.7545 1.6062 0.5552 0.6563 -2.8170 1.6560 11.7159 -0.7262 0.1956
Pedestrian -1 -1 2.2130 245.7057 155.8647 307.0938 268.2502 1.7395 0.5467 0.7720 -5.2575 1.3440 11.5518 1.7889 0.1861
Pedestrian -1 -1 -1.0866 698.4199 173.2821 730.7151 235.2823 1.8037 0.6895 0.7373 3.3437 1.5658 21.3963 -0.9388 0.1786
Cyclist -1 -1 -1.8133 658.1462 171.0638 682.7468 218.2512 1.6271 0.4640 1.7076 2.4279 1.2683 25.6461 -1.7250 0.2998
Cyclist -1 -1 -1.6608 428.3386 182.0230 486.4996 297.8921 1.5964 0.7111 1.4375 -2.2120 1.6060 10.6921 -1.8659 0.2674
Car -1 -1 -1.9629 778.7299 132.0609 1105.8934 359.4455 1.8297 1.6237 3.8590 3.1813 1.4333 7.7220 -1.5897 0.9111
Car -1 -1 -1.7701 657.2589 173.2467 707.3766 219.3566 1.5603 1.2934 2.4462 2.8182 1.2821 25.5840 -1.6666 0.3234
Car -1 -1 1.4111 616.4383 175.3754 669.8878 213.9753 1.4855 1.5624 3.9399 1.6384 1.2508 29.6858 1.4606 0.2077
Car -1 -1 -1.6421 414.6446 179.1815 467.7392 289.7661 1.6440 0.7226 1.3082 -2.6077 1.6108 11.4075 -1.8677 0.1405
