Pedestrian -1 -1 2.0713 76.8751 178.0082 162.2633 292.7593 1.8873 0.8085 1.0591 -8.5022 1.9809 12.4782 1.4828 0.8940
Pedestrian -1 -1 1.3712 0.0000 109.3428 34.9333 190.5025 1.8748 0.6684 0.6630 -14.2141 0.4081 17.1339 0.6863 0.2619
Pedestrian -1 -1 1.7779 343.0956 179.4711 362.5298 221.7287 1.8977 0.7325 0.5645 -11.7390 2.2022 32.8317 1.4367 0.2314
Pedestrian -1 -1 1.3810 158.8682 150.2813 201.5725 231.0919 1.7375 0.5789 1.3854 -9.7238 1.2525 16.2220 0.8480 0.1394
Pedestrian -1 -1 2.0320 22.0226 176.9457 100.2326 281.6851 1.8165 0.6071 1.3365 -10.1160 1.8962 13.2782 1.3904 0.1320
Cyclist -1 -1 -0.9452 37.2071 168.2173 102.6102 236.0255 1.7182 0.4350 1.7622 -14.3547 1.6011 19.1637 -1.5816 0.3527
Cyclist -1 -1 1.8190 152.9139 152.6972 202.4250 233.2610 1.7200 0.5728 1.6039 -9.7602 1.2900 16.2519 1.2852 0.2281
Cyclist -1 -1 -1.7742 663.2258 178.9183 679.6295 216.8650 1.5932 0.3931 1.5850 2.6207 1.8639 31.3601 -1.6922 0.1847
Cyclist -1 -1 2.1071 12.5566 176.6433 100.9219 279.6329 1.7689 0.5734 1.5378 -10.1603 1.8430 13.2439 1.4622 0.1421
Car -1 -1 1.3555 636.7966 177.4303 673.3217 201.1583 1.5137 1.6038 4.2209 2.9862 1.8395 49.0888 1.4154 0.1921
Car -1 -1 -0.2763 894.7111 166.3104 1013.6346 205.1751 1.4854 1.6025 3.9762 13.5493 1.2356 28.6828 0.1608 0.1428
Car -1 -1 1.5534 891.6050 163.1382 928.9413 195.9632 1.5198 1.6057 4.0289 14.7107 1.0703 35.5725 1.9424 0.1269
