Pedestrian -1 -1 -2.2550 1000.6551 144.7352 1100.5077 293.4475 1.7139 0.5903 0.8974 5.4066 1.2915 8.7640 -1.7209 0.8862
Pedestrian -1 -1 -0.9094 942.6602 187.4624 1078.8103 374.0000 1.6080 0.5778 0.7760 3.1345 1.6595 5.6062 -0.4253 0.4696
Pedestrian -1 -1 1.1337 221.4405 142.6609 279.3614 257.4835 1.8249 0.5182 0.9289 -5.8661 1.2089 11.9072 0.6793 0.3795
Pedestrian -1 -1 -1.6469 556.4052 170.1856 572.0168 205.1882 1.7760 0.7329 0.8622 -1.9235 1.2028 36.9201 -1.7036 0.3667
Pedestrian -1 -1 -2.9393 633.0027 173.2748 647.8442 199.7045 1.8376 0.5473 0.9498 2.7465 1.2663 50.3236 -2.8901 0.3093
Pedestrian -1 -1 -1.5201 456.1176 170.5781 479.8725 228.0849 1.7958 0.7145 0.5973 -4.2520 1.4559 22.7745 -1.7079 0.3082
Pedestrian -1 -1 -1.2447 515.1144 176.1744 543.5972 232.5618 1.8223 0.6898 0.8956 -2.3988 1.6512 23.7241 -1.3498 0.2785
Pedestrian -1 -1 -1.2746 727.6614 141.4865 746.0748 182.2009 1.8590 0.7011 0.5779 6.2523 0.0329 33.2135 -1.0947 0.2619
Pedestrian -1 -1 -0.3693 507.2140 179.1322 538.9132 235.1098 1.7300 0.6696 0.8056 -2.5040 1.6580 22.6817 -0.4834 0.2472
Pedestrian -1 -1 -1.6394 536.1321 177.2509 559.8511 235.7769 1.7725 0.6167 1.7199 -1.7253 1.6450 22.6493 -1.7199 0.1209
Cyclist -1 -1 -1.6739 534.1419 178.3920 561.8517 234.5795 1.7034 0.6781 1.8106 -1.7335 1.6103 22.7262 -1.7546 0.3334
Cyclist -1 -1 -2.9253 631.8947 173.2283 647.2663 199.8024 1.8476 0.5387 0.9848 2.6876 1.2731 50.3281 -2.8773 0.1182
Car -1 -1 -1.7359 693.2479 162.9120 778.1738 240.4237 1.9134 1.6100 3.9025 3.5335 1.4557 19.6850 -1.5659 0.8875
Car -1 -1 -2.1309 616.9034 160.9818 671.4174 185.1606 1.5736 1.6331 4.3495 2.8718 0.2389 49.0456 -2.0775 0.2301
Car -1 -1 -2.4607 1033.9940 0.0000 1238.0000 374.0000 1.5832 1.6039 3.8185 3.4942 1.3599 2.6144 -1.5848 0.2271
