Pedestrian -1 -1 -1.1961 1092.0745 167.3759 1125.6726 228.0847 1.8197 0.6788 0.5907 15.2132 1.6558 22.0715 -0.5993 0.2934
Pedestrian -1 -1 1.1631 960.7202 143.9063 1009.9733 218.1910 1.8185 0.6978 1.1525 9.4299 1.1102 18.2572 1.6330 0.1787
Pedestrian -1 -1 2.2017 976.8996 157.3442 1051.1453 280.3033 1.7784 0.6391 0.7906 6.0412 1.5545 10.8920 2.6959 0.1775
Pedestrian -1 -1 0.7942 1031.1064 152.7476 1114.5297 290.6702 1.7664 0.6828 0.6428 6.1098 1.5093 9.6280 1.3452 0.1600
Pedestrian -1 -1 1.0598 904.1194 171.7377 948.9264 261.6065 1.7369 0.5833 0.6139 6.2057 1.7157 14.2794 1.4614 0.1593
Pedestrian -1 -1 -1.5909 511.1411 134.1525 527.3793 184.0433 1.8455 0.5838 1.2735 -3.4908 0.4143 27.3599 -1.7168 0.1557
Pedestrian -1 -1 0.6825 841.7387 153.6853 898.8962 222.0790 1.6312 0.5137 1.2955 6.3907 1.1744 17.8922 1.0199 0.1368
Pedestrian -1 -1 -2.7072 546.7307 143.0001 572.3463 184.8307 1.8711 0.5893 1.0046 -2.3270 0.5361 32.7253 -2.7779 0.1351
Cyclist -1 -1 -1.5701 512.8166 135.0632 527.3418 184.1066 1.8038 0.5308 1.6437 -3.4562 0.4142 27.3837 -1.6946 0.2182
Cyclist -1 -1 1.0084 843.8940 153.7918 893.2717 222.6528 1.6421 0.5003 1.3555 6.3535 1.1879 17.9198 1.3435 0.1767
Cyclist -1 -1 -2.6255 533.4339 143.7160 571.7001 184.6626 1.8295 0.5216 1.6992 -2.6565 0.5280 32.8310 -2.7058 0.1538
Cyclist -1 -1 1.1286 960.8925 143.2335 1009.4797 217.3528 1.8201 0.6878 1.0810 9.4318 1.0931 18.2653 1.5984 0.1040
Car -1 -1 -1.8389 705.4650 181.9634 869.8113 291.3708 1.5270 1.6303 4.1616 2.8049 1.7125 12.5428 -1.6251 0.9180
Car -1 -1 1.4427 642.3691 153.6568 678.9888 183.2803 1.5670 1.5662 3.6140 2.7309 0.5519 40.0165 1.5102 0.1916
