Pedestrian -1 -1 0.8230 1098.6719 172.6538 1128.5924 217.0616 1.8728 0.6183 0.8764 21.5240 1.8647 30.9043 1.4264 0.5243
Pedestrian -1 -1 -3.5354 1071.9011 176.3986 1103.2805 222.7348 1.7701 0.5362 0.8737 18.4564 1.9095 27.9568 -2.9573 0.2133
Pedestrian -1 -1 2.1698 1165.3888 168.0005 1202.2219 219.3297 1.7782 0.6222 0.8953 20.1733 1.6104 25.4252 2.8345 0.2126
Pedestrian -1 -1 1.2802 1048.2456 172.8992 1080.5997 229.3836 1.8458 0.6680 0.9394 15.1333 1.8477 24.1170 1.8346 0.1651
Pedestrian -1 -1 -3.4493 1215.6077 147.0591 1242.0000 202.1996 1.8045 0.5622 0.6765 20.6319 0.9607 23.9999 -2.7453 0.1580
Pedestrian -1 -1 1.6208 1193.4097 188.1601 1214.9209 234.5425 1.6915 0.5644 1.6893 22.7489 2.2962 27.6671 2.3031 0.1171
Cyclist -1 -1 1.9164 1184.6204 189.2152 1222.4337 234.9599 1.6755 0.5666 1.7559 22.6849 2.3180 27.6203 2.5981 0.3513
Car -1 -1 -1.7428 982.6093 191.6067 1242.0000 375.0000 1.4464 1.5879 3.9380 4.6761 1.6858 7.0710 -1.1786 0.9100
Car -1 -1 -1.6479 921.7230 189.8667 977.7545 234.8077 1.5147 1.6343 4.0967 13.1462 2.2317 28.1895 -1.2162 0.8325
Car -1 -1 -1.8502 1099.1558 191.2813 1163.5955 224.7182 1.4729 1.6080 3.7843 25.9544 2.4476 36.0950 -1.2313 0.2226
