Pedestrian -1 -1 -2.2919 166.2379 189.3652 195.5478 232.2378 1.7099 0.6565 0.8171 -17.6148 2.3967 29.5524 -2.8257 0.1644
Pedestrian -1 -1 0.1475 440.5057 177.5838 454.7155 204.1472 1.6784 0.4900 0.8202 -10.3734 1.9818 45.9596 -0.0737 0.1356
Pedestrian -1 -1 0.5396 35.1207 187.9341 82.8351 246.0028 1.7506 0.6711 0.9666 -17.0931 2.2259 22.3361 -0.1080 0.1241
Pedestrian -1 -1 0.6688 318.7929 176.7516 344.9426 224.2123 1.7200 0.5062 0.7451 -10.2792 1.8658 26.5569 0.3025 0.1198
Pedestrian -1 -1 2.3590 882.4277 192.4047 965.7253 312.8311 1.7832 0.7068 0.9985 4.8872 2.1056 11.3647 2.7543 0.1158
Pedestrian -1 -1 -2.4689 808.9399 197.8559 828.5893 233.2358 1.7617 0.6760 0.7024 10.6933 3.0640 37.0886 -2.1913 0.1039
Cyclist -1 -1 -2.2926 144.3111 187.5365 194.8891 228.7435 1.6247 0.7345 1.8427 -18.0579 2.2386 29.5185 -2.8379 0.1470
Car -1 -1 1.8258 382.2239 181.4795 448.3459 221.6717 1.4988 1.6484 4.1089 -8.0025 1.8806 29.8466 1.5655 0.8489
Car -1 -1 -1.3854 479.6449 180.8749 510.6346 202.4171 1.4605 1.5424 3.8047 -8.3090 2.0634 52.2718 -1.5426 0.3095
Car -1 -1 1.6667 75.1841 188.6952 110.2527 212.9599 1.5094 1.5926 3.8438 -35.5657 2.6448 49.6353 1.0473 0.1489
Car -1 -1 -2.0984 116.8051 192.7686 206.6972 232.1836 1.4841 1.5821 3.6661 -18.8784 2.3640 30.3025 -2.6519 0.1150
