Pedestrian -1 -1 1.3329 771.4134 174.5950 797.0274 227.5369 1.7239 0.6539 0.7896 5.7229 1.7829 23.9149 1.5643 0.8252
Pedestrian -1 -1 2.2585 1076.1171 151.3629 1136.4305 245.9305 1.6822 0.6614 0.6331 9.0478 1.3003 13.2409 2.8473 0.5527
Pedestrian -1 -1 -0.0514 854.8115 155.7218 884.1987 208.2891 1.7645 0.5954 0.9110 8.8064 1.1898 24.6311 0.2878 0.2396
Pedestrian -1 -1 -2.2924 715.4584 168.7390 730.7744 200.4509 1.8443 0.5734 0.6939 6.6131 1.6053 42.4063 -2.1392 0.1962
Pedestrian -1 -1 1.5542 726.4454 167.6749 733.5076 192.7921 1.8242 0.4943 0.8444 8.7595 1.4484 52.8557 1.7172 0.1596
Pedestrian -1 -1 1.2417 828.3985 129.9106 855.2280 184.2362 1.8115 0.6341 0.8134 7.8104 0.3799 24.4708 1.5472 0.1515
Pedestrian -1 -1 1.6843 1209.0035 183.1937 1242.0000 234.9266 1.6492 0.8013 1.8455 20.7878 2.0110 24.2937 2.3855 0.1024
Cyclist -1 -1 1.3203 1204.6877 182.5429 1242.0000 236.3041 1.7071 0.7706 1.9470 20.7941 2.0483 24.3296 2.0210 0.2910
Cyclist -1 -1 1.5014 677.1911 173.2610 686.9578 198.2281 1.7349 0.5564 1.8610 5.0700 1.7646 51.1036 1.5993 0.1955
Cyclist -1 -1 0.0647 845.1069 141.3384 876.7128 194.5063 1.7787 0.6232 0.9833 8.5172 0.7247 24.6127 0.3940 0.1203
Car -1 -1 2.1199 74.5746 184.3113 212.2463 241.2238 1.5332 1.6679 4.0799 -14.2818 1.9205 22.3140 1.5558 0.9304
Car -1 -1 0.8887 208.1363 166.1491 264.2899 188.8544 1.7048 1.6477 4.0866 -28.9082 1.2017 55.7455 0.4121 0.2738
Car -1 -1 1.0333 1042.9852 174.1127 1093.4009 193.3514 1.5371 1.6082 4.1950 38.0296 1.6458 60.0372 1.5954 0.1664
