Pedestrian -1 -1 1.1530 1169.4417 101.3491 1242.0000 255.0024 1.8233 0.6993 0.8375 7.5811 0.9752 9.0546 1.8342 0.4403
Pedestrian -1 -1 -2.2832 949.8686 123.1112 1010.2166 216.8595 1.7637 0.6093 0.8922 7.1559 0.8282 14.0794 -1.8215 0.3875
Pedestrian -1 -1 0.2304 1113.2878 61.0690 1242.0000 375.0000 1.6524 0.4255 0.7512 3.0330 1.1456 3.6959 0.8797 0.3752
Pedestrian -1 -1 -1.4628 682.9136 175.7272 712.9537 245.5035 1.8009 0.6280 1.8242 2.3653 1.8834 19.6581 -1.3458 0.1066
Cyclist -1 -1 -1.6106 686.5170 175.3363 712.2215 246.3396 1.8307 0.6076 1.8717 2.3660 1.9018 19.6239 -1.4934 0.8922
Cyclist -1 -1 -2.2988 942.9065 123.8953 1010.2855 217.6750 1.7570 0.5995 1.0861 7.1031 0.8401 14.1192 -1.8411 0.1331
Cyclist -1 -1 -0.1222 1121.5198 66.8749 1242.0000 375.0000 1.6259 0.4150 0.7443 3.0336 1.1385 3.6847 0.5285 0.1131
Car -1 -1 1.9361 313.9718 186.1273 478.3448 282.1375 1.5735 1.7365 4.2779 -4.1583 1.8840 14.6439 1.6633 0.9224
Car -1 -1 2.1488 0.0000 169.8133 313.3007 375.0000 1.9196 1.7107 4.3581 -4.7726 1.8989 7.1789 1.5785 0.9073
Car -1 -1 1.7939 532.6643 185.3121 589.7849 225.0023 1.5163 1.6174 3.9009 -2.0590 2.0858 30.9042 1.7273 0.8900
Car -1 -1 1.8159 634.7609 183.1138 668.6655 205.2555 1.5345 1.6357 3.9352 3.1388 2.3342 54.0906 1.8730 0.5476
Car -1 -1 -1.5782 677.7534 184.8223 695.7856 202.2857 1.5042 1.6180 4.0715 7.1037 2.6530 67.1341 -1.4738 0.2886
Car -1 -1 -1.4516 549.2182 179.5276 577.7666 202.6284 1.5431 1.5885 3.7656 -3.2945 2.0351 51.2295 -1.5160 0.2784
Car -1 -1 1.6916 753.8087 178.9948 777.4866 196.7662 1.5024 1.6112 3.9858 13.9480 2.0711 64.6275 1.9028 0.2496
