Pedestrian -1 -1 -1.1249 719.9400 171.9652 747.3290 215.8166 1.6471 0.4984 1.3795 4.7302 1.6141 27.8062 -0.9587 0.2256
Pedestrian -1 -1 -1.9065 303.9366 211.5225 341.8958 296.6402 1.6357 0.5627 0.5590 -5.8688 2.4408 14.6177 -2.2829 0.1924
Pedestrian -1 -1 -0.1227 510.9049 153.4961 539.2642 182.6634 1.7748 0.6174 1.6701 -5.2605 0.5973 44.4014 -0.2401 0.1075
Cyclist -1 -1 -1.7755 723.4150 173.0484 744.9498 217.8701 1.6726 0.4850 1.6451 4.7235 1.6807 27.7619 -1.6093 0.6722
Cyclist -1 -1 3.0170 511.7466 153.3447 538.8799 182.6201 1.7822 0.6086 1.5952 -5.2472 0.5949 44.4079 2.8999 0.3063
Car -1 -1 -1.8248 736.0506 181.4491 943.7550 327.2658 1.5143 1.6091 3.7742 2.7364 1.6518 9.6123 -1.5567 0.9240
Car -1 -1 1.6728 510.5389 174.6935 571.4323 220.5382 1.5547 1.8040 4.5170 -2.5230 1.6294 26.9142 1.5796 0.8823
Car -1 -1 1.3912 660.8700 176.2369 737.8889 229.0322 1.4831 1.6522 4.1334 2.6533 1.5996 22.6534 1.5055 0.8646
Car -1 -1 1.5593 558.4404 173.5439 585.6414 201.5447 1.5621 1.5207 3.3961 -2.2702 1.6043 42.0794 1.5052 0.6640
Car -1 -1 -1.6600 645.7894 174.9230 677.5833 202.4170 1.5313 1.5413 3.4604 2.9506 1.6576 42.1910 -1.5912 0.4187
