Pedestrian -1 -1 -0.1183 932.2620 169.4777 1010.7188 232.0850 1.6344 0.7986 1.8089 9.6907 1.5466 19.5088 0.3362 0.1006
Cyclist -1 -1 -0.0846 929.4721 169.1844 1007.8745 231.7760 1.6322 0.8174 1.8300 9.6196 1.5369 19.5227 0.3667 0.3498
Car -1 -1 -1.8329 769.4399 189.1891 925.4322 292.0453 1.4918 1.6174 4.0409 4.0571 1.8363 13.1551 -1.5412 0.8934
Car -1 -1 -2.0525 852.8062 150.7122 1242.0000 375.0000 1.6771 1.7760 4.7003 3.9326 1.5368 6.9449 -1.5562 0.8848
Car -1 -1 -1.8351 731.7838 183.2150 827.9772 251.0590 1.5547 1.5510 3.4867 4.2769 1.8513 18.8510 -1.6163 0.8709
Car -1 -1 1.7884 481.2008 186.5901 545.6695 231.2471 1.5951 1.7212 4.1984 -3.8692 2.1939 29.2675 1.6574 0.8642
Car -1 -1 -1.7034 713.9540 185.5220 778.4036 236.7658 1.5012 1.5933 3.7423 4.3966 1.9561 23.9829 -1.5251 0.8399
Car -1 -1 1.7045 571.8733 183.9254 600.4727 205.6702 1.5686 1.6981 4.1542 -1.8483 2.4672 56.3890 1.6714 0.6838
Car -1 -1 1.7079 518.9645 187.2099 562.8812 221.8993 1.5083 1.5982 3.9527 -3.3343 2.2459 35.0406 1.6130 0.6797
Car -1 -1 -1.6895 701.7875 183.9503 751.9505 224.3913 1.4895 1.5748 3.6849 4.6667 1.9719 29.4689 -1.5347 0.5737
Car -1 -1 1.0728 904.4646 178.9852 963.2655 204.9730 1.4974 1.5735 4.0172 19.9147 1.8945 44.6136 1.4897 0.4410
