Pedestrian -1 -1 -2.2739 0.0000 154.0925 64.3783 309.7523 1.7296 0.4680 0.8882 -6.9449 1.5215 8.3274 -2.9535 0.6605
Pedestrian -1 -1 1.4963 15.7279 129.2766 70.6366 241.6469 1.8328 0.6858 0.7554 -9.7002 1.1224 12.2762 0.8380 0.3517
Pedestrian -1 -1 1.7055 888.4146 158.4976 906.2110 199.3024 1.8624 0.6844 0.6667 13.2579 1.2075 33.3876 2.0801 0.2693
Cyclist -1 -1 0.9347 0.0000 157.6882 64.7747 312.6096 1.7122 0.4662 0.9079 -6.9195 1.5449 8.3121 0.2561 0.1126
Car -1 -1 1.2082 779.7069 191.8570 1081.4321 375.0000 1.5247 1.5716 3.6781 2.9923 1.7770 7.7192 1.5637 0.9122
Car -1 -1 -2.6889 235.9008 178.1256 406.4790 246.6615 1.5392 1.5811 3.4472 -6.8843 1.6725 17.2664 -3.0635 0.8610
Car -1 -1 -1.5447 648.1379 179.9280 682.0944 211.5106 1.4337 1.5791 3.8810 2.7299 1.8034 35.6628 -1.4695 0.6657
Car -1 -1 -2.3842 985.5563 0.0000 1242.0000 375.0000 1.8157 1.6215 3.9200 2.7574 1.3725 2.0471 -1.5184 0.5833
Car -1 -1 -2.7351 332.5571 177.3288 475.9498 228.8728 1.5033 1.6240 3.9403 -6.3487 1.6486 22.2900 -3.0100 0.5421
Car -1 -1 0.3762 296.1307 176.3309 458.8535 235.2903 1.5411 1.6257 3.9555 -6.3902 1.6420 19.9158 0.0691 0.5147
Car -1 -1 0.2379 394.6033 181.1282 505.8961 222.1012 1.5115 1.6116 3.9183 -6.1411 1.8405 27.8068 0.0220 0.4845
Car -1 -1 0.0718 455.1673 180.6557 536.4208 212.6117 1.5822 1.6333 4.0293 -5.8679 1.9953 37.1849 -0.0841 0.4272
Car -1 -1 -1.8966 1035.2493 171.7595 1242.0000 325.2277 1.4841 1.6091 4.0751 6.8057 1.4738 9.1585 -1.2734 0.2727
