Pedestrian -1 -1 -1.4600 423.5424 166.0551 466.5210 258.1001 1.7175 0.7130 1.0019 -3.0586 1.4306 13.9373 -1.6776 0.8398
Pedestrian -1 -1 -1.6605 668.0666 168.8765 702.1945 251.4666 1.5879 0.5892 0.8402 1.6095 1.3465 14.2329 -1.5553 0.7948
Pedestrian -1 -1 -1.6290 527.2917 170.8850 544.2882 213.9071 1.7616 0.6487 0.8859 -2.7534 1.3280 29.8989 -1.7252 0.7105
Pedestrian -1 -1 0.0847 736.0415 162.7802 761.5452 209.4598 1.8374 0.6872 0.9497 5.8805 1.1015 28.7333 0.2797 0.6517
Pedestrian -1 -1 -1.6022 707.4973 165.3303 742.6609 251.4471 1.6576 0.6499 0.9475 2.4165 1.3476 14.3354 -1.4435 0.6196
Pedestrian -1 -1 -1.8804 724.9627 166.8761 749.1080 215.5228 1.7579 0.6938 0.6723 4.9452 1.2305 26.3335 -1.7017 0.4657
Pedestrian -1 -1 -2.3429 1020.9189 148.8347 1238.0000 374.0000 1.7463 0.7145 0.6625 2.0289 1.6468 2.6023 -1.7342 0.4643
Pedestrian -1 -1 0.9012 244.3433 169.3486 278.4648 235.7907 1.6933 0.4758 0.6904 -8.8703 1.3848 18.6706 0.4578 0.4347
Pedestrian -1 -1 -1.4616 750.7205 161.7112 769.3009 208.8256 1.7398 0.6245 0.5787 5.9197 1.0101 26.8963 -1.2520 0.4051
Pedestrian -1 -1 0.6401 461.8173 179.5254 479.2761 209.9751 1.8536 0.6879 0.8067 -8.0503 1.7342 44.2124 0.4559 0.3724
Pedestrian -1 -1 1.4734 409.2346 132.5527 439.4341 202.0468 1.8658 0.7085 1.0557 -4.9455 0.5528 19.8998 1.2281 0.3616
Pedestrian -1 -1 1.3512 608.7924 171.8879 630.6177 212.6531 1.7286 0.5815 1.7128 0.7716 1.3220 31.3553 1.3704 0.1317
Cyclist -1 -1 1.2361 562.7770 170.1973 589.0887 213.4392 1.8363 0.5574 1.8708 -1.1455 1.3573 31.4750 1.1949 0.8062
Cyclist -1 -1 1.8543 579.2410 166.6497 610.6001 221.7530 1.7756 0.5833 1.7958 -0.2260 1.2981 24.0870 1.8398 0.7805
Cyclist -1 -1 1.3143 607.5236 172.1413 631.0206 213.3267 1.7443 0.5868 1.7561 0.7514 1.3489 31.3436 1.3329 0.5748
Cyclist -1 -1 -1.5603 838.4496 164.6491 929.8794 374.0000 1.6750 0.6430 1.9197 2.4122 1.5516 6.3280 -1.2157 0.4285
Cyclist -1 -1 -1.5853 706.8716 163.8838 741.4338 251.8869 1.6936 0.6534 1.0478 2.4058 1.3558 14.3867 -1.4279 0.1350
Cyclist -1 -1 1.4734 409.2346 132.5527 439.4341 202.0468 1.8658 0.7085 1.0557 -4.9455 0.5528 19.8998 1.2281 0.1234
Cyclist -1 -1 -1.6846 665.8978 167.9624 701.0583 251.9203 1.6128 0.5865 0.8794 1.5768 1.3540 14.2388 -1.5818 0.1192
