Pedestrian -1 -1 -1.8319 131.1682 197.8370 158.0865 248.6103 1.7231 0.6490 0.6622 -16.4294 2.6191 25.4019 -2.4015 0.3848
Pedestrian -1 -1 -0.8528 515.9583 158.9562 538.4746 198.9444 1.7760 0.5949 0.8542 -3.7735 1.1591 32.5635 -0.9676 0.2707
Car -1 -1 -1.8167 630.3248 179.9399 737.8751 253.1923 1.4420 1.5782 3.5608 1.5176 1.6224 16.4468 -1.7273 0.9162
Car -1 -1 2.2943 704.8493 171.5728 803.8669 211.7929 1.4465 1.5942 3.8445 5.5457 1.4008 27.7473 2.4890 0.8259
Car -1 -1 2.4862 555.5565 174.8105 648.2708 214.0252 1.6142 1.6427 3.8814 -0.3604 1.7056 31.7282 2.4743 0.8020
Car -1 -1 -0.9748 779.6459 169.9465 870.2404 206.2692 1.4516 1.6236 4.2245 9.1801 1.3357 30.8007 -0.6882 0.7982
Car -1 -1 -1.0081 853.2952 169.6248 921.9705 202.2073 1.4460 1.4935 3.2403 12.9040 1.3030 33.5890 -0.6446 0.7400
Car -1 -1 -1.0891 898.2839 161.9111 976.1127 198.9659 1.7607 1.7538 4.3717 16.4711 1.2411 36.3235 -0.6667 0.6190
Car -1 -1 1.9533 673.8088 170.5393 732.5341 202.5314 1.5141 1.5931 3.8896 4.6945 1.4049 36.2324 2.0806 0.3212
Car -1 -1 0.4440 0.0000 0.0000 1242.0000 375.0000 1.4964 1.6098 3.8326 3.1001 1.4598 1.4563 1.5002 0.2513
