Pedestrian -1 -1 1.4362 80.8893 158.1047 103.2159 211.5573 1.8087 0.5242 0.8109 -17.9137 1.3100 24.8876 0.8173 0.3661
Car -1 -1 -1.7329 673.2774 181.5259 764.9471 246.9367 1.4478 1.6219 4.3361 2.6488 1.6996 18.7351 -1.5955 0.9128
Car -1 -1 -0.1564 752.2509 178.8287 868.5270 228.3281 1.5341 1.5593 3.4463 6.4181 1.7374 23.5483 0.1058 0.8471
Car -1 -1 0.5009 13.1650 175.6604 371.3666 291.0608 1.5755 1.6847 4.3553 -6.0608 1.6209 10.7376 -0.0028 0.8065
Car -1 -1 0.4724 190.4390 177.9137 407.1250 252.0637 1.4735 1.6006 3.9587 -6.5992 1.5885 15.4075 0.0735 0.6603
Car -1 -1 3.4971 213.7475 167.8666 391.3195 228.6310 1.4092 1.5413 3.6723 -7.4352 1.2939 17.5738 3.1019 0.6553
Car -1 -1 3.4148 323.2826 178.4884 481.7796 237.2780 1.5600 1.6385 3.9520 -5.7443 1.7239 20.1238 3.1397 0.6034
Car -1 -1 3.6059 89.1973 177.8209 337.4247 263.5911 1.4400 1.5434 3.6238 -7.0727 1.5357 13.0230 3.1166 0.5702
Car -1 -1 -0.2006 667.0688 176.6745 730.7746 200.6362 1.5336 1.6333 3.9090 5.7891 1.7904 47.4575 -0.0804 0.4103
Car -1 -1 3.9189 0.0000 184.0874 119.2789 375.0000 1.4862 1.6193 3.9143 -6.0180 1.5796 5.0309 3.0707 0.4083
Car -1 -1 -2.3286 943.2741 0.0000 1242.0000 375.0000 2.1451 1.6586 4.0713 2.7744 1.6113 2.4256 -1.5353 0.3661
Car -1 -1 -2.7990 430.3371 176.3903 524.1066 211.4046 1.5221 1.6280 3.8576 -6.0259 1.6882 32.7005 -2.9802 0.3336
Car -1 -1 1.6430 509.2442 166.2829 540.6922 193.2055 1.5496 1.5952 4.1196 -5.1285 1.1717 43.6203 1.5263 0.3120
Car -1 -1 -2.9457 452.7020 176.8393 536.5032 207.2024 1.5283 1.6237 4.0555 -5.9820 1.7403 37.4361 -3.1036 0.3071
Car -1 -1 -1.6880 628.5529 176.3774 652.5105 194.5928 1.4959 1.5965 3.9909 2.5737 1.8095 62.0959 -1.6472 0.3008
