Pedestrian -1 -1 1.9390 628.6484 172.9431 646.5855 209.2706 1.8602 0.6207 0.9852 1.4034 1.8652 37.5216 1.9756 0.2106
Pedestrian -1 -1 -2.7929 636.3888 175.7419 667.4730 212.8809 1.8153 0.6317 1.4146 2.0500 1.9617 35.9218 -2.7370 0.1829
Cyclist -1 -1 -2.6353 631.5247 175.6080 667.4767 212.5532 1.8001 0.6265 1.6984 1.9272 1.9406 35.9764 -2.5829 0.4994
Cyclist -1 -1 1.4519 173.2390 195.0643 186.0386 221.6809 1.7408 0.5524 1.7489 -29.5533 3.2911 49.4885 0.9156 0.2140
Car -1 -1 -1.4660 502.8811 184.1748 552.3568 225.2750 1.5228 1.6317 3.8169 -3.3675 2.0193 29.7010 -1.5786 0.8553
Car -1 -1 1.8569 357.6521 190.6205 419.8340 228.2438 1.5779 1.6951 4.2549 -10.4988 2.4781 34.4080 1.5623 0.6717
Car -1 -1 -1.4562 580.6812 183.9052 612.5148 209.7410 1.5397 1.6237 3.9839 -0.8589 2.2887 46.8201 -1.4750 0.6439
Car -1 -1 1.7489 410.7336 189.0987 441.9951 212.3428 1.5907 1.6021 3.9474 -13.7858 2.8577 54.2315 1.5006 0.3860
Car -1 -1 1.3935 689.5023 184.1796 720.9989 205.8869 1.5213 1.6581 4.1438 7.1739 2.4162 54.8757 1.5222 0.2865
Car -1 -1 1.7974 475.8464 185.8332 509.0926 208.0741 1.5033 1.5788 3.9023 -8.6332 2.4948 53.0976 1.6365 0.2340
Car -1 -1 -1.1118 570.6400 167.1911 657.6694 211.9668 1.4915 1.6113 3.8479 0.1883 1.3032 26.1132 -1.1052 0.2245
