Pedestrian -1 -1 1.7766 169.6903 185.4349 228.7558 305.6061 1.7376 0.6463 0.6997 -6.2715 1.9364 10.9508 1.2664 0.5063
Pedestrian -1 -1 -1.2817 445.0346 187.2046 470.8347 239.3414 1.7701 0.7172 0.6652 -5.3198 2.2760 25.0537 -1.4895 0.2029
Pedestrian -1 -1 -1.1250 91.2653 197.1357 171.1527 338.0659 1.6156 0.5180 0.7979 -5.9022 1.9282 8.8456 -1.7001 0.1740
Pedestrian -1 -1 0.9997 487.4160 180.6463 506.7452 222.0185 1.8232 0.6471 0.5786 -5.1090 2.1780 32.3870 0.8439 0.1698
Car -1 -1 -1.7321 677.6887 162.2793 756.3997 230.6738 2.0170 1.7712 4.7346 3.3377 1.7055 23.6638 -1.5945 0.9299
Car -1 -1 -1.9070 735.7179 169.4609 999.5913 335.9634 1.6200 1.6853 4.1994 2.8389 1.5873 9.1535 -1.6165 0.9169
Car -1 -1 1.7158 493.1860 176.4244 568.3226 227.6906 1.4997 1.8005 4.6130 -2.5382 1.6293 23.7707 1.6100 0.9096
Car -1 -1 -1.6826 662.9756 176.1136 710.6116 215.8206 1.5850 1.6024 3.8075 3.1988 1.7341 31.0249 -1.5814 0.7604
Car -1 -1 0.9345 872.7488 203.9990 1242.0000 375.0000 1.4690 1.5973 4.1281 2.7739 1.7092 3.4852 1.5652 0.7314
Car -1 -1 -1.6686 653.4708 176.5877 692.5425 209.1463 1.5599 1.5949 4.0582 3.1458 1.7626 37.0742 -1.5851 0.4673
