Pedestrian -1 -1 -1.8948 1215.2623 175.8143 1242.0000 233.2887 1.7770 0.6861 0.9594 19.8184 1.8738 22.9376 -1.1891 0.2218
Pedestrian -1 -1 -2.2980 265.3616 163.2950 280.4321 188.8930 1.9717 0.5576 0.9689 -26.1993 1.2357 56.0209 -2.7338 0.1122
Cyclist -1 -1 -1.8551 1212.5206 177.5636 1242.0000 234.1266 1.7378 0.6912 1.3404 19.8698 1.8935 23.0432 -1.1504 0.1143
Cyclist -1 -1 2.0677 943.3262 181.1096 968.4075 210.9809 1.7253 0.6059 1.7095 20.5045 2.2243 42.8340 2.5109 0.1093
Car -1 -1 2.0091 243.2706 191.8152 309.2776 222.6705 1.4647 1.6415 4.0708 -17.8911 2.5385 38.8014 1.5793 0.8284
Car -1 -1 -1.3788 592.9760 177.5553 624.9539 199.3013 1.5050 1.6246 3.9535 -0.0638 1.8639 52.9329 -1.3805 0.4185
Car -1 -1 0.6203 1070.4531 148.3411 1242.0000 224.3921 1.6450 1.6185 3.7393 13.5204 1.1151 17.6301 1.2663 0.1314
Car -1 -1 1.1743 808.9786 173.8695 856.1407 198.2682 1.7203 1.7121 4.5075 16.3728 1.7991 53.3946 1.4699 0.1103
Car -1 -1 -2.2725 136.0787 167.9246 213.7724 195.9060 1.5412 1.6373 3.9485 -24.8418 1.2700 41.1502 -2.8129 0.1075
Car -1 -1 2.1820 248.5576 179.8941 306.3524 203.4181 1.5217 1.6001 4.0601 -23.0438 2.0317 50.0938 1.7526 0.1015
