Pedestrian -1 -1 -1.5838 407.2841 200.1541 433.8885 265.6636 1.7440 0.6995 0.5725 -5.2702 2.5107 19.8827 -1.8405 0.1806
Pedestrian -1 -1 -1.4723 747.3494 176.2285 775.8138 260.4350 1.6946 0.4574 1.5246 3.1937 1.7706 15.3774 -1.2724 0.1502
Cyclist -1 -1 -1.6688 758.3462 162.4285 811.1337 281.1956 1.8165 0.6495 1.8555 2.8177 1.6574 11.9943 -1.4447 0.9033
Cyclist -1 -1 -1.7178 745.5870 176.8442 780.0914 262.3588 1.7040 0.4464 1.7767 3.1818 1.7943 15.3580 -1.5184 0.8198
Car -1 -1 1.8709 389.9933 188.5133 528.3306 279.4499 1.4591 1.5803 3.8291 -2.8552 1.8118 14.2455 1.6757 0.9017
Car -1 -1 1.8232 608.9720 180.5389 659.3442 212.0082 1.5069 1.6924 4.0011 1.2862 1.9324 37.7592 1.8563 0.8086
Car -1 -1 -2.8830 434.3760 179.3298 523.6558 213.6363 1.5336 1.6087 3.8021 -6.0929 1.8438 33.5656 -3.0617 0.5487
Car -1 -1 1.6040 641.9519 178.6424 670.6191 207.4713 1.5709 1.5485 3.8571 2.7039 1.9251 42.1090 1.6671 0.3232
Car -1 -1 1.6464 664.0610 178.9854 690.6644 201.8408 1.5015 1.5727 3.8783 4.7224 1.9487 50.5393 1.7386 0.3023
Car -1 -1 -1.5152 766.6909 176.9723 793.5452 200.5066 1.5034 1.5716 3.7367 11.5077 1.7939 48.8094 -1.2855 0.2521
