Pedestrian -1 -1 -0.9647 286.3133 167.0325 367.8809 304.6472 1.8037 0.5858 1.0141 -3.8318 1.6154 9.9749 -1.3287 0.9086
Pedestrian -1 -1 -2.0656 801.9008 158.2954 844.0931 233.9898 1.6948 0.6945 0.6525 5.0381 1.1764 16.4713 -1.7784 0.7442
Pedestrian -1 -1 -1.3228 279.2353 161.2955 336.1283 268.4958 1.8547 0.7251 1.0193 -5.3282 1.5064 12.9805 -1.7108 0.5718
Pedestrian -1 -1 -0.4692 720.7660 151.7274 773.0667 261.0554 1.7379 0.6619 0.6046 2.3430 1.2659 11.8184 -0.2831 0.4826
Pedestrian -1 -1 -1.4399 234.5905 168.4464 293.8451 287.5365 1.7732 0.7214 0.9655 -5.3080 1.5801 11.2621 -1.8771 0.4254
Pedestrian -1 -1 -1.5838 484.8427 167.0472 500.4376 208.1741 1.8553 0.6923 0.5792 -4.9744 1.2042 32.7457 -1.7384 0.2620
Pedestrian -1 -1 -1.5704 553.3007 169.5461 564.0618 197.6396 1.8189 0.6959 0.6995 -2.7834 1.0456 46.8757 -1.6343 0.2122
Pedestrian -1 -1 -0.8041 685.1994 173.3759 765.4453 251.5000 1.6317 0.7703 1.7227 2.7047 1.4633 15.8256 -0.6430 0.1242
Cyclist -1 -1 -1.2493 695.3820 176.2377 753.2159 254.6758 1.6285 0.7516 1.7770 2.7033 1.5205 15.8726 -1.0888 0.3286
Car -1 -1 -1.6754 648.0831 165.2446 699.1438 211.8064 1.7969 1.6697 3.8209 2.8945 1.1706 29.6407 -1.5840 0.7832
Car -1 -1 2.5242 0.0000 0.0000 1238.0000 374.0000 1.6772 1.6761 4.0361 -2.6209 1.2897 1.6375 1.5747 0.4058
