Pedestrian -1 -1 0.7815 0.0000 121.6493 52.4879 253.4833 1.7865 0.6298 0.5695 -8.4075 1.0930 10.1168 0.1010 0.3794
Pedestrian -1 -1 -1.2850 1104.4972 104.4487 1152.0410 181.8636 1.8039 0.5287 1.5685 12.5358 0.2103 17.5053 -0.6710 0.1313
Cyclist -1 -1 -1.2948 1105.2090 106.9949 1155.0786 183.1434 1.7730 0.5470 1.7319 12.6187 0.2399 17.5541 -0.6791 0.2759
Car -1 -1 -2.5302 0.0000 172.5260 327.9089 328.5527 1.7199 1.7162 3.9505 -5.8444 1.7166 8.8937 -3.0983 0.8582
Car -1 -1 -1.6857 706.4193 143.7468 806.3881 249.4223 2.1028 1.6884 4.4660 3.1690 1.5240 16.6408 -1.5016 0.7829
Car -1 -1 1.6596 547.9374 177.2384 579.5538 205.8458 1.7140 1.6630 3.9465 -2.9274 2.0050 45.8325 1.5957 0.7383
Car -1 -1 1.4190 686.3611 167.9929 751.3666 224.5387 1.7543 1.5815 3.7737 3.5335 1.6038 24.2765 1.5611 0.7000
Car -1 -1 -1.4067 587.7332 177.2455 617.2340 197.9630 1.5335 1.6472 4.2265 -0.5744 1.8916 56.5587 -1.4173 0.5659
Car -1 -1 -1.6331 665.4655 175.6170 699.0073 205.4910 1.5572 1.5975 3.8027 3.9139 1.7178 39.8930 -1.5365 0.3878
Car -1 -1 0.9632 0.0000 0.0000 1242.0000 375.0000 1.5074 1.6124 3.9484 2.6480 1.5775 1.9975 1.8187 0.3437
Car -1 -1 1.5910 524.8078 176.4769 548.4550 199.2229 1.5951 1.6601 4.2520 -5.4297 1.8750 53.4805 1.4899 0.2960
Car -1 -1 2.0888 655.8016 172.8174 702.6049 193.9453 1.4878 1.5776 4.1450 5.0922 1.4856 52.9569 2.1837 0.2361
