Pedestrian -1 -1 -3.0944 810.6309 168.0202 827.8358 207.3908 1.8621 0.6172 0.7651 9.9796 1.6338 34.5382 -2.8158 0.3200
Pedestrian -1 -1 -0.2760 1093.7162 117.3455 1187.9694 281.8281 1.7409 0.5927 0.7009 5.8282 1.1537 8.0289 0.3345 0.2795
Pedestrian -1 -1 1.9359 1015.6329 141.9789 1123.3842 264.2420 1.6509 0.7893 1.7259 6.7007 1.2343 10.5780 2.4877 0.1062
Pedestrian -1 -1 2.0301 107.8203 180.5452 142.8763 219.2943 1.6896 0.6162 1.7230 -21.9893 2.0481 32.7074 1.4417 0.1041
Cyclist -1 -1 -1.0469 1138.7606 130.0414 1242.0000 246.1114 1.6212 0.4131 1.6867 8.4714 1.0236 10.5835 -0.3855 0.3533
Cyclist -1 -1 1.9027 1021.8782 146.3941 1127.1443 267.0755 1.6192 0.7892 1.7436 6.7479 1.2646 10.5344 2.4594 0.3489
Cyclist -1 -1 2.0459 107.0210 179.6247 142.2772 218.8210 1.7081 0.6089 1.7014 -21.9649 2.0228 32.6236 1.4570 0.2313
Car -1 -1 2.0138 130.1129 186.5791 305.1589 276.5432 1.6222 1.6915 4.1640 -8.3687 1.9628 15.7659 1.5323 0.9141
Car -1 -1 1.7853 340.1885 181.8221 407.6698 231.6805 1.6633 1.5959 3.7878 -8.7003 2.0204 26.7367 1.4731 0.8658
Car -1 -1 -1.6411 568.0939 180.7476 609.8156 216.8868 1.4960 1.6169 3.6925 -1.0422 1.8743 32.6236 -1.6734 0.7942
Car -1 -1 1.6262 424.1271 184.3949 459.0963 215.7124 1.5292 1.6139 4.0016 -9.0626 2.1855 38.8944 1.3983 0.4048
