Pedestrian -1 -1 1.5911 810.5914 162.8718 874.5967 327.4642 1.6048 0.6017 0.5164 2.3173 1.5078 7.3704 1.8831 0.8794
Pedestrian -1 -1 -0.0868 912.6824 138.0178 1000.7420 375.0000 1.6759 0.6543 0.5242 2.5374 1.4323 5.4454 0.3278 0.7755
Pedestrian -1 -1 -3.0220 1003.4747 95.4660 1242.0000 375.0000 1.6884 0.7225 1.1472 2.7483 1.3488 3.8139 -2.4338 0.5828
Pedestrian -1 -1 0.6788 29.8867 189.5119 79.3173 255.7222 1.7459 0.6053 0.8727 -15.0476 2.2037 19.4967 0.0279 0.4881
Pedestrian -1 -1 -1.6809 705.5786 175.9873 720.0945 208.5683 1.7317 0.7035 0.6421 5.4825 1.9017 38.7417 -1.5420 0.4862
Pedestrian -1 -1 -2.8414 878.6893 139.0198 1033.0543 329.1842 1.5733 0.5374 1.1625 3.0669 1.2938 6.5522 -2.4214 0.2431
Pedestrian -1 -1 2.9829 111.2793 185.6560 172.4992 240.1328 1.7095 0.6338 1.6146 -15.4610 2.1456 23.7784 2.4112 0.1742
Cyclist -1 -1 -3.0544 960.9735 108.3899 1242.0000 375.0000 1.6344 0.7267 1.7526 2.8313 1.3706 3.7928 -2.4500 0.4247
Cyclist -1 -1 2.0815 348.4134 178.8846 373.1825 209.8717 1.7966 0.5621 1.8618 -14.9307 2.1659 43.1736 1.7501 0.3853
Cyclist -1 -1 2.9935 112.2995 185.5642 172.7350 240.9195 1.7375 0.6596 1.5933 -15.4381 2.1703 23.7732 2.4225 0.3433
Cyclist -1 -1 -2.4752 877.6710 127.0757 1053.4984 324.1493 1.5520 0.5051 1.3655 3.0408 1.1919 6.4020 -2.0499 0.2319
Car -1 -1 1.9202 348.4313 189.3484 420.4117 229.7081 1.4941 1.6178 3.9893 -9.4495 2.2359 30.4018 1.6208 0.8752
Car -1 -1 -1.5934 602.7474 181.1940 629.2847 206.3457 1.5045 1.6100 3.9982 0.3198 2.0657 46.5040 -1.5871 0.5166
