Pedestrian -1 -1 0.0892 0.3890 187.5458 23.7528 227.5558 1.7811 0.6817 0.7631 -27.3638 2.4632 32.9797 -0.5995 0.1425
Pedestrian -1 -1 1.7176 693.9756 172.4402 704.5521 197.1775 1.7567 0.5679 1.3452 6.4048 1.7277 51.9617 1.8392 0.1324
Pedestrian -1 -1 -1.9288 747.4081 174.7401 762.8913 205.4651 1.7344 0.5280 1.0643 8.2823 1.8444 41.3660 -1.7331 0.1269
Cyclist -1 -1 1.6118 694.4791 173.4081 703.0256 198.1415 1.7477 0.5450 1.6870 6.3606 1.7886 51.8985 1.7327 0.3163
Cyclist -1 -1 2.1972 976.1758 168.8116 1046.2935 241.0496 1.6868 0.6366 1.6714 9.6840 1.5928 17.4939 2.6950 0.1456
Cyclist -1 -1 -1.7458 747.6178 175.4258 760.7714 205.4884 1.6942 0.4683 1.5938 8.2722 1.8457 41.5996 -1.5513 0.1202
Cyclist -1 -1 -3.0073 812.3846 168.7832 857.4587 213.3357 1.6872 0.4762 1.6146 8.6438 1.5334 27.8756 -2.7101 0.1142
Car -1 -1 2.2232 0.0000 200.0087 122.6602 254.9232 1.5848 1.7882 4.4571 -19.5002 2.6195 25.2531 1.5705 0.9186
Car -1 -1 2.0048 237.3251 191.3895 306.0006 227.2420 1.5275 1.5972 3.5825 -16.0771 2.4572 34.3824 1.5700 0.8496
Car -1 -1 1.8675 402.9919 187.9578 437.3762 208.0055 1.5635 1.7027 4.1241 -16.1587 2.8955 61.5192 1.6113 0.4350
Car -1 -1 0.7937 1097.3872 192.3911 1242.0000 244.6739 1.5175 1.6468 4.2501 19.1510 2.2494 24.8037 1.4448 0.1693
Car -1 -1 -1.8658 989.3698 187.1603 1053.9343 221.6067 1.4943 1.6186 3.9911 19.9419 2.2345 35.1848 -1.3544 0.1162
