Car -1 -1 1.8732 343.2455 183.5889 469.5417 263.5219 1.5407 1.6383 3.9497 -4.5217 1.8156 16.4474 1.6083 0.9230
Car -1 -1 -1.8498 783.3922 183.5484 964.4634 301.3426 1.4937 1.5772 3.9558 3.9097 1.6946 11.5186 -1.5314 0.9072
Car -1 -1 -1.7918 730.7635 182.0994 837.7403 256.7255 1.5192 1.6054 3.8421 3.9345 1.7631 17.0838 -1.5701 0.8883
Car -1 -1 -2.1466 879.7400 185.2627 1242.0000 375.0000 1.4897 1.5466 3.6050 3.8506 1.6312 6.3639 -1.6239 0.8693
Car -1 -1 1.7835 429.4492 182.2528 506.9980 240.0228 1.5767 1.5691 3.7867 -4.3125 1.8915 22.2222 1.5933 0.8658
Car -1 -1 1.7629 465.7657 185.1889 530.3868 227.1108 1.3942 1.6410 4.2274 -4.2010 1.8997 27.4018 1.6116 0.7773
Car -1 -1 1.7278 535.0593 178.3701 570.6872 205.7619 1.5508 1.5877 3.6764 -3.4342 1.8982 43.5050 1.6490 0.7543
Car -1 -1 -1.8176 697.8085 178.6163 782.4787 235.5123 1.5568 1.6062 3.9669 3.8449 1.7507 22.1936 -1.6491 0.7239
Car -1 -1 -1.7271 689.1920 177.6236 746.3174 221.5966 1.5343 1.5644 3.7333 3.9845 1.7286 27.4583 -1.5851 0.2818
Car -1 -1 -1.6993 681.8312 176.7250 720.4208 207.4301 1.5315 1.5477 3.7895 4.7586 1.7479 38.3643 -1.5773 0.2427
