Pedestrian -1 -1 -3.4585 828.0305 150.5887 939.6979 304.3428 1.7737 0.7616 1.0651 3.2944 1.4303 8.5535 -3.1013 0.9081
Pedestrian -1 -1 2.5020 820.9272 132.9728 878.2793 234.8595 1.7556 0.5567 0.7867 4.2987 0.9383 12.5651 2.8260 0.1794
Pedestrian -1 -1 3.3694 230.0399 173.0407 298.7682 258.0717 1.6008 0.4981 1.1123 -6.6110 1.4620 13.6666 2.9297 0.1513
Pedestrian -1 -1 -1.9979 835.5302 176.5301 871.4316 247.5330 1.7583 0.6758 0.5717 6.2211 1.6616 17.8214 -1.6661 0.1273
Pedestrian -1 -1 1.8946 743.3887 152.5434 753.4101 175.5435 1.9125 0.5732 0.8912 12.0962 -0.4200 59.5450 2.0959 0.1062
Pedestrian -1 -1 -1.5010 421.9367 141.9274 450.2142 227.4927 1.7267 0.5164 0.7709 -3.5426 0.9500 14.6851 -1.7306 0.1035
Pedestrian -1 -1 -1.8959 831.4134 201.4701 877.2559 292.6482 1.7376 0.6921 0.5982 4.8543 2.1608 13.9085 -1.5660 0.1033
Cyclist -1 -1 3.4047 211.9323 171.1089 307.4640 257.9558 1.6337 0.5338 1.5795 -6.7087 1.4587 13.7007 2.9602 0.1940
Cyclist -1 -1 -0.5384 900.2385 146.4898 1009.6906 250.4671 1.6813 0.5273 1.5917 5.7648 1.1330 11.7629 -0.0915 0.1305
Cyclist -1 -1 -3.4561 831.6213 152.2431 946.1875 306.1762 1.7724 0.7555 1.0971 3.3489 1.4487 8.5398 -3.0930 0.1299
Car -1 -1 0.9230 0.0000 192.4158 128.8560 237.6777 1.5190 1.6254 4.1345 -19.7472 1.9778 25.7793 0.2768 0.1333
Car -1 -1 -2.6512 529.3391 158.8953 621.0898 193.9209 1.5401 1.6159 3.9397 -1.4028 0.5916 32.6680 -2.6917 0.1282
Car -1 -1 1.9486 0.0000 197.7404 9.6881 262.0576 1.4936 1.6186 4.2236 -18.6825 2.0353 19.8875 1.2039 0.1228
Car -1 -1 1.2755 769.9539 196.1413 889.3492 268.5681 1.5071 1.6661 4.0946 5.3966 1.9444 17.6416 1.5687 0.1171
