Pedestrian -1 -1 1.9255 517.8915 165.4216 535.2179 200.8593 1.9053 0.5883 1.1208 -4.5876 1.5061 39.4050 1.8099 0.2099
Pedestrian -1 -1 -1.8092 357.0681 155.4388 398.9510 238.2627 1.7919 0.7207 0.8151 -5.2460 1.4155 16.1435 -2.1191 0.1953
Pedestrian -1 -1 1.3979 397.7054 141.3883 426.2785 209.6089 1.8867 0.6868 0.5894 -5.6392 1.0168 20.3649 1.1307 0.1880
Cyclist -1 -1 -1.9695 821.3791 95.3782 1080.4784 375.0000 1.7541 0.7076 1.8414 1.9001 1.3721 4.4863 -1.5931 0.2667
Car -1 -1 -1.7370 653.1450 173.4110 737.7596 231.9124 1.4767 1.6504 4.2863 2.2511 1.4945 20.4400 -1.6296 0.9332
Car -1 -1 -1.4233 399.0470 181.3535 505.3452 260.1408 1.4131 1.6029 4.2180 -3.2943 1.6220 15.5548 -1.6294 0.8846
Car -1 -1 -1.9094 733.6984 170.0412 1023.6520 350.9862 1.5293 1.6236 4.0384 2.5819 1.5059 8.1480 -1.6141 0.8072
Car -1 -1 1.9877 0.0000 191.8755 426.2424 375.0000 1.4011 1.5351 4.0625 -2.9439 1.6219 6.3248 1.5669 0.7655
Car -1 -1 -1.6440 623.8920 173.8001 660.3304 205.0533 1.5427 1.6101 3.8484 1.5923 1.5950 37.6800 -1.6026 0.6950
Car -1 -1 -2.1462 851.2322 0.0000 1242.0000 375.0000 2.1115 1.7394 4.2470 2.6228 1.5442 3.4633 -1.5389 0.3176
Car -1 -1 -1.9201 622.8431 162.1197 666.1870 186.8191 1.5689 1.6088 3.9657 2.2143 0.8874 47.9623 -1.8745 0.1872
