Car -1 -1 -1.8619 746.3163 168.6031 1014.7470 371.0352 1.8205 1.6693 4.1379 2.7709 1.7827 8.5638 -1.5605 0.9382
Car -1 -1 -1.8071 693.2268 181.4764 822.6879 270.6359 1.4922 1.5798 4.0436 2.7524 1.6909 14.5332 -1.6247 0.8817
Car -1 -1 3.7394 0.0000 184.9757 292.1912 328.5909 1.5346 1.6499 3.9979 -6.2488 1.6953 8.6973 3.1305 0.8682
Car -1 -1 -1.7300 662.4919 174.6919 728.8064 227.7591 1.5913 1.5926 3.4679 2.6697 1.6561 23.5267 -1.6192 0.8456
Car -1 -1 -1.6467 644.3465 178.3215 678.6883 207.5906 1.4213 1.5077 3.4213 2.5925 1.7181 37.3931 -1.5786 0.7407
Car -1 -1 0.3608 339.6384 181.6104 483.0415 234.7012 1.5386 1.6191 3.9424 -6.1056 1.8208 22.2281 0.0952 0.6319
Car -1 -1 0.8309 0.0000 211.9902 181.1069 375.0000 1.4847 1.6340 3.9484 -6.1926 1.8751 6.2358 0.0703 0.5468
Car -1 -1 -2.5726 25.5448 190.3113 335.3773 296.9661 1.4868 1.6071 3.9153 -6.5979 1.7810 11.2467 -3.0932 0.4894
Car -1 -1 3.3087 441.5867 180.8912 532.2244 214.6126 1.5673 1.6398 4.0871 -5.9153 1.9639 34.7467 3.1408 0.3914
Car -1 -1 3.3847 359.8668 170.5107 476.6795 212.2987 1.5238 1.6058 3.9763 -7.1880 1.4387 27.1383 3.1278 0.3853
Car -1 -1 0.5321 375.0358 184.8571 494.1824 230.1237 1.4508 1.5644 3.7543 -6.1302 1.8903 25.1022 0.2945 0.2789
