Pedestrian -1 -1 1.2655 300.5498 164.2870 438.1437 370.0000 1.7598 0.7845 0.9813 -1.9448 1.6468 5.6208 0.9509 0.9298
Pedestrian -1 -1 1.2272 528.7296 143.3530 605.6816 283.2680 1.7990 0.7610 0.9936 -0.5830 1.3230 9.6918 1.1711 0.9247
Pedestrian -1 -1 1.1508 630.1808 120.5858 783.2325 370.0000 1.7855 0.6654 0.5871 0.4984 1.4816 3.9804 1.2682 0.8120
Pedestrian -1 -1 0.6025 890.8365 142.7195 1055.0172 370.0000 1.8233 0.7021 0.9132 2.8220 1.5576 5.5698 1.0508 0.7734
Pedestrian -1 -1 1.7358 637.2600 139.6454 661.1790 198.1413 1.8132 0.6765 0.5121 1.3624 0.5484 22.2374 1.7983 0.7373
Pedestrian -1 -1 0.1646 1060.8058 86.6684 1224.0000 370.0000 1.7329 0.6377 0.6186 2.6800 1.3200 3.5636 0.7704 0.7106
Pedestrian -1 -1 1.2305 717.1616 138.7930 856.6898 370.0000 1.8386 0.7200 0.9877 1.2869 1.5543 5.3763 1.4544 0.7034
Pedestrian -1 -1 0.9236 227.9755 133.7590 301.2503 248.2538 1.8126 0.6464 0.9637 -5.6767 1.0743 11.6992 0.4846 0.6337
Pedestrian -1 -1 -2.0391 110.4092 148.6862 174.9688 260.5352 1.7967 0.6388 0.7494 -7.7724 1.2873 11.8189 -2.6066 0.4204
Cyclist -1 -1 -1.7530 387.1270 148.5214 402.9311 186.1738 1.7525 0.4280 1.6961 -10.0503 0.2655 33.7574 -2.0376 0.4683
Cyclist -1 -1 1.2573 719.9274 141.2518 862.6949 370.0000 1.8616 0.7589 1.0337 1.3324 1.5915 5.4389 1.4862 0.1085
