Pedestrian -1 -1 -2.2406 865.9937 179.3017 897.1299 230.3936 1.6930 0.6538 0.7652 9.1675 1.9164 24.4895 -1.8871 0.2449
Pedestrian -1 -1 -1.9217 1056.0061 148.8530 1167.6804 307.4407 1.7612 0.5634 1.6423 6.0527 1.4950 8.8741 -1.3391 0.1450
Cyclist -1 -1 -2.1005 1047.2571 148.1469 1184.3938 311.0414 1.7989 0.5456 1.7281 6.0635 1.5264 8.8432 -1.5156 0.8872
Cyclist -1 -1 2.2871 375.8324 178.7539 395.6135 199.5816 1.7684 0.5347 1.8893 -19.5275 2.2902 62.7847 1.9865 0.3817
Cyclist -1 -1 1.9386 1049.8430 156.3834 1077.1986 194.5320 1.6499 0.5325 1.4802 19.9927 0.9379 31.8623 2.4947 0.2050
Cyclist -1 -1 -2.1285 866.0275 179.0039 897.9078 231.0356 1.7199 0.6517 0.8600 9.1642 1.9329 24.4501 -1.7746 0.1444
Car -1 -1 2.0153 331.1324 184.4689 386.7118 211.9885 1.5551 1.6681 4.0409 -15.4947 2.3079 44.6437 1.6827 0.7808
Car -1 -1 2.1488 9.0924 193.5275 150.0175 251.6638 1.5125 1.6054 3.8807 -16.1389 2.2042 22.1496 1.5247 0.7319
Car -1 -1 1.8850 393.8076 183.4624 431.4856 204.5180 1.5635 1.6889 4.2338 -15.8084 2.4469 57.9023 1.6193 0.5705
Car -1 -1 2.1822 0.0000 178.1003 109.2746 305.7192 1.5261 1.5678 3.7694 -9.4565 1.6188 10.7388 1.4724 0.2407
