Pedestrian -1 -1 -1.4465 486.3400 160.3360 557.2231 322.8449 1.6415 0.6506 0.8713 -0.9212 1.4395 7.5759 -1.5607 0.9010
Pedestrian -1 -1 -2.2483 509.2323 170.0202 561.4055 264.8731 1.6770 0.7037 0.6458 -1.3220 1.4933 12.9722 -2.3457 0.1667
Pedestrian -1 -1 0.4602 831.4970 135.0560 889.6064 237.8935 1.7477 0.5619 0.8011 4.4697 0.9771 12.4943 0.7978 0.1505
Pedestrian -1 -1 3.1451 515.6855 123.9226 556.0912 209.2459 1.7649 0.5377 0.8341 -1.4983 0.5962 14.9263 3.0496 0.1153
Pedestrian -1 -1 -3.4067 921.4721 143.5493 992.5313 247.4122 1.6763 0.5493 0.9434 5.7954 1.0816 11.7627 -2.9577 0.1115
Pedestrian -1 -1 -2.0120 835.3920 175.5554 870.4438 246.0983 1.7465 0.6613 0.5468 6.2027 1.6256 17.8078 -1.6808 0.1057
Car -1 -1 -2.7496 525.3444 160.1815 619.6960 195.2685 1.5460 1.6286 4.0303 -1.5107 0.6522 32.6010 -2.7935 0.1399
Car -1 -1 1.9261 0.0000 198.3027 7.6304 262.5118 1.4880 1.6223 4.1868 -18.6742 2.0464 19.8688 1.1811 0.1347
Car -1 -1 2.4144 0.0000 195.6095 128.7472 247.3694 1.4936 1.6394 4.3163 -18.7295 2.0567 23.9987 1.7596 0.1277
Car -1 -1 1.5495 551.7534 156.1210 619.9531 218.3839 1.5461 1.6975 4.4755 -0.6247 0.9423 19.8295 1.5205 0.1183
