Pedestrian -1 -1 1.0584 1200.2130 116.5210 1242.0000 206.9735 1.8992 0.6217 0.9660 13.4294 0.7168 15.6797 1.7575 0.5896
Pedestrian -1 -1 -0.2200 976.6280 156.3398 1048.4849 317.9208 1.7781 0.6204 0.5913 4.5667 1.5967 8.3143 0.2664 0.1796
Cyclist -1 -1 1.0985 1201.4164 113.8537 1242.0000 205.0489 1.8958 0.6283 1.1101 13.4277 0.6696 15.6088 1.7998 0.1480
Car -1 -1 -1.3665 384.8154 186.8636 510.8027 278.9908 1.4475 1.5803 3.8132 -2.9932 1.7535 13.8268 -1.5767 0.9111
Car -1 -1 1.9880 0.0000 166.0727 397.8720 375.0000 1.5276 1.6174 4.1365 -3.1319 1.4918 5.9582 1.5213 0.8985
Car -1 -1 1.5227 636.1927 181.0730 680.2077 220.2875 1.5149 1.6587 4.0530 1.9520 1.8889 30.7633 1.5847 0.7750
Car -1 -1 1.6456 543.4740 170.7488 573.8781 200.6169 1.9496 1.7544 4.3163 -3.4883 1.8126 49.2572 1.5748 0.6976
Car -1 -1 -1.5953 631.1088 170.5214 656.2539 194.1698 1.5393 1.5988 3.8646 2.2193 1.3878 48.9103 -1.5506 0.4079
Car -1 -1 -1.6169 507.7604 177.5875 536.0253 202.9852 1.5281 1.6082 4.1224 -5.7332 1.8470 46.3856 -1.7396 0.2976
Car -1 -1 1.2262 555.4354 174.6717 590.6180 194.3416 1.5066 1.5707 3.9357 -3.0220 1.6579 57.7733 1.1738 0.1641
