Pedestrian -1 -1 -1.0836 1045.5443 162.9100 1074.4164 210.6576 1.7803 0.6508 0.7621 17.0288 1.4099 27.3746 -0.5323 0.1594
Pedestrian -1 -1 -1.3829 1062.1868 156.5656 1095.1112 229.6885 1.7144 0.5480 0.7065 11.2289 1.3328 17.3587 -0.8168 0.1327
Pedestrian -1 -1 -1.9358 212.4492 150.1444 240.2968 202.5597 1.8662 0.6456 0.8158 -13.9750 1.0580 26.1985 -2.4218 0.1292
Pedestrian -1 -1 1.8014 185.7890 184.4180 210.0739 235.2832 1.7622 0.6098 0.6699 -14.6516 2.1792 25.5869 1.2855 0.1287
Car -1 -1 2.1787 268.7103 180.5984 477.2468 276.8906 1.5320 1.6989 4.2861 -4.4414 1.7089 14.1467 1.8791 0.9390
Car -1 -1 -1.5319 785.8112 180.0375 843.0203 236.1310 1.6244 1.6584 4.2282 6.7482 1.8837 23.7396 -1.2590 0.9387
Car -1 -1 1.8843 564.9734 181.2171 643.3328 225.2986 1.4816 1.7006 4.4367 -0.1652 1.8284 27.5194 1.8776 0.9114
Car -1 -1 1.7889 639.7963 182.0645 691.1429 214.2536 1.4602 1.7035 4.2399 2.8170 1.9531 36.3060 1.8651 0.7560
Car -1 -1 1.5881 680.2148 183.0559 709.0141 210.3653 1.5137 1.6533 4.1044 5.1255 2.1628 43.7360 1.7034 0.2388
Car -1 -1 1.0482 891.0831 171.3335 940.3303 192.5806 1.5998 1.6520 4.2247 23.8569 1.4857 56.5252 1.4454 0.2370
Car -1 -1 1.2423 693.3625 179.7295 731.0373 201.2310 1.4885 1.5867 3.8547 7.4767 2.0162 53.2968 1.3805 0.1796
Car -1 -1 1.2726 805.3199 181.1484 850.8411 206.7034 1.4775 1.6047 3.9747 13.5079 2.0182 45.0031 1.5619 0.1410
