Pedestrian -1 -1 -3.4613 874.8533 181.8422 910.8464 247.2955 1.5917 0.4457 0.7236 6.9427 1.8174 17.8477 -3.0968 0.2313
Pedestrian -1 -1 -3.3499 904.2582 187.8194 936.9974 258.8325 1.5964 0.4860 0.6022 7.1073 1.9480 16.6372 -2.9535 0.1725
Pedestrian -1 -1 1.4739 253.3811 173.4251 268.0901 205.8934 1.7215 0.5867 1.3818 -18.9314 1.7534 39.0236 1.0246 0.1467
Pedestrian -1 -1 -2.0268 798.8025 183.1199 866.2720 254.2260 1.6496 0.8242 1.9516 5.4818 1.9217 18.0647 -1.7377 0.1298
Pedestrian -1 -1 -1.7342 972.5964 111.5356 1004.5089 182.8251 1.8252 0.6382 0.6437 9.8466 0.2556 18.8745 -1.2595 0.1138
Cyclist -1 -1 -2.0268 798.8025 183.1199 866.2720 254.2260 1.6496 0.8242 1.9516 5.4818 1.9217 18.0647 -1.7377 0.4255
Cyclist -1 -1 1.9939 247.4593 174.0418 272.3610 206.9845 1.7386 0.5708 1.6766 -18.9374 1.8045 38.9831 1.5441 0.3813
Cyclist -1 -1 1.5488 871.5550 167.1140 887.7048 206.9453 1.8149 0.6611 1.7859 12.5914 1.5537 33.8257 1.9019 0.1847
Cyclist -1 -1 0.8925 1076.7634 165.4566 1186.5891 257.3302 1.7737 0.8751 1.8143 10.6296 1.6312 14.8616 1.5035 0.1353
Cyclist -1 -1 1.6861 734.9297 161.7427 749.7112 196.6445 1.6932 0.5514 1.5541 6.5391 1.1545 35.8247 1.8649 0.1261
Car -1 -1 -1.5537 590.1213 174.2513 623.3063 205.4921 1.5252 1.6293 4.1705 -0.1748 1.6022 37.5047 -1.5588 0.7813
Car -1 -1 0.9333 1071.9042 174.3473 1233.7961 263.1406 1.6244 1.3762 2.4673 10.7079 1.6573 14.4804 1.5598 0.1422
Car -1 -1 1.0962 822.5758 188.7162 893.7451 228.3322 1.9315 1.7635 4.5778 13.4414 2.8526 39.4883 1.4212 0.1156
Car -1 -1 -2.0420 799.1877 183.3189 867.3963 253.6649 1.6283 0.8147 1.9582 5.4937 1.9054 18.0431 -1.7519 0.1143
Car -1 -1 0.9313 793.1302 190.8071 843.0170 214.5536 1.5754 1.5426 3.8138 15.2139 2.9465 53.0308 1.2085 0.1116
