Pedestrian -1 -1 0.2090 185.6152 190.1046 305.4821 360.1628 1.7046 0.7108 1.0271 -3.8326 1.8040 7.7144 -0.2451 0.8972
Pedestrian -1 -1 -0.6848 1007.4081 159.3192 1041.4467 218.9616 1.7266 0.4721 0.7271 12.3846 1.0856 21.0855 -0.1642 0.1821
Pedestrian -1 -1 0.3270 1013.5712 105.9212 1190.9347 289.0239 1.7038 0.5823 1.3907 5.0725 1.0019 7.4084 0.9058 0.1529
Pedestrian -1 -1 -0.5638 750.5022 158.7375 784.2725 218.6055 1.7036 0.5297 0.7930 4.7788 1.0570 20.8218 -0.3460 0.1173
Pedestrian -1 -1 -3.4886 1065.7952 122.5175 1125.4789 227.8044 1.7907 0.6549 0.6732 8.6209 0.7888 12.6123 -2.9037 0.1116
Cyclist -1 -1 0.9938 1016.9704 109.7400 1184.1387 295.7220 1.7241 0.5824 1.6595 5.0591 1.0603 7.4876 1.5666 0.3787
Cyclist -1 -1 0.1969 190.6940 188.9463 311.1799 359.0801 1.7047 0.7286 1.0398 -3.7757 1.7910 7.7189 -0.2511 0.1286
Car -1 -1 3.4701 0.0000 168.1784 82.8012 213.7251 1.6307 1.6928 4.0944 -22.3898 1.1548 27.2294 2.7817 0.2498
Car -1 -1 0.2762 0.0000 148.0812 129.9547 197.8931 1.5069 1.5934 3.8336 -17.6730 0.4970 23.1706 -0.3747 0.1177
Car -1 -1 -1.9115 1042.9064 157.8455 1158.9103 215.4338 1.6471 1.6557 4.1854 15.6311 0.9717 22.7752 -1.3204 0.1044
