Pedestrian -1 -1 1.2349 742.8090 169.5106 764.9353 214.7874 1.8323 0.6585 0.8111 5.8647 1.6974 29.6462 1.4277 0.7439
Pedestrian -1 -1 1.8398 946.7056 156.3271 984.8939 226.4252 1.7585 0.7102 0.7685 9.1364 1.3442 18.6205 2.2893 0.3308
Pedestrian -1 -1 -1.1306 675.1071 170.8664 687.3932 195.0900 1.8276 0.6068 0.9004 5.4048 1.6780 54.9764 -1.0335 0.2464
Pedestrian -1 -1 -0.4339 705.5784 170.6664 720.8705 198.8898 1.8401 0.5056 0.8616 6.7503 1.6978 47.4068 -0.2938 0.1855
Pedestrian -1 -1 -3.5373 1068.0042 184.9140 1082.8352 207.1444 1.8105 0.6735 0.8330 38.4211 2.8139 59.6041 -2.9675 0.1846
Pedestrian -1 -1 1.9398 533.5427 79.3875 596.4507 206.4418 1.7001 0.5865 0.9485 -0.6736 0.4498 10.1922 1.8751 0.1277
Pedestrian -1 -1 1.4004 817.7426 162.0683 838.9695 205.0325 1.7415 0.6299 1.2703 9.0014 1.3047 29.9115 1.6896 0.1095
Cyclist -1 -1 1.4036 817.5817 163.1179 840.2072 205.7926 1.7201 0.6531 1.4695 9.0029 1.3281 29.8504 1.6934 0.1534
Cyclist -1 -1 1.6734 946.8742 155.1836 981.1642 226.2756 1.7783 0.7174 0.8443 9.0795 1.3366 18.5929 2.1210 0.1181
Car -1 -1 1.9761 258.7869 178.2986 336.7789 217.4314 1.6296 1.6853 4.2908 -14.1129 1.8936 32.7882 1.5722 0.8258
Car -1 -1 -0.9919 1047.5063 203.1946 1242.0000 310.1193 1.5258 1.6353 3.9675 9.7627 2.1143 12.5466 -0.3431 0.1858
Car -1 -1 1.1005 994.3766 183.1042 1037.2889 202.9621 1.7655 1.7560 4.3720 38.5333 2.7727 68.6555 1.6096 0.1523
