Pedestrian -1 -1 1.3723 725.7664 177.2181 759.0370 262.3608 1.6736 0.5513 0.5745 2.6046 1.7634 14.5042 1.5453 0.2148
Pedestrian -1 -1 -2.8682 1118.2628 199.0179 1148.2172 247.3067 1.6961 0.6493 0.7415 19.0766 2.6705 26.3663 -2.2480 0.1407
Pedestrian -1 -1 1.2412 876.4522 154.5049 910.5260 224.4314 1.7979 0.5798 0.8669 7.4046 1.3265 18.9929 1.6072 0.1406
Pedestrian -1 -1 2.0903 802.2814 158.8282 829.6311 211.2233 1.8089 0.6084 0.8061 7.2101 1.3250 25.4077 2.3633 0.1347
Pedestrian -1 -1 1.0058 759.8825 159.9424 783.4803 194.3094 1.7139 0.5320 1.3424 8.1788 1.0704 36.7034 1.2230 0.1332
Cyclist -1 -1 1.2053 761.0704 160.5686 782.8171 195.2948 1.7238 0.5253 1.6290 8.1793 1.1143 36.6586 1.4228 0.5038
Car -1 -1 1.9023 326.5364 184.6581 374.9017 209.9561 1.4766 1.6516 4.1256 -16.5353 2.2653 46.1174 1.5595 0.7468
Car -1 -1 1.7922 423.9716 179.6885 454.1125 199.9370 1.5486 1.5679 3.8427 -13.8243 2.1205 58.4116 1.5605 0.3559
Car -1 -1 1.7388 278.9697 184.6272 317.8936 209.8984 1.4911 1.6402 4.1713 -20.2069 2.2923 46.8593 1.3335 0.2114
Car -1 -1 1.5951 670.2139 178.5238 691.9048 199.8236 1.5511 1.5766 4.1458 5.5035 2.0072 55.8415 1.6923 0.1614
Car -1 -1 2.0560 174.7171 186.8004 250.3833 218.9724 1.4947 1.6039 4.3386 -20.6299 2.2638 37.5897 1.5568 0.1503
Car -1 -1 -3.3514 1109.2278 194.6288 1242.0000 241.8313 1.5086 1.6581 4.0784 20.6950 2.3493 26.2058 -2.6892 0.1428
