Pedestrian -1 -1 -1.9540 778.5280 160.3985 848.3678 269.2931 1.6004 0.7443 0.8792 3.1944 1.2916 11.0335 -1.6839 0.9373
Pedestrian -1 -1 1.3231 688.2385 150.5187 720.5300 221.5709 1.8967 0.6639 0.9130 2.7781 1.0708 19.6641 1.4565 0.4576
Pedestrian -1 -1 1.0045 626.1047 154.1690 662.9350 224.8434 1.7645 0.5239 0.9286 1.0677 1.0833 18.4652 1.0563 0.4342
Pedestrian -1 -1 0.5695 632.2712 165.4205 686.9866 259.3972 1.7833 0.6253 0.8753 1.1062 1.4794 14.1405 0.6406 0.3864
Pedestrian -1 -1 -1.8426 913.0196 161.4920 965.5735 273.1544 1.6526 0.5251 0.7966 5.1445 1.3578 11.0617 -1.4217 0.2817
Cyclist -1 -1 1.8607 424.5822 161.2064 486.4703 266.6825 1.7042 0.5810 1.7660 -2.5460 1.3776 12.5085 1.6584 0.8894
Cyclist -1 -1 1.8884 325.8615 146.0078 410.0091 290.1751 1.7822 0.5463 1.8267 -3.1760 1.3448 9.7923 1.5769 0.8250
Cyclist -1 -1 1.0750 624.4794 157.6759 666.3646 226.6011 1.7056 0.5561 1.2111 1.0839 1.1173 18.4397 1.1277 0.2369
Cyclist -1 -1 0.3716 632.3698 166.4252 687.7670 260.1583 1.7833 0.6662 0.9121 1.1210 1.4978 14.1607 0.4436 0.1033
Car -1 -1 -1.5065 559.1165 159.0844 586.5411 182.6973 1.4998 1.5887 3.8690 -1.8485 0.0768 47.5738 -1.5499 0.5337
Car -1 -1 1.9554 0.0000 173.6431 196.4322 374.0000 1.4794 1.5587 3.6629 -4.4423 1.4433 5.4032 1.2847 0.3956
Car -1 -1 -2.2167 818.2424 171.5160 997.5896 253.6781 1.5286 1.6074 3.6334 6.3101 1.3441 15.3257 -1.8374 0.3860
