Car -1 -1 -1.0579 32.1504 187.6424 261.5354 293.0033 1.5497 1.6509 3.8596 -7.8295 1.6001 12.6161 -1.6041 0.9438
Car -1 -1 -1.1873 231.1487 189.1198 340.8382 245.6627 1.3992 1.5254 3.5465 -8.7837 1.5177 19.8268 -1.5997 0.8756
Car -1 -1 -1.3263 346.6066 186.1859 459.3810 253.1500 1.4657 1.6739 4.3664 -5.0002 1.4941 17.9958 -1.5938 0.8508
Car -1 -1 -1.0231 0.0000 181.3575 142.2658 254.5034 1.5108 1.5945 3.7186 -12.7712 1.4322 16.7704 -1.6664 0.6967
Car -1 -1 2.4062 0.0000 222.2347 234.6631 376.0000 1.4399 1.5911 3.8261 -3.3491 1.6871 2.8507 1.5863 0.6288
Car -1 -1 -1.5124 573.6489 179.5377 606.0370 207.8787 1.5161 1.6040 3.7554 -0.9924 1.2135 40.3555 -1.5372 0.5837
Car -1 -1 -1.1586 259.6017 182.3484 351.0778 226.7972 1.5795 1.6707 4.2442 -11.5505 1.4788 27.6797 -1.5509 0.5730
Car -1 -1 -1.0923 346.8539 178.2735 406.5611 206.7298 1.5387 1.6184 3.8993 -13.1089 1.1645 40.9255 -1.4007 0.4632
Car -1 -1 -1.4190 409.3600 180.4858 456.7669 213.3854 1.5341 1.6455 4.3536 -8.6477 1.3146 35.7538 -1.6549 0.4304
Car -1 -1 -1.4036 371.6872 183.1260 426.3976 221.8020 1.4843 1.5630 3.6433 -8.5257 1.4053 29.4825 -1.6830 0.4234
Car -1 -1 -1.4690 507.2618 182.7619 539.7030 209.6789 1.5313 1.5602 3.5616 -4.9905 1.3929 42.6843 -1.5851 0.3199
Car -1 -1 -1.6018 576.5744 170.9755 597.6263 189.7127 1.4832 1.5972 3.9239 -1.7345 0.3571 58.9057 -1.6314 0.3162
