Pedestrian -1 -1 -2.1255 774.5488 108.1593 821.0367 206.5273 1.7881 0.6697 0.5109 3.4472 0.6124 13.4581 -1.8801 0.2784
Pedestrian -1 -1 2.2299 934.5824 146.1547 991.8267 243.6459 1.7861 0.6038 0.8169 6.6382 1.2973 13.6700 2.6731 0.2190
Pedestrian -1 -1 2.0842 973.7549 127.2025 1057.0740 262.9124 1.8119 0.6271 0.9899 5.6565 1.2028 10.1600 2.5795 0.1671
Pedestrian -1 -1 -0.6352 417.8277 174.3019 442.6346 217.2017 1.7690 0.6283 0.7925 -7.5869 1.8312 30.2900 -0.8790 0.1271
Pedestrian -1 -1 1.2006 1134.5726 116.8553 1242.0000 309.0689 1.7595 0.5871 0.8762 5.6378 1.2473 7.1045 1.8512 0.1038
Cyclist -1 -1 1.1582 1121.2692 124.0657 1242.0000 308.7270 1.6525 0.5598 1.5410 5.7652 1.2162 7.2689 1.8090 0.1554
Cyclist -1 -1 -3.4755 949.3334 152.4147 1046.8676 238.1879 1.7774 0.6147 1.7245 8.1941 1.3542 15.3792 -2.9944 0.1510
Cyclist -1 -1 1.7450 972.0234 115.7439 1044.6940 255.6674 1.7804 0.6375 1.5966 5.4924 1.0541 10.0035 2.2346 0.1422
Car -1 -1 -0.3905 778.5331 171.3160 881.7172 211.0006 1.5440 1.6007 3.6369 8.7767 1.4845 29.0479 -0.1003 0.6136
Car -1 -1 1.6218 685.9508 173.9626 710.2276 194.8874 1.5040 1.6076 4.1996 6.6353 1.5912 54.2996 1.7424 0.1264
Car -1 -1 1.5090 658.0187 165.9384 684.5300 189.3064 1.5960 1.6248 3.9797 4.2899 1.1240 51.2835 1.5917 0.1052
