Pedestrian -1 -1 1.1324 827.0850 158.5980 885.8981 260.1137 1.7966 0.6659 0.9771 4.4721 1.5447 13.2925 1.4494 0.8804
Pedestrian -1 -1 1.7429 534.2472 171.8542 553.1920 221.5470 1.6599 0.5156 0.7838 -2.2918 1.6269 24.5101 1.6500 0.4086
Cyclist -1 -1 1.7429 534.2472 171.8542 553.1920 221.5470 1.6599 0.5156 0.7838 -2.2918 1.6269 24.5101 1.6500 0.2428
Cyclist -1 -1 2.8932 383.4358 180.0164 409.4659 205.0460 1.6806 0.5964 1.6155 -14.6765 2.1789 49.4956 2.6061 0.2233
Cyclist -1 -1 1.8227 0.0000 151.5519 45.8270 256.5510 1.6656 0.6016 1.5599 -10.2514 1.3280 12.2772 1.1375 0.2052
Car -1 -1 3.5853 191.6499 181.8210 330.0370 228.4551 1.6602 1.7152 4.3258 -12.9686 2.0053 26.8782 3.1392 0.8801
Car -1 -1 1.5728 328.0558 187.3219 419.1899 270.3720 1.4223 1.6014 3.9295 -5.0087 1.7700 15.2068 1.2591 0.8664
Car -1 -1 2.6032 621.3434 175.3016 717.3117 208.8834 1.6444 1.7649 4.7284 3.0581 1.7780 37.4339 2.6835 0.7679
Car -1 -1 2.3389 0.0000 207.7530 212.8273 375.0000 1.4478 1.5858 3.8517 -3.5761 1.6947 3.1377 1.5300 0.6104
Car -1 -1 2.5655 480.8618 177.1005 577.2926 212.1942 1.5319 1.6555 4.3080 -3.8025 1.7441 33.9863 2.4544 0.5846
