Pedestrian -1 -1 -0.0840 1174.0907 190.8311 1242.0000 291.2659 1.6826 0.5966 1.0354 10.6504 2.0157 12.8157 0.5973 0.1058
Cyclist -1 -1 1.5274 770.8514 166.5575 784.7306 207.2703 1.7454 0.5186 1.6095 7.3399 1.4758 31.7690 1.7519 0.1398
Cyclist -1 -1 -0.8548 1157.1044 190.1599 1242.0000 294.2421 1.7373 0.6097 1.6430 10.5084 2.0512 12.6295 -0.1732 0.1337
Car -1 -1 2.2937 0.0000 189.7354 123.7556 272.8772 1.5588 1.6818 4.2671 -13.5669 1.9978 16.5753 1.6156 0.8613
Car -1 -1 1.8201 381.9078 182.7802 416.6122 203.4963 1.5063 1.6234 4.2120 -16.5163 2.3151 56.6353 1.5373 0.6576
Car -1 -1 1.9034 288.9398 185.5653 338.2951 210.5392 1.4918 1.6832 4.3231 -19.4866 2.3686 47.5455 1.5161 0.2632
Car -1 -1 2.0236 199.0614 182.7519 265.6999 213.7122 1.5266 1.5811 4.0051 -20.2976 2.0882 38.8903 1.5452 0.2577
Car -1 -1 -2.8788 683.4880 167.7591 761.5305 196.2021 1.5411 1.6289 4.0628 6.3011 1.2654 40.6574 -2.7265 0.1281
Car -1 -1 1.1220 1148.2751 206.7049 1242.0000 280.3526 1.5235 1.6005 3.9476 15.9815 2.5128 18.9693 1.8135 0.1096
Car -1 -1 1.6909 454.5685 177.8681 476.1982 194.4253 1.5095 1.5697 3.9278 -13.8214 2.0035 69.0192 1.4937 0.1068
