Pedestrian -1 -1 -1.4676 817.3913 141.3656 834.4903 184.8770 1.8302 0.6194 0.8530 9.1984 0.5061 30.8586 -1.1806 0.2746
Pedestrian -1 -1 -1.5448 223.1965 203.3301 242.6853 248.7920 1.8226 0.6993 0.8808 -15.8224 3.1223 30.2099 -2.0241 0.2345
Pedestrian -1 -1 -3.3612 929.8089 122.9405 995.8149 258.8896 1.7614 0.6072 0.6742 4.6809 1.1151 9.7149 -2.9244 0.1739
Pedestrian -1 -1 0.1447 355.8303 184.4666 379.7007 230.0134 1.7191 0.5991 0.7932 -9.3648 2.1725 27.7821 -0.1780 0.1715
Pedestrian -1 -1 -2.1595 832.8916 156.0444 855.4748 199.2693 1.8543 0.6549 0.6993 10.1403 1.1336 31.3774 -1.8500 0.1416
Pedestrian -1 -1 -0.3715 939.3834 171.1034 992.8816 240.5958 1.8181 0.6284 1.1255 9.4322 1.7727 19.2315 0.0778 0.1253
Pedestrian -1 -1 1.3146 882.4521 169.9124 914.4228 237.9265 1.8402 0.6339 0.7987 7.9199 1.7609 19.9524 1.6867 0.1234
Cyclist -1 -1 -3.5637 927.2513 176.2839 1003.1418 244.2426 1.7863 0.6120 1.7256 9.4488 1.8801 19.3239 -3.1157 0.1982
Cyclist -1 -1 -1.2792 0.0000 177.5432 51.9278 301.4634 1.6299 0.3773 1.6873 -8.6172 1.7034 10.4042 -1.9585 0.1330
Car -1 -1 1.7467 410.2968 191.1669 524.7173 275.4334 1.5142 1.7324 4.3862 -3.0596 1.9797 16.1209 1.5612 0.9337
Car -1 -1 3.7030 0.0000 182.1363 50.3971 309.5534 1.4836 1.6150 3.8810 -10.3280 1.6262 9.8174 2.9059 0.1611
Car -1 -1 1.4783 1004.0835 177.1918 1242.0000 375.0000 1.5023 1.5723 3.8792 4.2113 1.5520 6.1173 2.0581 0.1241
Car -1 -1 -2.3625 667.8541 181.3623 727.8209 212.6196 2.3835 1.8284 5.0166 7.0923 3.1086 58.9275 -2.2440 0.1093
