Car -1 -1 0.3736 218.9875 184.8501 437.1966 254.5063 1.4622 1.6471 4.2818 -6.2898 1.7473 16.2787 0.0098 0.9155
Car -1 -1 -1.7355 653.6917 183.1001 726.7980 235.3142 1.4327 1.6121 4.0114 2.3747 1.7839 22.6525 -1.6332 0.9004
Car -1 -1 -0.6483 921.7795 180.8483 1242.0000 337.6069 1.5397 1.6585 4.0350 5.8157 1.6399 8.0934 -0.0432 0.8548
Car -1 -1 -2.4379 0.0000 194.0994 248.7566 354.1542 1.5256 1.6515 4.0168 -6.4839 1.7889 8.0201 -3.1018 0.8123
Car -1 -1 1.4788 646.8198 177.3887 693.4235 213.9524 1.4798 1.6475 4.2205 2.5456 1.6936 31.8463 1.5572 0.7478
Car -1 -1 -2.4934 0.0000 191.5643 288.1249 306.9498 1.4432 1.5940 3.7910 -6.8686 1.7334 10.2487 -3.0722 0.7293
Car -1 -1 1.5730 552.1583 177.1000 578.0026 202.3417 1.5424 1.6024 3.9844 -2.9429 1.8302 46.8086 1.5101 0.5765
Car -1 -1 1.5694 473.8004 181.3615 514.0378 222.0852 1.5361 1.5519 3.8358 -4.8818 1.9149 30.0742 1.4093 0.5310
Car -1 -1 -2.2687 0.0000 200.8823 101.8049 375.0000 1.4638 1.5896 3.8441 -6.4752 1.7166 5.6228 -3.1009 0.4368
Car -1 -1 -1.4685 384.8710 177.5683 445.3458 227.5634 1.5487 1.6143 3.7420 -6.6333 1.7234 24.6960 -1.7287 0.3338
Car -1 -1 0.3739 239.7369 176.4062 404.4072 233.3008 1.4412 1.5524 3.7521 -7.6017 1.5396 19.1480 0.0004 0.3064
