Pedestrian -1 -1 2.9343 451.2223 162.4739 472.1260 199.5866 1.8179 0.5324 0.9253 -7.3924 1.3098 35.7690 2.7316 0.7520
Pedestrian -1 -1 1.2260 222.4067 169.2430 254.6595 218.6948 1.6258 0.5368 1.3802 -12.6071 1.5074 24.3859 0.7530 0.1850
Cyclist -1 -1 1.5342 230.1909 168.3181 248.4647 217.4948 1.6213 0.5050 1.3773 -12.6434 1.4721 24.5093 1.0621 0.2686
Cyclist -1 -1 2.9981 450.9492 162.1628 472.0612 199.3172 1.8233 0.5502 0.9579 -7.4131 1.2990 35.8263 2.7952 0.1017
Car -1 -1 1.2082 405.4763 161.8185 465.5470 193.8456 1.6339 1.6967 4.4388 -9.5529 1.0713 39.1187 0.9700 0.8205
Car -1 -1 -2.0725 501.0791 161.2296 563.9950 190.4076 1.6147 1.7057 4.4940 -4.6299 0.9718 42.2566 -2.1812 0.7588
Car -1 -1 -1.9790 453.6426 162.4109 506.7755 193.0142 1.6635 1.6622 3.6708 -7.4867 1.0962 41.2064 -2.1579 0.6817
Car -1 -1 0.8319 650.6196 157.9560 716.2032 186.1712 1.7108 1.7344 4.2595 4.5919 0.8078 45.9737 0.9306 0.5416
Car -1 -1 0.7379 723.5371 157.9937 778.5024 182.7151 1.6579 1.6162 3.6094 9.7687 0.6617 50.3159 0.9284 0.3194
Car -1 -1 -2.2399 787.6690 165.2379 839.1313 188.9102 1.7425 1.6574 4.0093 15.5029 1.1822 55.2778 -1.9681 0.2259
Car -1 -1 -1.4496 832.8574 165.4241 861.4229 188.2391 1.6944 1.6394 3.9393 18.3153 1.1430 55.7165 -1.1338 0.1821
Car -1 -1 -2.0804 914.5793 162.1079 957.5289 183.0476 1.7159 1.6353 3.8497 27.5395 0.8357 61.1118 -1.6589 0.1746
