Pedestrian -1 -1 -2.0585 858.4979 163.2878 942.8348 287.3690 1.6281 0.7296 0.8953 4.0598 1.3905 9.9091 -1.6844 0.8478
Pedestrian -1 -1 -1.9029 738.5602 159.2101 773.9698 231.8026 1.8122 0.7105 0.6296 3.9028 1.2570 18.2885 -1.7008 0.6931
Pedestrian -1 -1 2.2985 377.5190 151.1770 411.2398 216.0909 1.7931 0.5336 0.7801 -5.8786 0.9566 20.3064 2.0151 0.5564
Pedestrian -1 -1 -3.2657 699.5546 159.0705 717.7579 194.3076 1.7874 0.5140 0.8596 5.4685 0.6505 36.6985 -3.1237 0.5241
Pedestrian -1 -1 1.7304 553.8534 160.9911 568.3217 194.4668 1.8406 0.6915 0.7803 -2.2402 0.7138 39.9162 1.6698 0.2533
Pedestrian -1 -1 -0.7959 946.0374 167.0355 1006.3544 248.4953 1.6897 0.6586 0.9671 7.9740 1.3909 15.3659 -0.3294 0.2518
Pedestrian -1 -1 2.3436 0.0000 114.8047 254.0442 374.0000 1.6920 0.5562 1.4708 -2.6670 1.4052 3.8767 1.7650 0.1231
Pedestrian -1 -1 2.0201 293.0934 162.9187 436.5451 366.6247 1.6409 0.6070 1.6178 -2.1581 1.4926 6.6271 1.7104 0.1117
Cyclist -1 -1 1.8745 301.2909 160.4891 424.9942 372.1407 1.6945 0.5760 1.7508 -2.1735 1.5277 6.6263 1.5627 0.9220
Cyclist -1 -1 2.1284 0.0000 116.0356 244.6784 374.0000 1.7171 0.5457 1.8504 -2.6840 1.4512 3.8621 1.5451 0.8071
Cyclist -1 -1 -0.7959 946.0374 167.0355 1006.3544 248.4953 1.6897 0.6586 0.9671 7.9740 1.3909 15.3659 -0.3294 0.1171
Cyclist -1 -1 -3.2661 698.8422 158.4956 717.4784 193.9747 1.7992 0.5110 0.8817 5.4416 0.6335 36.6887 -3.1248 0.1090
Car -1 -1 1.7575 590.8625 165.2190 635.7062 196.8432 1.6270 1.6916 4.3532 0.7063 0.7902 39.2553 1.7704 0.6050
Car -1 -1 -1.6381 652.4412 148.4705 705.1722 203.8348 2.1661 1.8610 4.7694 3.1831 0.8749 30.5144 -1.5401 0.4314
Car -1 -1 2.3273 818.9474 155.4169 1013.7402 233.5563 1.5114 1.6081 3.9079 6.7279 1.0081 15.4139 2.7275 0.3607
Car -1 -1 1.2397 972.0486 158.2370 1067.6395 205.0900 1.5693 1.6600 4.3148 15.1650 0.7912 26.3293 1.7530 0.3592
Car -1 -1 -1.1085 1012.1837 159.8905 1238.0000 264.8088 1.5420 1.6298 3.8050 8.8765 1.2257 12.1743 -0.4939 0.2448
