Pedestrian -1 -1 2.5816 308.7765 160.3512 338.3729 205.2932 1.8806 0.5239 1.0564 -12.2515 1.3578 30.7708 2.2054 0.5929
Pedestrian -1 -1 -0.5991 9.2593 167.6989 58.1313 234.5646 1.7340 0.6787 0.7667 -15.3570 1.6006 19.1753 -1.2677 0.2735
Cyclist -1 -1 2.4647 306.1814 162.7548 343.2646 206.1739 1.8093 0.5445 1.4524 -12.2186 1.3888 30.8297 2.0900 0.2261
Car -1 -1 1.2010 271.9670 157.5866 349.6384 198.0033 1.7807 1.8391 4.6358 -14.2353 1.1084 34.0976 0.8081 0.7815
Car -1 -1 -1.9354 333.4371 165.1774 393.3354 198.0618 1.5640 1.6463 3.6719 -12.4662 1.1993 36.2529 -2.2646 0.7309
Car -1 -1 -2.1879 593.0681 163.1487 649.7690 188.0287 1.4999 1.6055 3.9135 0.6436 0.9152 45.5621 -2.1742 0.5250
Car -1 -1 0.8770 559.5190 158.0232 625.4687 186.5802 1.6082 1.6641 4.0955 -1.1156 0.7734 42.7188 0.8508 0.4991
Car -1 -1 1.1038 389.6284 162.0434 459.3736 194.7508 1.6098 1.6964 4.4775 -9.7978 1.0781 37.7531 0.8513 0.4896
Car -1 -1 1.3184 443.9122 167.3455 480.9718 190.6065 1.4907 1.5569 3.6690 -9.9271 1.1380 48.2269 1.1162 0.3909
Car -1 -1 -2.4519 631.7466 160.6162 690.9158 186.7048 1.6551 1.6186 3.7126 3.3302 0.8791 47.6379 -2.3827 0.3453
Car -1 -1 1.5653 517.3643 167.4224 544.7167 193.0433 1.4963 1.5916 3.9604 -4.8813 1.1795 44.1959 1.4557 0.2428
Car -1 -1 1.1296 762.7734 167.3795 805.2271 188.4757 1.5360 1.5956 3.9131 13.0924 1.1378 54.6118 1.3634 0.2357
