Pedestrian -1 -1 2.2589 184.8249 180.5302 222.1500 245.0608 1.6676 0.4751 0.7749 -10.7215 1.5476 18.9964 1.7508 0.2402
Pedestrian -1 -1 -0.9142 1039.9984 172.3991 1092.7007 257.0891 1.7297 0.6179 0.7305 9.5783 1.4690 15.0951 -0.3576 0.1979
Cyclist -1 -1 -0.8580 121.5048 175.0061 158.4834 212.9274 1.6860 0.4658 1.6205 -21.3547 1.2332 32.7919 -1.4317 0.2052
Cyclist -1 -1 2.6154 184.2287 181.0283 223.0648 244.9592 1.6505 0.4715 0.7617 -10.7238 1.5435 19.0022 2.1073 0.1248
Car -1 -1 -1.6039 589.2212 178.7348 643.4508 227.4318 1.4034 1.5606 3.4314 0.1617 1.2177 22.4480 -1.5972 0.8633
Car -1 -1 -1.6259 658.1622 171.3220 689.1705 197.1487 1.4723 1.6198 3.9105 3.8700 0.6814 42.9578 -1.5370 0.7031
Car -1 -1 -1.4769 590.6595 176.2870 634.6152 212.5316 1.4852 1.5793 3.7282 0.2321 1.1205 31.3880 -1.4700 0.5092
Car -1 -1 -1.5954 584.5700 173.1236 615.5158 202.3793 1.5505 1.6190 3.8662 -0.4993 0.9108 40.0569 -1.6082 0.4051
Car -1 -1 1.6393 500.1212 185.1601 549.8932 226.0827 1.4020 1.5593 4.0140 -3.0381 1.4012 26.6632 1.5265 0.2241
Car -1 -1 -1.4587 434.7383 166.1175 462.5918 187.4597 1.5329 1.6077 3.8438 -11.8473 0.1623 53.6221 -1.6753 0.2072
Car -1 -1 1.6413 642.6820 168.6077 663.6309 187.2308 1.6684 1.6605 3.9987 4.2189 0.1817 66.4891 1.7040 0.1743
