Pedestrian -1 -1 -2.9294 722.7338 174.8612 741.7816 210.0108 1.7892 0.7686 0.8293 6.2850 1.8947 37.2926 -2.7643 0.2669
Pedestrian -1 -1 1.5995 837.3510 168.2155 853.4169 218.6167 1.7669 0.5264 0.8496 8.3704 1.6046 25.7801 1.9095 0.2142
Pedestrian -1 -1 -2.0724 0.0000 143.2333 58.4618 294.4701 1.7220 0.5914 0.5953 -7.1402 1.3851 8.5997 -2.7502 0.1739
Pedestrian -1 -1 -1.4556 774.3679 147.4615 789.0870 186.7299 1.8024 0.5989 0.6283 7.9393 0.6373 33.5123 -1.2251 0.1147
Cyclist -1 -1 1.7306 716.5836 186.5198 734.3271 223.4538 1.6414 0.5826 1.5269 5.3267 2.2915 33.4839 1.8863 0.1249
Cyclist -1 -1 1.6470 839.3754 170.7248 857.9082 220.7120 1.7423 0.5486 1.1601 8.4912 1.6684 25.7871 1.9611 0.1188
Car -1 -1 -1.8609 729.8733 188.9771 894.5428 288.1637 1.4246 1.6136 4.5081 3.4494 1.7754 13.3923 -1.6152 0.9498
Car -1 -1 -1.6953 663.3587 168.7208 721.2201 222.6927 2.0819 1.7995 4.7684 3.3114 1.9228 30.2285 -1.5880 0.9022
Car -1 -1 -1.5295 665.1553 154.4266 693.2124 180.5716 1.5677 1.5994 3.8732 4.3457 0.4631 45.2887 -1.4346 0.2004
Car -1 -1 -1.5297 443.1881 160.2428 477.6960 191.7142 1.5457 1.5924 3.9586 -7.7641 0.9267 37.5170 -1.7326 0.1733
Car -1 -1 -1.9905 707.1772 173.8390 751.7484 204.5561 1.5740 1.3822 2.6446 6.3075 1.6289 38.5187 -1.8299 0.1532
Car -1 -1 -2.7967 454.2709 176.7643 516.7933 200.1732 1.5184 1.6023 3.8070 -8.3418 1.7866 48.2939 -2.9672 0.1413
