Car -1 -1 2.0742 98.0481 194.4985 365.4222 320.6056 1.4966 1.7740 4.5029 -5.7504 1.9152 11.6434 1.6239 0.9349
Car -1 -1 -1.8538 742.8271 179.2898 931.2247 298.3707 1.4901 1.6168 4.1072 3.2404 1.6098 11.3121 -1.5827 0.8961
Car -1 -1 1.9138 312.8752 190.0295 430.6126 261.5858 1.4667 1.5458 3.6890 -5.6976 1.9294 17.5525 1.6037 0.8679
Car -1 -1 1.8632 417.7257 185.4472 494.7169 230.9442 1.4606 1.6191 4.1816 -5.5857 1.9611 26.5048 1.6569 0.8078
Car -1 -1 1.4026 693.2208 180.4553 767.9313 235.4079 1.4281 1.5338 3.6263 3.3818 1.6697 21.0745 1.5588 0.8040
Car -1 -1 -1.7639 671.7603 177.9443 737.2272 223.1807 1.5271 1.6346 4.1278 3.3951 1.7325 26.9467 -1.6406 0.7454
Car -1 -1 -2.0667 852.4338 189.7139 1242.0000 375.0000 1.4939 1.6070 4.0908 3.3567 1.6769 5.7598 -1.5623 0.7044
Car -1 -1 -1.6958 654.6570 176.3936 696.9924 209.7887 1.5334 1.5954 3.7943 3.1424 1.7171 35.4617 -1.6087 0.6629
Car -1 -1 -2.1504 943.0640 112.5445 1202.9023 240.7067 2.0838 1.8324 4.8719 8.6321 1.1036 14.2016 -1.6137 0.6549
Car -1 -1 1.7829 493.0832 178.8739 536.2939 207.7446 1.5477 1.6389 4.1466 -5.4834 1.9138 41.7012 1.6525 0.4595
Car -1 -1 1.1298 0.0000 184.9851 96.8561 252.1386 1.5006 1.5779 3.6792 -14.9134 1.8319 18.1761 0.4498 0.3810
