Pedestrian -1 -1 0.5358 880.0469 114.7754 918.7486 186.4552 1.8311 0.6446 0.7137 7.5347 0.3478 18.9090 0.9098 0.3267
Pedestrian -1 -1 1.5469 797.4127 123.3637 819.4608 182.9202 1.8749 0.6588 0.8386 6.3273 0.3172 23.1969 1.8100 0.2330
Cyclist -1 -1 1.2829 777.6252 143.5673 851.2705 268.4159 1.8315 0.6031 1.8578 3.1648 1.4022 11.5185 1.5437 0.9377
Car -1 -1 -1.5394 587.2828 176.4757 612.8685 201.1967 1.5750 1.6015 3.9347 -0.6631 1.8289 48.5278 -1.5534 0.5280
Car -1 -1 2.0905 190.9266 186.4106 272.7549 224.8457 1.7606 1.7475 4.3760 -19.2236 2.4948 36.8378 1.6122 0.2708
Car -1 -1 1.4893 473.1107 180.4678 496.4012 199.3784 1.4930 1.6115 3.9827 -10.6062 2.1575 60.8088 1.3170 0.2080
Car -1 -1 1.7233 447.2079 184.7065 488.5946 215.4098 1.4445 1.5347 3.8630 -7.3505 2.0918 37.4187 1.5301 0.1650
Car -1 -1 1.7501 449.9797 179.5170 475.4381 196.6028 1.5234 1.6430 4.1212 -13.8692 2.1712 68.0283 1.5494 0.1467
Car -1 -1 1.6521 502.9952 180.5026 529.6486 203.8504 1.5367 1.5579 3.7338 -6.5683 2.0940 50.6358 1.5234 0.1339
Car -1 -1 2.2340 0.0000 213.7348 157.5331 375.0000 1.4582 1.6189 3.7105 -6.9886 2.0185 7.9957 1.5320 0.1309
