Pedestrian -1 -1 -2.6046 456.6700 169.1340 478.5015 209.5024 1.7693 0.4897 0.8138 -6.3533 1.6066 31.9890 -2.7995 0.1719
Pedestrian -1 -1 0.2268 903.6164 141.2805 997.9649 331.5089 1.7825 0.6755 0.7356 3.3730 1.4870 7.2494 0.6459 0.1345
Pedestrian -1 -1 1.3613 364.1470 156.9781 384.2664 204.2519 1.8460 0.6571 0.5537 -9.3831 1.2264 28.5769 1.0465 0.1268
Pedestrian -1 -1 -1.8310 404.9370 183.9589 425.0629 227.4398 1.7918 0.6836 0.6136 -8.2566 2.2666 30.3904 -2.0946 0.1193
Cyclist -1 -1 0.1234 724.9037 159.5984 763.0472 199.7865 1.6615 0.5432 1.5217 5.5889 1.1138 30.3146 0.3036 0.1478
Car -1 -1 1.8493 323.8870 180.1288 489.5661 297.6694 1.6722 1.6702 4.0485 -3.3600 1.8197 12.5563 1.5921 0.9442
Car -1 -1 -1.5543 517.7809 180.9675 545.8239 209.8462 1.6094 1.5966 3.5301 -4.6717 2.1147 43.0674 -1.6623 0.6174
Car -1 -1 3.1958 389.8344 176.1781 472.4714 208.6170 1.5908 1.6438 4.0067 -9.0926 1.7661 36.8019 2.9549 0.4318
Car -1 -1 1.4358 660.5257 91.0205 767.3112 177.4622 1.5045 1.5737 3.6955 1.8882 0.0806 14.4085 1.5637 0.1864
Car -1 -1 -1.6743 526.3818 179.1222 554.4803 201.9798 1.5174 1.5941 3.7168 -4.9750 1.9777 50.9621 -1.7715 0.1345
