Pedestrian -1 -1 1.8643 699.8381 156.5246 714.6099 193.5159 1.8279 0.5093 0.8632 5.2966 0.5947 35.9930 2.0045 0.1737
Pedestrian -1 -1 -0.1503 823.1573 109.6769 906.9018 281.8276 1.6982 0.4560 0.7385 2.6406 0.9911 7.3731 0.1772 0.1632
Pedestrian -1 -1 -0.3767 221.0194 157.2069 242.7734 197.8581 1.8336 0.6259 0.7039 -16.9212 0.7388 32.8687 -0.8537 0.1507
Car -1 -1 -0.1260 193.4228 183.0549 351.4220 237.7425 1.4727 1.6172 4.0703 -9.6986 1.5236 21.2020 -0.5556 0.8823
Car -1 -1 -1.4136 537.1717 173.3476 582.3137 206.6007 1.5528 1.6420 4.0285 -2.0152 1.1730 35.6241 -1.4747 0.8062
Car -1 -1 1.9694 329.3364 179.1422 388.6198 208.3601 1.4696 1.5825 3.9534 -12.8046 1.3518 38.1557 1.6426 0.4982
Car -1 -1 0.4460 428.7108 178.8415 516.7808 211.3639 1.4768 1.5872 3.7731 -6.0632 1.3570 33.8764 0.2652 0.2350
Car -1 -1 -1.4362 604.4011 167.3853 628.8467 186.3842 1.5808 1.6074 3.9599 1.3692 0.4069 61.8437 -1.4190 0.1794
Car -1 -1 -2.0527 870.3666 119.7405 992.5149 179.3082 1.7192 1.6857 4.3700 10.4213 -0.0764 23.1315 -1.6384 0.1357
Car -1 -1 -0.3022 153.2049 184.3179 226.2514 213.4348 1.7001 1.5672 3.5928 -25.2599 1.8813 44.1478 -0.8244 0.1255
Car -1 -1 -1.5255 0.0000 169.7162 33.1935 199.2132 1.5503 1.6072 3.9778 -32.5975 0.9318 39.8255 -2.2131 0.1251
