Pedestrian -1 -1 -1.1028 491.7552 189.2451 524.7898 229.0086 1.6179 0.7678 1.5383 -4.2120 1.7935 30.2700 -1.2404 0.2858
Cyclist -1 -1 -1.1608 493.0630 189.7751 524.0149 230.1386 1.6420 0.7217 1.5843 -4.2035 1.8407 30.2935 -1.2980 0.4846
Car -1 -1 -1.1200 46.2573 193.3238 363.3431 346.7273 1.4636 1.6423 4.5286 -4.8051 1.5961 9.3692 -1.5826 0.8901
Car -1 -1 -1.2620 247.7612 185.4737 355.2589 245.8291 1.4639 1.5868 3.7142 -8.1534 1.4727 19.3663 -1.6558 0.8889
Car -1 -1 -1.0633 128.5305 184.4162 266.1693 241.9882 1.4659 1.6043 4.0083 -11.4463 1.4467 20.3043 -1.5712 0.8041
Car -1 -1 1.6730 485.3677 183.0838 528.5245 218.3124 1.5713 1.6257 3.9918 -4.7528 1.4774 34.0834 1.5350 0.7707
Car -1 -1 -1.2908 328.3308 185.6052 405.8806 232.1292 1.5017 1.5842 3.7500 -8.3534 1.5175 25.1355 -1.6089 0.7578
Car -1 -1 -1.6072 571.6246 182.1460 602.0983 209.5496 1.4985 1.6034 3.6841 -1.2630 1.3318 41.1966 -1.6381 0.6450
Car -1 -1 2.2765 0.0000 199.9377 113.6164 347.6042 1.4378 1.6019 3.8477 -8.5550 1.6698 9.3243 1.5482 0.6162
Car -1 -1 1.7342 289.1001 177.8725 341.6764 212.5526 1.4532 1.5536 3.9267 -13.0580 1.1467 32.2047 1.3517 0.3719
Car -1 -1 1.9882 505.1731 180.7729 552.1453 206.5117 1.5541 1.5517 3.7820 -4.9731 1.2870 45.4375 1.8794 0.3698
Car -1 -1 2.2930 367.6852 179.2730 428.2066 203.0988 1.5000 1.5956 3.9815 -13.7952 1.1270 47.3942 2.0109 0.3541
Car -1 -1 1.3058 663.6117 181.6350 707.8704 209.3466 1.5752 1.6460 3.9171 4.5751 1.3728 42.9232 1.4108 0.2811
Car -1 -1 -1.1440 491.9143 189.2935 524.3632 229.8630 1.6460 0.7297 1.6656 -4.2125 1.8239 30.2461 -1.2818 0.1119
