Pedestrian -1 -1 0.4554 1067.0247 157.9195 1195.6777 331.5404 1.7972 0.6631 0.9765 5.7434 1.6430 8.0543 1.0568 0.9006
Pedestrian -1 -1 -0.8046 746.8003 173.1350 771.1880 217.7771 1.7472 0.6412 0.7045 5.8851 1.7589 28.7070 -0.6051 0.6840
Pedestrian -1 -1 -1.5257 675.9661 175.2972 684.9096 198.9786 1.7930 0.6461 0.8139 5.3618 1.9817 55.1670 -1.4298 0.4374
Pedestrian -1 -1 0.8745 880.8890 163.6890 917.5252 224.3198 1.7216 0.5902 0.8318 8.3531 1.4617 20.9736 1.2482 0.3080
Pedestrian -1 -1 -2.6289 729.4571 173.9737 743.1752 197.8239 1.8505 0.5626 0.8982 9.8708 1.9394 56.5289 -2.4573 0.1331
Cyclist -1 -1 -1.8432 681.9869 172.7387 701.0352 205.9405 1.8061 0.5845 1.8075 4.4935 1.8001 40.1853 -1.7332 0.4614
Cyclist -1 -1 0.9333 879.3564 165.2539 918.9789 227.3182 1.7551 0.6072 0.9683 8.3386 1.5405 20.9478 1.3068 0.1785
Cyclist -1 -1 1.0016 1061.1219 176.2241 1097.9144 217.2419 1.7597 0.6105 1.5602 20.6740 1.9125 31.8610 1.5724 0.1231
Car -1 -1 -2.1439 1057.5389 157.3831 1112.2971 183.9237 2.0142 1.6876 4.0003 37.2604 0.8405 56.7604 -1.5655 0.1481
Car -1 -1 1.9236 1128.8745 200.0930 1206.8932 236.6100 1.5095 1.6522 4.0452 26.4732 2.8705 34.2597 2.5765 0.1437
Car -1 -1 -1.8868 758.0414 164.3538 818.5643 200.1906 1.5847 1.6293 3.8317 8.2560 1.2092 33.8785 -1.6501 0.1426
