Pedestrian -1 -1 1.3090 35.4604 134.1136 74.3830 201.7533 1.8870 0.6891 0.8536 -15.9432 0.8066 20.6606 0.6580 0.4779
Pedestrian -1 -1 2.6770 470.7062 173.6659 526.4435 233.2747 1.7128 0.5861 1.5372 -3.3490 1.7381 21.4331 2.5232 0.1183
Cyclist -1 -1 1.6971 484.7349 174.0523 511.2005 235.6504 1.7504 0.5649 1.7230 -3.3546 1.7878 21.4037 1.5428 0.8685
Car -1 -1 -1.7291 628.3434 180.9372 682.6612 218.2415 1.3991 1.6117 4.1202 1.7836 1.7607 30.1120 -1.6711 0.9114
Car -1 -1 -0.4121 772.5365 184.9087 1002.7573 264.5020 1.4785 1.6183 4.0458 5.4652 1.7387 14.6154 -0.0618 0.8588
Car -1 -1 2.5853 825.5904 181.7830 1126.9720 290.6213 1.5934 1.6903 4.1473 5.8118 1.7530 11.8021 3.0321 0.8148
Car -1 -1 3.6709 0.0000 176.0594 292.3292 303.9759 1.6818 1.7144 3.9932 -7.0441 1.7330 10.4889 3.0909 0.8072
Car -1 -1 -0.7024 935.4974 185.2017 1242.0000 319.0877 1.4884 1.6325 3.8632 6.3932 1.6645 9.2365 -0.1126 0.7806
Car -1 -1 -0.3392 763.9081 174.6093 955.7039 242.2519 1.4993 1.6301 3.9202 5.6955 1.5429 16.8889 -0.0200 0.7699
Car -1 -1 -0.7557 1016.2661 189.8032 1242.0000 375.0000 1.5033 1.5901 3.6252 5.9530 1.6814 6.6791 -0.0503 0.7520
Car -1 -1 -2.7374 370.6039 180.4136 490.1457 222.8625 1.4981 1.6366 4.0218 -6.7247 1.7932 26.9964 -2.9798 0.6985
Car -1 -1 0.2271 340.8495 179.2201 464.1721 224.2827 1.4467 1.5484 3.7332 -6.9514 1.6688 24.2712 -0.0494 0.6346
Car -1 -1 0.4813 16.2014 155.4632 354.6702 279.2249 2.0601 1.8700 4.9797 -7.4775 1.7710 13.0207 -0.0316 0.4459
Car -1 -1 2.5016 0.0000 182.2893 107.4809 375.0000 1.4954 1.6201 4.0070 -5.7599 1.5862 4.8528 1.6582 0.4209
Car -1 -1 -1.4516 475.6056 172.2574 516.3076 203.1165 1.5781 1.6833 4.2168 -6.1455 1.5479 39.0329 -1.6072 0.3620
