Pedestrian -1 -1 0.4224 0.0000 182.9066 35.9556 287.1557 1.7516 0.6151 0.6357 -10.5865 1.9325 12.5747 -0.2671 0.2501
Car -1 -1 1.9127 210.9744 180.2407 379.0009 276.5574 1.6175 1.7272 4.2929 -6.1884 1.7902 14.6389 1.5187 0.9427
Car -1 -1 1.8454 341.2450 183.0760 438.2725 243.7743 1.5515 1.6512 4.1215 -6.3829 1.8818 21.2115 1.5560 0.8917
Car -1 -1 0.0038 1053.1941 147.1031 1242.0000 203.5115 1.4911 1.6496 4.3786 15.5122 0.8108 21.0299 0.6326 0.8305
Car -1 -1 -2.1716 846.8134 183.5267 1242.0000 375.0000 1.4824 1.6071 3.9487 2.8641 1.5754 4.2599 -1.6122 0.8109
Car -1 -1 2.2860 0.0000 208.2563 174.7708 375.0000 1.4879 1.6042 3.8413 -6.0286 1.9092 6.6536 1.5696 0.8038
Car -1 -1 1.6004 523.4171 177.3930 557.2092 210.1244 1.6836 1.7355 4.2045 -3.8355 1.9484 39.8647 1.5046 0.7706
Car -1 -1 1.7608 437.7460 184.4532 488.0835 219.6932 1.4206 1.5316 3.6416 -6.5235 1.9666 32.1141 1.5615 0.5298
Car -1 -1 -1.5892 634.3902 174.5237 656.8988 195.5009 1.4890 1.5862 3.9794 2.5868 1.6179 53.5452 -1.5416 0.4295
Car -1 -1 -1.3660 491.7075 180.9028 528.5322 205.5310 1.4819 1.5951 3.9431 -6.4552 2.0264 46.7564 -1.5028 0.3937
