Pedestrian -1 -1 -0.8783 177.2367 163.0998 262.7712 310.2184 1.6940 0.6887 0.5925 -4.6178 1.4835 8.6296 -1.3630 0.5969
Pedestrian -1 -1 -1.0754 314.2633 189.7414 398.2254 336.2239 1.6140 0.6206 0.8120 -2.9003 1.7171 8.4150 -1.4041 0.3875
Pedestrian -1 -1 -0.3743 164.6283 170.3124 265.9725 310.8632 1.7150 0.7046 0.9747 -5.0699 1.5798 9.3619 -0.8649 0.3232
Pedestrian -1 -1 1.6260 422.1118 170.6423 462.6706 277.4638 1.6813 0.6129 0.6186 -2.6148 1.5117 11.6593 1.4044 0.2402
Pedestrian -1 -1 2.7455 137.8864 110.6250 202.2467 245.1712 1.8351 0.6517 0.5800 -6.1829 0.8697 10.2217 2.2076 0.2137
Pedestrian -1 -1 -1.5556 392.9731 190.9263 448.2423 342.8285 1.6407 0.5902 1.1772 -2.1730 1.7617 8.4768 -1.8056 0.2010
Pedestrian -1 -1 -2.7767 550.3810 157.9706 563.3457 181.8074 1.8758 0.5966 0.8717 -3.5086 0.0247 56.9389 -2.8427 0.1841
Pedestrian -1 -1 -1.4035 719.9310 179.2048 747.9525 246.4552 1.7465 0.6433 0.6102 3.4855 1.6881 19.0474 -1.2304 0.1536
Pedestrian -1 -1 3.0030 515.1082 174.4204 561.2990 215.8128 1.6920 0.7497 1.8287 -2.6565 1.4036 29.9357 2.9101 0.1089
Cyclist -1 -1 2.9822 518.0416 175.3004 562.7383 216.5751 1.6877 0.7372 1.7593 -2.5654 1.4352 29.9438 2.8923 0.3499
Cyclist -1 -1 -1.5366 389.5247 188.8213 446.5319 336.5123 1.5769 0.6013 1.5049 -2.2028 1.6735 8.5457 -1.7878 0.2976
Cyclist -1 -1 2.4084 677.5049 161.8042 712.1783 194.8361 1.6562 0.7326 1.7169 4.7847 0.6695 36.8059 2.5318 0.2033
Cyclist -1 -1 -1.1529 316.9943 190.1701 400.5312 332.9823 1.5810 0.6565 0.8155 -2.8774 1.6895 8.4388 -1.4784 0.1638
Cyclist -1 -1 -0.8544 157.4239 168.1986 266.6995 315.4796 1.7460 0.7519 0.9855 -4.9382 1.5897 9.0774 -1.3465 0.1036
Car -1 -1 -2.0798 849.3184 103.9918 1238.0000 374.0000 1.8069 1.5655 3.8539 3.2352 1.4387 5.3551 -1.5635 0.7645
