Pedestrian -1 -1 -1.6148 1065.1179 145.8130 1079.7959 178.6723 1.8856 0.6853 0.6703 26.7942 0.3342 41.8631 -1.0486 0.1934
Pedestrian -1 -1 -1.9320 1212.6812 161.4532 1242.0000 213.6825 1.8182 0.6782 0.8197 21.9542 1.4217 25.6157 -1.2294 0.1877
Pedestrian -1 -1 2.6508 249.5212 96.3032 308.9991 195.4021 1.8788 0.6338 0.8702 -6.5619 0.4278 14.2147 2.2254 0.1433
Pedestrian -1 -1 -1.6378 1174.5216 130.1672 1235.7888 238.1609 1.7971 0.7490 0.9695 10.3305 1.0871 12.6161 -0.9632 0.1318
Cyclist -1 -1 -2.6283 1143.4961 128.2876 1197.5236 177.3554 1.8268 0.5021 1.5937 21.4465 0.1679 27.6910 -1.9742 0.1564
Cyclist -1 -1 -1.5526 384.6869 184.9856 404.8142 238.8880 1.6488 0.5928 1.8568 -7.0374 2.0604 23.4802 -1.8412 0.1273
Car -1 -1 -0.0832 665.5941 179.8544 751.7089 211.8411 1.4507 1.5878 3.8953 4.5564 1.7895 33.9957 0.0483 0.8538
Car -1 -1 1.5770 219.9519 177.2155 256.5521 209.1425 1.4903 1.5609 3.9183 -18.7411 1.7231 36.3517 1.1037 0.3095
Car -1 -1 1.4129 768.4533 176.7017 806.9836 204.8040 1.5497 1.5798 3.9422 10.3482 1.7868 42.3686 1.6504 0.1962
Car -1 -1 3.0529 645.3213 181.5839 699.2878 201.9709 1.5473 1.6390 4.0627 4.8059 2.2389 56.2988 3.1371 0.1844
Car -1 -1 1.6739 508.2187 182.0990 536.7695 205.8420 1.6754 1.7152 4.3531 -6.6304 2.4061 54.8084 1.5536 0.1535
Car -1 -1 0.5383 485.3566 184.6532 557.1826 211.7970 1.5015 1.6123 3.9602 -5.2982 2.2266 42.7820 0.4153 0.1282
