Pedestrian -1 -1 0.6283 923.2379 165.6421 981.9092 227.7794 1.7120 0.7603 1.3197 9.7371 1.5137 20.6389 1.0631 0.3343
Pedestrian -1 -1 -1.4965 443.8968 180.1020 456.1156 208.0841 1.7924 0.7314 0.5877 -10.3925 2.2657 46.7369 -1.7145 0.3048
Pedestrian -1 -1 -3.3257 1154.2622 135.5306 1208.2651 247.4100 1.7786 0.6455 0.5808 9.3455 1.1856 11.8874 -2.6716 0.3013
Cyclist -1 -1 0.8230 920.7418 165.4462 986.7353 228.8298 1.7307 0.7929 1.6369 9.7375 1.5288 20.5994 1.2585 0.3643
Car -1 -1 -2.0028 830.4746 153.2656 1242.0000 375.0000 1.8462 1.7775 4.7616 3.9595 1.6958 7.9422 -1.5562 0.9309
Car -1 -1 -1.8134 760.5999 185.7380 898.9655 281.2638 1.5411 1.6179 3.9695 4.0788 1.8307 14.1883 -1.5401 0.8836
Car -1 -1 1.7660 491.6913 186.1360 550.5509 227.6876 1.5396 1.6714 4.1421 -3.6824 2.1354 30.2193 1.6451 0.8710
Car -1 -1 -1.8452 724.9556 184.3036 816.1935 246.5281 1.5068 1.5396 3.4719 4.2774 1.8514 19.9093 -1.6375 0.8507
Car -1 -1 -1.6885 713.0119 182.9073 773.4559 232.3765 1.5219 1.5816 3.8962 4.4878 1.8983 24.9942 -1.5137 0.8077
Car -1 -1 2.3629 0.0000 194.0249 121.0748 375.0000 1.4927 1.6079 4.0783 -4.5602 1.6600 3.5929 1.4957 0.5861
Car -1 -1 1.7832 573.4680 181.8629 604.4347 203.2227 1.5810 1.6439 4.0634 -1.6586 2.3244 57.3611 1.7539 0.5113
Car -1 -1 -1.7239 695.3707 181.9422 747.4106 222.8443 1.5794 1.5965 3.8257 4.6189 1.9897 30.6285 -1.5763 0.4608
Car -1 -1 1.3515 656.5327 183.1452 709.0103 217.4563 1.5164 1.6551 4.2741 3.4633 2.0540 35.4426 1.4475 0.4151
Car -1 -1 1.7113 520.8561 184.8569 563.8224 219.3456 1.5647 1.6072 3.9336 -3.3686 2.1994 36.1284 1.6184 0.3079
