Car -1 -1 1.8794 279.2230 184.5943 431.1698 284.7231 1.5614 1.5765 3.8109 -4.6591 1.8146 13.6165 1.5549 0.9164
Car -1 -1 -1.9627 814.1884 182.1044 1101.7694 349.0993 1.5252 1.6479 3.7809 3.7603 1.6612 8.6897 -1.5677 0.9127
Car -1 -1 1.8098 377.6975 186.1753 480.8122 250.4920 1.4234 1.6334 4.3258 -4.6605 1.8150 19.0262 1.5721 0.9074
Car -1 -1 2.0810 0.0000 194.2458 329.2507 375.0000 1.5076 1.6323 3.9271 -4.7464 1.8047 8.0370 1.5613 0.9018
Car -1 -1 -1.8398 739.1337 181.4784 887.1162 272.9614 1.4404 1.6012 4.1475 3.6344 1.6312 13.8396 -1.5892 0.8777
Car -1 -1 1.7470 500.3708 177.0332 546.6652 214.6489 1.6991 1.6026 3.6748 -4.1631 1.9124 34.8877 1.6286 0.7403
Car -1 -1 -1.7455 714.6152 177.7723 805.0781 245.5828 1.5678 1.6226 3.9112 3.7610 1.7106 18.9342 -1.5533 0.6976
Car -1 -1 1.7285 518.8870 175.6930 559.7048 204.3802 1.4748 1.5995 4.1463 -3.8621 1.6395 39.6294 1.6316 0.6287
Car -1 -1 -2.4192 1039.1591 225.5743 1242.0000 375.0000 1.4665 1.6014 3.9373 3.8610 1.8475 3.2231 -1.5894 0.5930
Car -1 -1 -1.6789 701.9047 176.6615 761.1890 226.5491 1.5354 1.5570 3.6961 3.9845 1.6744 24.3774 -1.5195 0.5810
Car -1 -1 1.3924 686.3768 175.7691 742.9075 214.8547 1.4961 1.6009 4.0956 4.2314 1.6261 30.0041 1.5306 0.4808
Car -1 -1 -2.4575 1125.4589 133.4848 1242.0000 184.2830 1.6225 1.5079 2.9255 19.5164 0.3654 24.6364 -1.7932 0.3507
