Pedestrian -1 -1 -3.7819 1204.3339 150.4701 1242.0000 229.6049 1.7356 0.6747 0.5757 13.8354 1.2450 16.1756 -3.0835 0.3550
Cyclist -1 -1 1.9569 506.9322 183.6667 521.2769 205.1931 1.6759 0.5245 1.7483 -7.7255 2.5591 57.9998 1.8246 0.2748
Car -1 -1 -1.8370 728.6621 186.2774 921.2832 311.8050 1.5155 1.6443 4.6205 3.0750 1.7735 11.5256 -1.5839 0.9249
Car -1 -1 1.8174 388.7851 192.2611 502.0542 272.1622 1.4977 1.5952 3.8587 -3.6471 1.9924 16.4233 1.6014 0.9022
Car -1 -1 -1.7402 703.9285 185.2599 799.3492 262.0651 1.5427 1.5651 3.5419 3.1397 1.8633 16.8436 -1.5601 0.8729
Car -1 -1 2.0792 0.0000 211.3557 375.8638 375.0000 1.4158 1.6083 4.2926 -3.5927 1.8646 6.2519 1.5749 0.8587
Car -1 -1 1.8430 277.5714 198.9635 441.7086 315.6047 1.4514 1.5323 3.6280 -3.8852 1.9401 11.6476 1.5269 0.8576
Car -1 -1 -2.0114 816.1545 198.9034 1242.0000 375.0000 1.4112 1.6348 4.3771 2.7886 1.6767 5.1260 -1.5384 0.8257
Car -1 -1 1.3020 639.6675 183.5611 687.4857 216.4188 1.5990 1.5892 3.7360 2.7593 2.1987 38.3950 1.3725 0.7373
Car -1 -1 2.4990 555.1136 184.5084 596.4981 201.7056 1.5233 1.5853 3.6897 -3.2303 2.6528 68.1175 2.4513 0.4910
Car -1 -1 2.0877 621.1150 181.8173 658.6992 199.9536 1.5266 1.6256 3.9862 2.7048 2.3601 64.9478 2.1286 0.3993
Car -1 -1 -0.2359 765.1642 182.9018 866.5137 220.4835 1.5094 1.6077 3.8200 8.5464 1.9441 30.3147 0.0357 0.2966
Car -1 -1 -0.4041 956.6363 167.3061 1102.9551 216.1143 1.5420 1.6182 3.8474 13.7074 1.3671 23.8128 0.1125 0.2871
