Pedestrian -1 -1 -1.7502 677.7028 176.3686 699.4731 220.6176 1.8123 0.7902 0.6693 3.2183 1.9604 29.9692 -1.6450 0.1317
Pedestrian -1 -1 1.0597 962.4281 111.2634 1008.6091 190.5764 1.7972 0.5935 0.8815 8.6813 0.4019 16.7994 1.5298 0.1287
Pedestrian -1 -1 -2.3353 1062.8356 154.9726 1116.2285 244.3771 1.6605 0.5197 0.6827 9.0997 1.3287 13.7826 -1.7620 0.1089
Cyclist -1 -1 -1.9326 784.2036 158.6879 831.4247 227.6289 1.8283 0.5973 1.9751 5.4451 1.4530 20.1456 -1.6729 0.9307
Car -1 -1 -1.6211 586.9220 174.9476 654.6642 239.4343 1.6570 1.7065 4.4774 0.1632 1.7247 20.9583 -1.6143 0.8964
Car -1 -1 2.0733 189.1621 191.3244 254.4690 220.6004 1.4438 1.5554 3.7508 -21.3888 2.5125 39.8446 1.5831 0.2104
Car -1 -1 -1.5614 594.9540 173.6772 619.1337 196.7840 1.5340 1.6100 3.8441 -0.2186 1.5936 49.9613 -1.5662 0.1766
Car -1 -1 1.7197 648.1385 181.2615 677.3319 203.0999 1.4880 1.5653 3.9915 3.8757 2.1296 52.9102 1.7919 0.1251
Car -1 -1 -1.1119 202.4462 108.3146 482.2931 286.4266 2.3085 2.0178 5.6531 -4.0975 1.4724 12.2907 -1.4279 0.1101
Car -1 -1 1.2507 551.6703 181.6547 592.1888 206.1051 1.5166 1.5546 3.9074 -2.6255 2.1325 48.3673 1.1963 0.1039
