Pedestrian -1 -1 1.9028 304.2995 163.1955 379.3553 283.6053 1.8144 0.8074 1.0559 -4.1819 1.5553 11.1830 1.5559 0.7776
Pedestrian -1 -1 -0.4874 357.1359 167.4030 387.6086 221.9982 1.7398 0.6657 0.7152 -7.6041 1.3240 23.0157 -0.8006 0.3365
Pedestrian -1 -1 -1.4930 376.1373 166.4646 392.0502 207.2777 1.7578 0.5997 0.8271 -9.6760 1.1548 30.9167 -1.7916 0.3290
Pedestrian -1 -1 0.9373 846.2034 89.3381 969.2165 301.4299 1.8303 0.6393 0.9025 2.7508 1.0453 6.6137 1.3172 0.2267
Pedestrian -1 -1 1.1686 731.3038 118.0611 784.2840 238.7332 1.7506 0.5121 0.7829 2.2513 0.8464 10.6863 1.3727 0.1580
Pedestrian -1 -1 0.9726 927.8846 108.9857 1075.8799 370.0000 1.8028 0.6121 0.8015 2.8876 1.3118 5.3019 1.4489 0.1436
Pedestrian -1 -1 1.2284 715.0833 133.0712 766.9753 244.6344 1.8031 0.5874 0.8924 2.2328 1.0382 11.9096 1.4111 0.1369
Cyclist -1 -1 -1.2453 359.1622 168.2228 387.5425 222.4465 1.7320 0.6507 0.8093 -7.5559 1.3414 22.9887 -1.5570 0.1262
Cyclist -1 -1 1.8292 315.4954 160.3048 389.7492 280.4126 1.8202 0.8514 1.1308 -4.0519 1.5158 11.3061 1.4957 0.1004
Car -1 -1 -1.6737 534.4758 161.0686 584.1036 209.2087 1.8777 1.6844 3.8183 -1.9969 1.1213 29.5969 -1.7386 0.8220
Car -1 -1 -1.5059 530.1022 167.2462 569.2244 200.9884 1.5485 1.6386 3.9274 -2.6550 0.9417 34.4138 -1.5803 0.1750
Car -1 -1 -0.6666 961.1180 127.6214 1095.4160 175.6172 1.5823 1.6265 3.8252 14.6366 -0.1756 24.5801 -0.1332 0.1702
