Pedestrian -1 -1 -2.7097 387.0753 155.9843 404.9248 195.4427 1.8593 0.7183 0.5671 -10.2361 1.0647 34.3923 -2.9971 0.3584
Pedestrian -1 -1 2.5725 856.7983 187.2610 884.5784 232.6232 1.7031 0.5989 0.8075 9.9666 2.2645 27.7126 2.9135 0.3190
Pedestrian -1 -1 0.9289 993.6788 154.4534 1085.3302 260.9682 1.7479 0.5626 1.5249 7.4210 1.4463 12.6287 1.4494 0.1614
Pedestrian -1 -1 1.1723 117.1900 167.4524 149.2533 207.8748 1.7421 0.5573 1.7241 -21.0645 1.5097 31.8059 0.5910 0.1241
Cyclist -1 -1 0.9966 995.7256 156.9859 1087.7321 262.7784 1.7216 0.5653 1.6242 7.4169 1.4638 12.5651 1.5191 0.3323
Cyclist -1 -1 1.1723 117.1900 167.4524 149.2533 207.8748 1.7421 0.5573 1.7241 -21.0645 1.5097 31.8059 0.5910 0.3163
Cyclist -1 -1 2.5743 856.2822 189.0656 885.3702 234.4470 1.7028 0.6062 0.8604 9.9824 2.3353 27.7420 2.9154 0.1160
Car -1 -1 -1.8750 699.5135 182.5590 929.8577 334.3838 1.5427 1.6537 4.2323 2.3930 1.7038 9.7767 -1.6433 0.9357
Car -1 -1 2.0083 5.0149 201.8649 440.4047 375.0000 1.4191 1.5495 3.8217 -2.7589 1.7423 6.0944 1.5982 0.8834
Car -1 -1 0.3811 234.0609 193.4549 424.3512 258.3129 1.4783 1.6277 4.0705 -6.8861 2.0120 17.8301 0.0169 0.8549
Car -1 -1 3.5971 66.6704 193.1179 356.3072 289.2763 1.5504 1.6760 4.2441 -7.0080 1.9392 12.9217 3.1083 0.8427
Car -1 -1 -1.6649 629.8221 186.7390 663.4191 213.6638 1.4669 1.6361 4.0540 2.1282 2.3440 43.4966 -1.6169 0.7479
Car -1 -1 0.3031 387.6089 188.4887 502.8916 229.9663 1.5051 1.6265 4.0431 -6.3590 2.1309 27.8864 0.0804 0.6250
Car -1 -1 -2.6224 272.2525 189.3582 423.5219 246.5271 1.4715 1.5686 3.7131 -7.3742 1.9612 20.2962 -2.9673 0.5602
Car -1 -1 3.3111 415.8625 186.7098 507.5764 221.0543 1.5033 1.6053 3.9116 -6.7959 2.1567 33.1409 3.1098 0.4215
Car -1 -1 0.4406 416.4732 191.0964 514.6252 228.7326 1.4566 1.5740 3.7288 -6.0888 2.2541 30.3116 0.2434 0.3638
Car -1 -1 0.1264 436.4384 167.6008 529.5422 203.2760 1.9308 1.8020 4.9028 -7.0222 1.6468 40.0609 -0.0464 0.3406
