Car -1 -1 2.0397 0.0000 202.4283 378.0153 375.0000 1.4567 1.5977 3.8906 -3.5265 1.8016 6.4468 1.5554 0.9059
Car -1 -1 1.8262 304.0382 192.6421 469.9439 309.4986 1.5149 1.6198 4.0714 -3.5576 1.9036 12.1028 1.5453 0.9003
Car -1 -1 -1.7555 693.0443 179.7136 798.5908 252.8775 1.4859 1.6364 4.4218 3.0450 1.6718 17.2905 -1.5850 0.8920
Car -1 -1 1.7791 449.6469 184.0444 527.8612 241.7410 1.5711 1.6194 3.8548 -3.7030 1.9489 22.3685 1.6162 0.8851
Car -1 -1 -1.7988 722.7016 181.6249 901.3714 302.1841 1.4536 1.6037 4.2897 2.8070 1.6158 11.1636 -1.5598 0.8617
Car -1 -1 -2.0141 829.9679 184.5471 1242.0000 375.0000 1.4457 1.5340 3.6151 2.7852 1.5591 5.1403 -1.5424 0.8410
Car -1 -1 1.7581 403.6017 188.9133 494.3528 259.0637 1.4667 1.5242 3.5342 -3.8846 1.9005 17.6877 1.5442 0.8121
Car -1 -1 -1.7174 677.9847 179.1402 747.2522 232.7592 1.5185 1.5912 3.8534 3.1084 1.7346 22.8226 -1.5845 0.7709
Car -1 -1 -3.4155 871.7585 155.1842 986.2120 195.3445 1.6025 1.6395 4.0365 13.0796 0.8978 29.8716 -3.0066 0.5702
Car -1 -1 -1.7748 637.0239 177.9696 675.1482 203.9446 1.5010 1.5925 3.8258 2.7621 1.8310 44.4890 -1.7137 0.4576
Car -1 -1 -3.1080 723.5608 177.7750 801.7407 208.9067 1.5034 1.5944 3.7834 7.6748 1.7608 36.4511 -2.9027 0.4256
