Pedestrian -1 -1 -1.7262 707.3231 160.6812 729.7972 210.2190 1.8546 0.6751 1.1513 4.0995 1.3992 27.5894 -1.5807 0.4202
Pedestrian -1 -1 1.4749 431.6454 168.2607 475.3328 273.2819 1.7982 0.6171 1.7444 -2.9545 1.7199 13.2765 1.2592 0.1210
Pedestrian -1 -1 1.4562 387.0960 174.3552 430.1566 278.2598 1.7289 0.5527 1.6713 -3.6748 1.7579 12.9065 1.1834 0.1044
Cyclist -1 -1 1.6358 504.9357 174.3425 523.0281 223.0921 1.7669 0.5631 1.7490 -3.6382 1.8250 27.0952 1.5030 0.8534
Cyclist -1 -1 1.6300 428.1180 168.0073 466.7587 275.9089 1.8304 0.5783 1.8894 -3.0037 1.7485 13.2157 1.4099 0.8151
Cyclist -1 -1 1.7609 381.2794 174.6292 432.7957 281.6925 1.7634 0.5341 1.8851 -3.6400 1.7979 12.8747 1.4898 0.8090
Car -1 -1 2.2885 0.0000 200.5894 196.5799 375.0000 1.4999 1.6042 3.9065 -4.9252 1.7753 5.1866 1.5544 0.8260
Car -1 -1 1.7768 370.2178 182.0379 462.2284 244.8626 1.5823 1.7003 4.4459 -5.5683 1.8800 21.0935 1.5212 0.7678
Car -1 -1 1.8429 489.0105 179.8065 539.7944 209.3375 1.4966 1.6859 4.3017 -5.2477 1.9028 39.8708 1.7124 0.7280
Car -1 -1 -1.5908 640.5004 176.4342 670.1387 204.6176 1.5398 1.6276 3.9890 2.5598 1.7584 41.9589 -1.5308 0.4625
Car -1 -1 1.0045 0.0000 0.0000 1242.0000 375.0000 1.4894 1.5786 3.7509 2.3111 1.5429 1.4578 1.9249 0.2843
Car -1 -1 2.2974 0.0000 122.0213 103.2257 317.0954 1.7555 1.6920 4.0988 -8.3128 1.2984 8.5630 1.5424 0.2517
