Pedestrian -1 -1 -1.2318 370.5946 137.3692 399.0424 195.6430 1.9120 0.7332 0.6371 -7.5311 0.7481 24.0033 -1.5329 0.3115
Pedestrian -1 -1 -2.3945 1119.1611 202.9775 1242.0000 375.0000 1.7144 0.6572 0.5401 4.7655 1.9830 6.0968 -1.7558 0.2066
Pedestrian -1 -1 -1.6915 1002.0519 196.3463 1099.4468 375.0000 1.7188 0.6796 0.5867 3.9496 1.9472 6.5988 -1.1733 0.1781
Pedestrian -1 -1 0.9506 490.6599 198.7186 513.5833 244.3038 1.7744 0.6290 0.6912 -4.3907 2.8339 29.0794 0.8012 0.1698
Pedestrian -1 -1 0.7081 909.5364 177.9204 1001.4584 336.6855 1.6606 0.5278 0.7604 3.7764 1.7206 8.0296 1.1324 0.1674
Pedestrian -1 -1 -2.5924 372.1713 130.9625 418.2623 224.8142 1.8164 0.6060 0.6586 -4.3139 1.0060 14.3401 -2.8800 0.1469
Pedestrian -1 -1 -0.6697 858.6033 189.5594 885.3872 241.3966 1.7595 0.6802 0.5801 9.0924 2.3524 25.1720 -0.3278 0.1333
Cyclist -1 -1 -1.7601 1186.8291 180.9121 1242.0000 298.8047 1.6985 0.3902 1.6635 9.4469 1.8347 11.3309 -1.0787 0.6037
Cyclist -1 -1 -1.2229 487.2908 212.6005 525.0451 273.1172 1.7303 0.6428 1.6786 -3.2903 3.0290 22.6797 -1.3665 0.1810
Cyclist -1 -1 1.3138 1158.2607 179.4916 1221.0463 271.8839 1.6182 0.5185 1.5661 10.8201 1.7510 13.5745 1.9755 0.1609
