Pedestrian -1 -1 -1.5164 465.7227 176.6572 481.7273 214.0320 1.7542 0.7161 0.6007 -6.5096 1.9371 34.2779 -1.7032 0.3204
Car -1 -1 2.0178 51.0365 191.5912 369.6936 370.3960 1.5433 1.6587 3.9692 -4.3999 1.8199 8.6381 1.5583 0.9266
Car -1 -1 -1.7449 664.4475 182.1122 748.0786 241.3433 1.4538 1.6224 4.1009 2.5651 1.7434 20.4503 -1.6227 0.9192
Car -1 -1 -1.8741 767.6846 187.3133 1008.9888 351.0904 1.4496 1.5387 3.4294 2.9040 1.6532 8.4159 -1.5539 0.8990
Car -1 -1 1.7052 452.9878 182.5726 513.1710 227.5628 1.5032 1.6855 4.0757 -4.7185 1.8960 27.0655 1.5336 0.8664
Car -1 -1 1.6289 484.6109 178.5213 524.4501 218.8218 1.6818 1.5648 3.7249 -4.7484 1.9531 32.5718 1.4847 0.8225
Car -1 -1 -1.8029 725.1741 182.9531 862.5596 283.1827 1.4815 1.5246 3.4860 3.0349 1.6849 12.7608 -1.5757 0.8107
Car -1 -1 0.3310 231.5264 180.3365 375.6419 230.0661 1.4522 1.5750 3.7842 -9.4054 1.6927 22.2496 -0.0651 0.6083
Car -1 -1 -1.6673 659.8737 180.3672 712.9706 224.2479 1.4683 1.5756 3.7120 2.7095 1.7654 26.6360 -1.5678 0.5596
Car -1 -1 -1.6368 648.7426 180.4614 686.6462 214.6454 1.5369 1.5801 3.7842 2.7252 1.9283 35.1833 -1.5608 0.3363
