Pedestrian -1 -1 -1.2917 203.6530 201.5677 229.4368 251.6206 1.7718 0.6919 0.5798 -14.3842 2.8334 26.3071 -1.7883 0.3123
Pedestrian -1 -1 -2.1488 146.8257 200.4773 175.6727 248.9529 1.7206 0.6490 0.6554 -16.5448 2.7535 26.5341 -2.7022 0.2314
Car -1 -1 -1.8214 626.3521 179.9783 728.6509 251.0260 1.5082 1.6074 3.5897 1.4819 1.7012 17.6005 -1.7397 0.9194
Car -1 -1 2.5210 553.4327 176.0498 642.0317 215.9955 1.6997 1.6572 3.7632 -0.5691 1.8532 32.7722 2.5032 0.8451
Car -1 -1 2.3062 699.5492 172.5189 793.5785 211.4072 1.4635 1.5893 3.7724 5.4664 1.4512 28.9260 2.4906 0.8172
Car -1 -1 -0.9406 770.1039 170.3092 858.8026 208.1568 1.5771 1.6556 4.1667 9.0679 1.4714 32.0023 -0.6674 0.7402
Car -1 -1 -1.0040 841.8125 168.7604 909.1091 199.9374 1.4331 1.4963 3.3322 12.7753 1.2453 34.7729 -0.6550 0.6827
Car -1 -1 -1.1010 887.1306 161.5123 959.7839 197.3463 1.7650 1.7413 4.2578 16.3196 1.2067 37.5675 -0.6944 0.5847
Car -1 -1 0.5641 939.4594 195.4135 1242.0000 375.0000 1.4988 1.6072 3.9103 3.1038 1.6457 2.6131 1.3802 0.3284
Car -1 -1 -0.0470 1027.0942 157.2750 1142.8497 196.9978 1.5103 1.6050 3.8094 18.9730 0.9184 29.0822 0.5263 0.3064
Car -1 -1 1.6540 674.7859 168.4225 711.3102 199.5195 1.5252 1.5755 3.8232 4.3133 1.3082 37.4154 1.7675 0.2920
Car -1 -1 1.7700 985.7354 161.8198 1028.4697 187.8081 1.5086 1.5742 3.7501 24.1138 0.8684 43.8223 2.2701 0.2473
