Pedestrian -1 -1 -1.7288 197.6824 187.4103 217.3207 228.6733 1.7378 0.6341 0.7449 -17.4581 2.3778 31.2181 -2.2354 0.3622
Pedestrian -1 -1 1.4575 343.5170 180.5109 358.9397 224.7687 1.7042 0.4900 0.7488 -10.2236 2.0105 28.3787 1.1143 0.1975
Pedestrian -1 -1 -0.1644 859.1146 196.0451 923.9571 300.9901 1.8018 0.7021 0.9808 5.0091 2.2348 13.0184 0.1939 0.1354
Pedestrian -1 -1 -0.9348 447.4822 172.4751 462.3719 198.8956 1.7389 0.6684 0.7240 -10.3355 1.7143 47.9540 -1.1463 0.1314
Cyclist -1 -1 2.4195 13.7050 198.0514 49.4149 229.5371 1.8500 0.6120 1.7646 -35.9219 3.4468 44.7904 1.7462 0.1574
Cyclist -1 -1 0.3839 193.7607 186.7057 219.1670 227.8436 1.7426 0.6388 0.7748 -17.4693 2.3484 31.1715 -0.1235 0.1146
Car -1 -1 1.7870 408.6527 179.7397 464.1615 216.6169 1.5610 1.6641 4.0119 -7.9775 1.8986 33.3146 1.5533 0.8751
Car -1 -1 1.7052 485.5432 179.7389 512.8494 200.3023 1.5015 1.5830 3.9250 -8.5855 2.0549 55.9812 1.5533 0.3080
Car -1 -1 -1.0748 437.4155 172.0312 485.7810 194.6113 1.4868 1.5742 3.9336 -10.1796 1.4330 49.6171 -1.2764 0.1871
Car -1 -1 1.9295 281.3570 182.7924 347.1445 215.0044 1.4779 1.6307 4.4481 -14.9924 2.0152 36.7326 1.5442 0.1670
