Pedestrian -1 -1 1.3573 1015.1317 108.3430 1052.2153 183.6758 1.8513 0.6652 0.7065 10.6088 0.2663 18.1667 1.8791 0.4252
Car -1 -1 -1.7586 731.3983 169.8154 836.5656 248.1791 1.8133 1.7794 4.7693 4.3837 1.7433 19.1065 -1.5373 0.9326
Car -1 -1 1.8353 320.0076 187.9461 458.0760 279.6041 1.5258 1.6353 4.1372 -4.3781 1.8790 14.7790 1.5514 0.8951
Car -1 -1 2.0056 146.9097 196.4331 392.6539 339.9154 1.5093 1.5767 3.8449 -4.5247 1.9054 10.1665 1.5957 0.8814
Car -1 -1 2.1565 0.0000 190.2100 245.8215 375.0000 1.5841 1.5982 3.9361 -4.4605 1.7638 5.4282 1.4922 0.8692
Car -1 -1 1.7593 543.0845 180.3322 584.4224 209.1903 1.5306 1.6329 4.1156 -2.6403 1.9835 41.5205 1.6956 0.6266
Car -1 -1 -1.7788 702.3013 181.0561 756.1507 219.2085 1.5086 1.5688 3.5759 5.0395 1.8837 31.1370 -1.6205 0.5715
Car -1 -1 -1.7133 715.6598 183.6598 779.0522 231.9481 1.5004 1.5987 4.0660 4.7012 1.9121 25.4016 -1.5331 0.4962
Car -1 -1 -1.6943 697.2817 180.0916 740.1968 213.9795 1.5692 1.6314 4.0407 5.3752 1.9543 36.3165 -1.5492 0.3382
Car -1 -1 0.2532 484.2237 176.6478 541.6168 198.1228 1.5022 1.5919 3.8107 -6.9819 1.7805 51.8468 0.1197 0.2502
Car -1 -1 1.8068 599.7330 181.3807 625.7231 198.3540 1.5119 1.5709 4.0465 0.2734 2.3482 68.5831 1.8103 0.2127
