Pedestrian -1 -1 1.8998 122.4035 143.0229 153.0161 201.6787 1.9146 0.7054 0.5581 -15.6870 0.9412 23.9053 1.3241 0.3008
Cyclist -1 -1 1.8979 307.6218 174.3910 400.5717 322.8867 1.6939 0.5372 1.8448 -3.2482 1.7157 9.1707 1.5656 0.8737
Car -1 -1 -1.7294 638.3347 178.1741 717.4735 233.6418 1.4498 1.6446 4.3328 1.8622 1.6251 21.5043 -1.6450 0.9480
Car -1 -1 -0.6386 913.0374 163.0746 1242.0000 328.2815 1.6553 1.7012 4.1321 5.7932 1.5577 8.1566 -0.0387 0.8221
Car -1 -1 -2.7258 253.8313 184.2104 429.0009 245.5206 1.4425 1.5855 3.8359 -6.7544 1.7442 18.2290 -3.0764 0.7693
Car -1 -1 0.4847 313.9692 176.8467 446.4460 224.1592 1.4487 1.5760 3.7973 -7.4560 1.5847 23.3917 0.1789 0.7504
Car -1 -1 0.4365 172.9555 182.1843 377.8990 253.3381 1.4401 1.5551 3.7162 -7.1818 1.6527 15.6086 0.0113 0.7336
Car -1 -1 -0.8381 990.4247 184.6845 1242.0000 375.0000 1.4821 1.6067 3.8586 5.3389 1.5955 5.8512 -0.1240 0.6435
Car -1 -1 1.4334 616.8483 171.2034 658.1661 202.9515 1.5145 1.5672 3.7636 1.2977 1.4361 36.3695 1.4683 0.3975
Car -1 -1 1.6617 467.4388 171.6868 501.8175 199.6998 1.5004 1.5616 3.8691 -7.0487 1.4383 40.6352 1.4907 0.3578
Car -1 -1 -1.6653 618.6737 172.5968 653.0447 200.2658 1.5117 1.6038 3.8331 1.4042 1.4980 41.3813 -1.6321 0.3387
