Pedestrian -1 -1 -0.8993 691.8270 160.1610 808.7003 344.7950 1.7234 0.6579 1.0541 1.4708 1.5256 7.2960 -0.7133 0.8911
Pedestrian -1 -1 -1.7587 552.4653 167.9406 582.8171 233.4477 1.7533 0.6802 0.8481 -0.9657 1.3916 19.7170 -1.8124 0.8266
Pedestrian -1 -1 -2.5527 918.4385 138.7295 1026.7772 287.0995 1.7904 0.6844 1.0390 4.7329 1.2757 9.2870 -2.0981 0.7698
Pedestrian -1 -1 0.7030 1001.2264 139.0402 1097.7286 284.3074 1.8101 0.6872 0.8294 5.8324 1.2824 9.4522 1.2382 0.6950
Pedestrian -1 -1 -1.6582 601.1890 166.5140 624.7441 233.5607 1.7773 0.5585 0.8656 0.2749 1.3812 19.4924 -1.6496 0.6184
Pedestrian -1 -1 -1.7445 632.4631 167.1156 650.3142 211.0567 1.7264 0.5739 0.8117 1.5715 1.1622 28.6580 -1.6953 0.5815
Pedestrian -1 -1 -0.4398 578.9844 164.8748 618.2159 228.2206 1.7766 0.6134 0.9553 -0.1130 1.3115 20.6280 -0.4504 0.5544
Pedestrian -1 -1 -1.4253 579.0479 167.4357 598.3138 215.3517 1.8050 0.6013 1.0506 -0.5034 1.2762 27.6156 -1.4485 0.5519
Pedestrian -1 -1 1.2636 624.1039 168.0356 638.9187 203.7292 1.8454 0.5410 0.8430 1.5666 1.1501 37.6145 1.2999 0.4971
Pedestrian -1 -1 1.4966 467.3708 166.1231 495.9767 237.9030 1.8374 0.6697 0.9433 -3.1951 1.4450 18.9238 1.3262 0.4679
Pedestrian -1 -1 2.7852 752.8262 141.4329 797.9922 219.6195 1.8195 0.6199 0.8792 4.0941 0.8883 17.0785 3.0119 0.4529
Pedestrian -1 -1 -1.3959 335.0285 195.1770 384.2408 311.1472 1.7276 0.6300 0.5956 -3.7761 1.9472 11.1207 -1.7223 0.4446
Cyclist -1 -1 -1.0460 694.6282 158.6326 805.4520 347.0836 1.7475 0.6776 1.0454 1.4700 1.5368 7.2756 -0.8596 0.1481
Cyclist -1 -1 -1.4352 579.2397 167.4227 598.1988 215.1869 1.8022 0.6014 1.0388 -0.5026 1.2720 27.6502 -1.4583 0.1034
