Pedestrian -1 -1 1.6710 348.1456 169.0446 384.0970 245.3611 1.8195 0.7397 0.9915 -5.9094 1.5480 17.4164 1.3511 0.8508
Pedestrian -1 -1 1.9325 122.6288 146.7250 273.2633 370.0000 1.8263 0.6967 0.9637 -3.1416 1.5921 5.4563 1.4364 0.6955
Pedestrian -1 -1 1.4064 629.1902 149.2048 644.2383 183.7729 1.8899 0.7146 0.7690 1.7396 0.1803 39.0740 1.4525 0.6307
Pedestrian -1 -1 -1.6596 403.5223 168.0568 422.2496 216.4109 1.8111 0.6269 0.7450 -7.3487 1.3466 26.9354 -1.9212 0.3780
Pedestrian -1 -1 0.8076 433.0202 177.9381 453.4843 200.3258 1.6523 0.5615 1.5728 -12.0853 1.4645 52.8468 0.5857 0.1531
Cyclist -1 -1 1.7359 519.8919 169.6148 534.1959 200.5014 1.7672 0.5403 1.8064 -4.5592 1.1458 41.3670 1.6287 0.3809
Cyclist -1 -1 0.8063 432.8292 177.8075 453.1518 200.2200 1.6549 0.5594 1.5592 -12.1087 1.4573 52.8641 0.5841 0.2532
Cyclist -1 -1 1.3788 628.8069 149.6967 644.4827 184.4081 1.8955 0.7070 0.9020 1.7362 0.2148 39.1019 1.4248 0.1357
Cyclist -1 -1 2.1048 64.4002 155.0839 247.3215 370.0000 1.8277 0.7415 0.9816 -3.3352 1.6578 5.2611 1.5681 0.1322
Car -1 -1 -1.6070 592.7368 157.9381 645.2642 217.6347 1.9455 1.7020 4.1592 0.3933 1.2118 25.1333 -1.5897 0.7588
Car -1 -1 -2.1996 903.7898 190.1252 1054.1621 254.8624 1.4911 1.5782 3.8061 9.7652 1.7770 18.8785 -1.7277 0.4210
Car -1 -1 1.4429 571.1974 166.7607 625.1211 207.8455 1.6271 1.7370 4.5679 -0.3966 1.0845 30.3787 1.4318 0.3481
