Pedestrian -1 -1 -2.0555 703.9894 165.2272 733.6984 209.2469 1.7232 0.4998 1.5801 4.3301 1.4250 29.0712 -1.9096 0.1458
Pedestrian -1 -1 2.7869 222.4497 189.8884 254.3130 222.4868 1.7590 0.5831 1.4780 -20.8609 2.7318 40.4476 2.3131 0.1005
Cyclist -1 -1 -1.7709 708.2485 165.3315 729.1160 210.1509 1.7499 0.4856 1.7502 4.3224 1.4566 29.0558 -1.6252 0.8418
Cyclist -1 -1 2.0271 223.4395 189.9626 250.2705 222.9900 1.7645 0.5720 1.8630 -20.9389 2.7462 40.4517 1.5518 0.5323
Car -1 -1 1.9275 372.0623 186.5703 422.7181 214.1872 1.5935 1.7151 4.2550 -13.5100 2.5096 45.9842 1.6428 0.6846
Car -1 -1 2.0458 141.5938 198.6096 227.2373 235.9254 1.5033 1.6966 4.3500 -20.1651 2.8088 34.3425 1.5179 0.2602
Car -1 -1 1.6896 522.1702 185.0963 549.3350 206.8127 1.5450 1.6098 4.1529 -5.7266 2.5272 55.7752 1.5873 0.1279
Car -1 -1 2.0692 80.4325 202.1441 177.8656 244.2673 1.4637 1.5989 4.1130 -19.9787 2.7731 30.1283 1.4875 0.1184
Car -1 -1 2.0907 159.1106 189.9804 227.7575 217.8437 1.4252 1.6031 4.0546 -23.8541 2.4569 41.4223 1.5707 0.1082
Car -1 -1 2.0151 249.8362 191.0402 299.3252 213.7695 1.4474 1.5951 4.0526 -23.7784 2.7905 51.2355 1.5823 0.1079
Car -1 -1 1.4318 639.2238 179.1570 668.7158 201.8446 1.5207 1.5663 3.8912 3.0703 1.9883 51.4758 1.4906 0.1050
Car -1 -1 1.8976 218.7790 191.7477 267.4212 218.1392 1.5372 1.6452 3.9334 -23.8821 2.8233 47.0389 1.4298 0.1016
Car -1 -1 1.5002 322.3008 196.8771 350.6627 221.0808 1.5324 1.6381 3.9731 -19.8034 3.3386 52.0886 1.1382 0.1011
