Pedestrian -1 -1 -3.5788 1017.1796 172.6508 1042.2137 212.9414 1.7393 0.6371 0.7429 18.2735 1.7308 31.4930 -3.0575 0.2171
Pedestrian -1 -1 2.6371 951.5562 147.2556 1064.0988 243.6354 1.6974 0.6954 1.6578 7.1267 1.2469 13.0644 3.1267 0.1246
Cyclist -1 -1 2.5766 942.3648 132.7108 1058.8483 230.3873 1.7086 0.7333 1.7351 6.9937 1.0067 13.0557 3.0588 0.2844
Car -1 -1 1.8335 365.3203 182.2721 523.4857 285.0578 1.5162 1.7058 4.3481 -2.8633 1.7186 13.2630 1.6240 0.9249
Car -1 -1 1.1838 794.3997 182.3320 1232.3822 375.0000 1.5670 1.6851 4.1257 2.9319 1.6797 6.4704 1.5909 0.9224
Car -1 -1 -1.8063 713.4585 185.9341 854.9943 285.6029 1.5025 1.6074 3.8610 2.9807 1.7799 13.3327 -1.5922 0.8707
Car -1 -1 1.3925 679.9815 184.9430 775.4844 250.8943 1.4374 1.6492 4.3252 2.8636 1.7879 18.7108 1.5411 0.8484
Car -1 -1 1.7370 449.8094 178.4099 534.8188 242.5945 1.5256 1.6203 3.9353 -3.1077 1.6911 19.4644 1.5800 0.7817
Car -1 -1 1.4544 664.6772 180.4747 711.2466 216.1405 1.4702 1.6082 4.1367 3.4281 1.8380 32.7076 1.5572 0.6914
Car -1 -1 1.6676 515.5615 177.3941 561.9482 219.4914 1.5235 1.4851 3.3321 -2.7675 1.7114 28.1354 1.5698 0.6548
Car -1 -1 -1.6303 651.8407 176.4946 676.2806 198.0182 1.4981 1.5551 3.6691 3.8887 1.7736 52.6855 -1.5575 0.3956
Car -1 -1 1.4559 530.4577 176.4499 572.6638 209.6191 1.5026 1.5995 3.9663 -2.9451 1.6891 35.2411 1.3727 0.2639
