Pedestrian -1 -1 -2.9186 439.0901 170.3171 455.3803 200.0091 1.7663 0.4811 0.8659 -9.7678 1.6158 43.1617 -3.1401 0.3229
Pedestrian -1 -1 0.1322 833.5939 88.3221 958.7405 305.2238 1.8166 0.6438 0.9930 2.5504 1.1090 6.5572 0.4876 0.2514
Pedestrian -1 -1 2.8996 70.1477 171.5572 107.1204 230.0101 1.8037 0.6060 0.8266 -16.5001 1.7640 22.7729 2.2780 0.2469
Pedestrian -1 -1 0.1482 390.3057 175.1467 410.5449 213.8342 1.7169 0.5052 0.8060 -9.4351 1.8210 32.3576 -0.1338 0.1641
Pedestrian -1 -1 -0.9121 460.4252 169.2502 473.0012 194.4999 1.8435 0.5050 0.8328 -10.5829 1.5807 53.1623 -1.1079 0.1261
Pedestrian -1 -1 0.2975 294.9273 187.1985 322.8660 242.1406 1.6639 0.5144 0.6751 -9.3424 2.1131 22.2871 -0.0957 0.1013
Cyclist -1 -1 -2.8691 439.0183 170.1750 455.3489 200.1115 1.7800 0.4796 0.8557 -9.7710 1.6211 43.1611 -3.0908 0.1286
Car -1 -1 -1.6306 583.0082 174.2877 605.8878 193.5787 1.5125 1.6256 3.9927 -1.3246 1.6341 58.9322 -1.6534 0.3301
Car -1 -1 1.9039 74.9000 205.9071 163.0671 251.6819 1.5444 1.7144 4.2146 -20.2235 3.0160 29.8567 1.3124 0.1426
Car -1 -1 1.6669 774.8619 185.6337 805.3901 211.2708 1.5008 1.5521 3.8318 11.5749 2.3588 46.3582 1.9095 0.1206
Car -1 -1 1.7522 560.7651 170.9586 581.4353 187.7836 1.5949 1.4795 3.0429 -3.7706 1.4155 69.9957 1.6983 0.1145
