Pedestrian -1 -1 -3.2552 769.9012 165.5358 789.1437 199.3853 1.8019 0.5784 0.9447 9.0634 1.4127 38.7472 -3.0275 0.3566
Cyclist -1 -1 0.7888 914.2217 165.9695 1009.7035 251.4073 1.6956 0.6716 1.8925 7.3727 1.5593 15.3207 1.2292 0.3295
Cyclist -1 -1 -1.6241 708.3643 171.0925 716.6804 201.8572 1.6270 0.3549 1.6026 5.4968 1.5342 38.9700 -1.4855 0.2980
Car -1 -1 -1.7830 641.2126 179.1203 713.2230 229.8946 1.6414 1.7201 4.1642 2.2839 1.8868 26.0337 -1.6972 0.9381
Car -1 -1 -1.9191 761.2867 197.5608 1106.3191 375.0000 1.4237 1.6123 4.1849 2.7413 1.7474 7.3416 -1.5763 0.8956
Car -1 -1 1.6941 483.1884 184.3746 550.0155 238.8454 1.4702 1.5814 3.7020 -2.8228 1.8532 22.1094 1.5678 0.8509
Car -1 -1 3.5038 122.7574 180.9642 376.1191 274.8860 1.5824 1.6568 3.8448 -6.5334 1.7436 13.3165 3.0550 0.8301
Car -1 -1 0.5679 7.6952 188.5861 331.7141 298.6940 1.4863 1.6290 3.9259 -6.5272 1.7433 10.8787 0.0378 0.8092
Car -1 -1 0.7371 0.0000 191.6909 247.6727 371.5498 1.5225 1.5579 3.5827 -5.8417 1.7347 7.2039 0.0736 0.7227
Car -1 -1 3.2632 375.5080 182.1698 489.2103 221.7786 1.5051 1.6407 4.2649 -7.0933 1.8933 28.9780 3.0247 0.5777
Car -1 -1 3.7539 0.0000 220.3854 82.1578 375.0000 1.4626 1.6107 3.8936 -5.6716 1.8225 4.1112 2.8416 0.3703
Car -1 -1 1.4453 615.8771 179.0113 641.9774 198.4938 1.5152 1.6497 4.0597 1.5035 2.0417 59.5447 1.4699 0.3193
Car -1 -1 -1.5166 462.3399 184.0480 500.3935 218.9640 1.5309 1.6069 3.7650 -6.2018 2.1026 34.8591 -1.6919 0.3188
