Pedestrian -1 -1 -0.3846 723.4175 170.4086 745.9862 214.7564 1.6705 0.4911 0.7145 4.7064 1.5787 27.4926 -0.2174 0.2253
Pedestrian -1 -1 0.4057 699.5820 172.6262 738.0523 217.2969 1.6213 0.5547 1.2973 3.9901 1.6134 26.7611 0.5515 0.1498
Pedestrian -1 -1 -1.5501 0.0000 167.6485 42.6037 305.5555 1.7484 0.5967 1.5784 -8.2674 1.6828 9.9515 -2.2303 0.1181
Cyclist -1 -1 -1.4298 0.0000 170.3414 54.9546 307.3754 1.7323 0.5780 1.6996 -8.2363 1.7009 9.9970 -2.1060 0.2827
Cyclist -1 -1 0.8772 698.9867 172.3876 735.5494 217.5073 1.6307 0.5551 1.4302 3.9338 1.6142 26.8293 1.0206 0.1859
Car -1 -1 3.0566 283.5753 185.2458 433.1948 241.2412 1.5466 1.6864 4.2272 -7.8014 1.9576 22.2777 2.7229 0.8944
Car -1 -1 1.5741 486.8400 181.3543 530.1339 223.6570 1.5836 1.6642 4.2027 -4.2666 1.9643 30.0861 1.4338 0.8086
Car -1 -1 -1.6944 484.7276 176.6358 509.4334 196.2424 1.5421 1.5694 3.6624 -9.3597 1.8646 59.4852 -1.8501 0.2450
Car -1 -1 -2.0375 564.5432 161.2300 615.4774 189.7881 2.1788 1.9350 5.2046 -1.6903 1.2923 57.7943 -2.0669 0.1464
Car -1 -1 -1.4469 277.8566 170.4740 305.3860 190.5551 1.5983 1.5950 3.9866 -26.2673 1.4093 59.5658 -1.8608 0.1297
Car -1 -1 2.4213 0.0000 220.4610 112.3494 375.0000 1.6333 1.6511 3.9847 -6.9252 2.2069 6.6434 1.6352 0.1279
Car -1 -1 1.9835 525.7534 181.0888 560.4732 199.1316 1.4827 1.5584 4.0187 -5.8592 2.2313 63.4065 1.8913 0.1119
