Pedestrian -1 -1 -1.4425 323.5239 182.6129 339.1164 217.2502 1.8132 0.6958 0.6547 -14.8624 2.3383 38.3950 -1.8098 0.3203
Pedestrian -1 -1 1.5129 372.9886 171.8376 408.4707 261.5986 1.7376 0.6023 1.6824 -4.5838 1.7183 14.8582 1.2180 0.1049
Cyclist -1 -1 1.6223 371.5918 172.0649 405.6314 264.2997 1.7765 0.5749 1.7723 -4.5782 1.7617 14.8242 1.3271 0.8784
Car -1 -1 -1.9232 629.3915 175.6331 776.4705 267.8904 1.5453 1.6326 3.7244 1.6148 1.6081 14.2075 -1.8134 0.8893
Car -1 -1 -1.7963 539.0414 177.2072 596.2308 216.9843 1.4553 1.5394 3.3698 -1.7789 1.6394 28.6305 -1.8583 0.8435
Car -1 -1 -0.5724 1052.1862 193.0889 1242.0000 375.0000 1.4933 1.6384 3.9279 6.4613 1.7103 6.5595 0.1824 0.6727
Car -1 -1 -0.9385 644.6606 168.4195 702.2033 192.9272 1.4199 1.5622 3.7505 3.8468 1.1633 43.7252 -0.8517 0.6652
Car -1 -1 2.5414 481.8483 174.3297 550.1279 200.7776 1.5205 1.6123 3.8522 -5.6786 1.6138 43.5730 2.4122 0.6342
Car -1 -1 2.2995 588.9564 171.7381 657.5623 200.7180 1.5483 1.6425 3.9529 0.7527 1.4890 40.5548 2.3174 0.4964
Car -1 -1 -0.9757 697.7701 170.6478 747.1118 193.2770 1.4237 1.4875 3.4964 7.3481 1.2853 47.1792 -0.8225 0.4558
Car -1 -1 -1.4897 821.1042 168.4804 854.4686 194.4643 1.4993 1.6190 4.0548 13.8362 1.2473 43.8143 -1.1860 0.3537
