Pedestrian -1 -1 1.1683 731.9004 170.0172 796.9202 288.4888 1.7446 0.7659 0.6609 2.4352 1.5768 10.9736 1.3760 0.9127
Pedestrian -1 -1 1.9479 419.0705 176.3973 452.6004 240.7004 1.8275 0.6517 0.9497 -4.8450 1.6836 20.9295 1.7177 0.8736
Pedestrian -1 -1 2.6018 533.1212 176.3232 552.5468 208.0168 1.8652 0.5876 0.9931 -3.4887 1.5613 42.8016 2.5159 0.7864
Pedestrian -1 -1 2.2975 257.9595 176.4006 303.4704 267.2108 1.7184 0.5979 0.5420 -6.2588 1.6232 13.9391 1.8769 0.7701
Pedestrian -1 -1 -0.3037 1137.5819 126.3081 1238.0000 374.0000 1.7179 0.6282 0.6042 3.5541 1.4272 4.2003 0.3626 0.6552
Pedestrian -1 -1 -1.4802 520.9791 176.5492 536.5716 217.6941 1.8077 0.6130 0.9636 -3.2492 1.5911 32.0430 -1.5856 0.4967
Pedestrian -1 -1 1.9133 410.5887 177.5690 434.4570 232.2756 1.7123 0.4908 0.8338 -5.7289 1.5903 22.9190 1.6657 0.3962
Pedestrian -1 -1 1.1225 582.2914 175.6300 597.3846 207.4397 1.8556 0.5717 0.8595 -0.6854 1.5139 42.4129 1.1013 0.3800
Pedestrian -1 -1 1.4780 569.7484 176.1502 580.4066 207.6910 1.8309 0.5405 0.8843 -1.5487 1.5211 42.1693 1.4364 0.3357
Pedestrian -1 -1 -1.9020 372.2002 170.3073 398.2903 225.2170 1.7575 0.6250 0.6855 -7.0858 1.4004 23.4504 -2.1976 0.3206
Cyclist -1 -1 -0.4098 473.2446 179.3808 516.9772 215.3888 1.6380 0.8327 1.8395 -4.9681 1.5425 33.5164 -0.5610 0.7326
Cyclist -1 -1 0.7134 80.7719 196.2637 281.3854 374.0000 1.6454 0.6157 1.6540 -4.0330 1.7968 6.8389 0.1907 0.3676
Cyclist -1 -1 1.9133 410.5887 177.5690 434.4570 232.2756 1.7123 0.4908 0.8338 -5.7289 1.5903 22.9190 1.6657 0.1563
