Pedestrian -1 -1 1.7439 255.8772 128.5819 284.0638 195.0305 1.7797 0.5837 0.7031 -9.3427 0.5943 19.7382 1.3069 0.6066
Pedestrian -1 -1 -2.0170 133.9428 132.5121 167.1251 192.8594 1.8613 0.6694 0.6448 -14.5043 0.6174 22.7064 -2.5802 0.4781
Car -1 -1 0.5085 36.2372 178.1638 351.9719 274.5347 1.4174 1.6042 4.1148 -6.5125 1.5084 11.5063 0.0029 0.9043
Car -1 -1 -0.4290 808.2651 185.7833 998.3220 253.4743 1.4525 1.5859 3.7639 6.6586 1.7687 16.7222 -0.0570 0.8980
Car -1 -1 -3.6739 887.5997 182.0432 1242.0000 318.2027 1.5434 1.7027 4.4031 6.0220 1.6729 9.2190 -3.1108 0.8502
Car -1 -1 0.3842 308.2713 179.3617 478.1233 240.9883 1.4850 1.6030 3.8706 -5.5593 1.6618 18.5768 0.0968 0.8456
Car -1 -1 -0.2803 710.3216 179.1609 820.4338 222.7641 1.6565 1.6831 3.9643 6.0813 1.9162 28.6795 -0.0741 0.8430
Car -1 -1 -0.4145 783.7296 179.3715 944.9982 241.4889 1.5393 1.6332 3.6692 6.5966 1.7206 19.0536 -0.0867 0.7951
Car -1 -1 -1.5894 646.3395 179.6261 674.6766 206.2437 1.4832 1.6060 3.6903 2.9427 1.9052 43.0430 -1.5222 0.6515
Car -1 -1 -2.6903 178.9818 181.2377 425.1465 266.0148 1.5152 1.6532 4.0945 -5.9173 1.6895 14.0243 -3.0834 0.6485
Car -1 -1 0.4724 341.4962 180.4228 488.7659 235.7529 1.4940 1.6022 3.8273 -5.6768 1.7269 20.9873 0.2109 0.5956
Car -1 -1 3.3187 343.3271 172.1895 481.9991 221.7888 1.5477 1.6507 4.1302 -6.3806 1.5274 23.5115 3.0561 0.5717
Car -1 -1 0.8152 0.0000 183.3802 178.3379 373.5730 1.4848 1.6244 3.9867 -6.4974 1.5961 6.6693 0.0627 0.5666
Car -1 -1 0.1973 449.7602 177.6595 535.8052 209.0181 1.5558 1.6466 4.1090 -5.9989 1.8083 36.9687 0.0371 0.5428
Car -1 -1 3.1831 398.8075 178.3047 504.9551 219.0094 1.5118 1.6232 3.9475 -6.1708 1.7341 28.2381 2.9694 0.4290
Car -1 -1 3.9818 0.0000 184.0572 116.1355 375.0000 1.4813 1.6296 4.0047 -5.4132 1.5589 4.0424 3.0844 0.4157
