Pedestrian -1 -1 -1.4862 346.0002 184.6667 376.9102 257.3558 1.7891 0.6891 0.6258 -6.3347 2.0950 18.2699 -1.8162 0.2110
Pedestrian -1 -1 2.4389 831.0784 149.6845 901.3425 284.1952 1.8020 0.6341 0.6747 3.5192 1.4920 10.0825 2.7647 0.2022
Pedestrian -1 -1 -1.7577 834.5179 112.3169 861.1226 176.0383 1.8557 0.6249 0.7077 7.0003 0.0931 21.3997 -1.4454 0.1785
Pedestrian -1 -1 1.5401 435.0412 172.7836 452.5902 222.6742 1.8088 0.6053 0.8511 -6.1851 1.8066 26.6447 1.3137 0.1568
Pedestrian -1 -1 2.5469 189.5656 188.4690 251.0382 292.1102 1.6520 0.5296 0.7360 -6.5710 1.9236 12.0825 2.0575 0.1148
Car -1 -1 1.9760 124.7318 196.7305 425.9798 371.7559 1.5153 1.7007 4.3325 -3.7895 1.8864 9.0192 1.5877 0.9203
Car -1 -1 1.7654 460.3315 177.2759 534.3172 228.5163 1.5462 1.6818 4.1041 -3.7238 1.7077 24.2157 1.6138 0.8625
Car -1 -1 -1.6145 641.5212 174.8840 702.8041 230.6794 1.4749 1.5961 3.4299 1.6831 1.5390 20.9383 -1.5362 0.8449
Car -1 -1 -3.1722 665.5604 153.0309 730.0848 179.2428 1.5355 1.5809 3.7687 5.1929 0.3746 43.2175 -3.0536 0.1716
Car -1 -1 1.5052 595.3281 165.9017 614.7471 183.8053 1.6523 1.5854 3.9565 -0.5156 1.0110 68.6178 1.4975 0.1072
