Pedestrian -1 -1 -0.4072 270.0243 202.2943 315.3785 269.5742 1.7370 0.7231 0.9188 -8.4043 2.3191 19.4852 -0.8153 0.3293
Pedestrian -1 -1 -1.9098 1207.3710 118.4194 1238.0000 176.4491 1.8981 0.6880 0.5970 20.7463 -0.1703 23.9645 -1.2065 0.3035
Pedestrian -1 -1 0.4871 1167.6600 123.9103 1238.0000 286.7454 1.7701 0.6558 0.5677 6.9322 1.1454 8.1958 1.1683 0.2366
Pedestrian -1 -1 -0.0963 754.7556 132.9687 809.2590 254.8419 1.7614 0.5258 0.7317 2.6317 1.0613 10.6890 0.1342 0.1874
Cyclist -1 -1 -0.7728 264.8951 202.0370 312.8688 270.5540 1.7634 0.7096 0.9707 -8.4708 2.3364 19.4175 -1.1850 0.1419
Car -1 -1 -1.1182 494.1237 169.8275 564.9623 204.2987 1.5074 1.6307 4.2294 -3.2972 0.9979 33.6753 -1.2200 0.8509
Car -1 -1 2.1177 355.9774 169.1094 418.4999 196.7877 1.5207 1.6185 4.0343 -12.3343 0.8407 41.6198 1.8264 0.7083
Car -1 -1 0.3787 0.0000 183.2621 105.8283 235.8736 1.4752 1.5850 3.7720 -17.3634 1.5323 21.5387 -0.2990 0.6306
Car -1 -1 -0.9820 0.0000 198.7375 377.5381 374.0000 1.4849 1.6086 4.2075 -2.7015 1.6287 3.8271 -1.5726 0.6221
Car -1 -1 -1.4108 564.6903 168.8944 600.9541 194.4400 1.4639 1.5903 3.9550 -1.0701 0.7423 43.2268 -1.4403 0.4304
