Pedestrian -1 -1 -1.0584 818.4912 153.5991 840.7685 197.6337 1.7691 0.5177 0.8599 8.9311 0.9959 29.4699 -0.7672 0.1836
Cyclist -1 -1 -1.7340 729.5751 158.7353 741.3790 189.1361 1.7865 0.4101 1.7726 7.4873 0.9572 43.2856 -1.5642 0.2567
Car -1 -1 -2.0059 823.1050 179.9691 1175.1128 375.0000 1.5331 1.6037 3.6273 3.4738 1.6240 7.3580 -1.5813 0.9279
Car -1 -1 -1.8797 736.1157 177.6661 902.9777 279.6095 1.5290 1.6472 4.1166 3.5255 1.6308 13.1161 -1.6238 0.9184
Car -1 -1 1.8270 406.0513 173.9135 490.9825 228.7698 1.5427 1.6027 3.9722 -4.9414 1.5789 22.3834 1.6117 0.9012
Car -1 -1 1.8672 347.9600 179.1553 453.0571 250.4519 1.5419 1.5326 3.3468 -5.0361 1.7107 17.5893 1.5917 0.8875
Car -1 -1 -1.7666 715.7868 177.0261 807.2819 242.9752 1.4973 1.5638 3.6603 3.7091 1.6149 18.4419 -1.5720 0.7997
Car -1 -1 0.5039 1066.7444 206.1086 1242.0000 375.0000 1.4905 1.5914 3.8430 3.5159 1.6857 2.2208 1.4521 0.2736
Car -1 -1 1.7869 616.8928 172.5167 643.1821 189.6910 1.5298 1.5868 4.0716 1.8583 1.5001 66.4366 1.8144 0.2237
Car -1 -1 1.8594 491.6186 172.7307 526.9903 192.8749 1.4960 1.6153 4.0630 -7.7547 1.4872 55.7101 1.7214 0.1929
Car -1 -1 1.9871 399.0811 156.6125 456.9482 186.8312 1.5505 1.5625 3.9760 -9.8280 0.7175 39.1112 1.7423 0.1863
Car -1 -1 -2.8463 1162.5757 108.3750 1242.0000 194.0719 1.8701 1.7095 4.2371 16.6168 0.4634 18.0005 -2.1087 0.1802
