Pedestrian -1 -1 2.2310 273.1154 148.5410 295.0070 185.1741 1.8262 0.5758 0.9124 -16.0491 0.1840 36.3199 1.8129 0.2178
Pedestrian -1 -1 -0.1771 824.7049 114.5977 906.8575 287.8092 1.7158 0.4891 0.7112 2.6614 1.0544 7.4084 0.1514 0.1745
Pedestrian -1 -1 0.8097 183.0051 199.4103 245.9522 281.1321 1.7308 0.7187 1.0284 -8.6120 2.1418 15.9315 0.3153 0.1433
Cyclist -1 -1 2.0313 272.5590 148.7498 295.4997 184.0909 1.7597 0.5968 1.1954 -16.0716 0.1299 36.3755 1.6132 0.1618
Car -1 -1 -1.5171 530.1123 171.7327 565.1078 203.5224 1.5866 1.6426 4.1564 -2.7970 1.1000 37.9470 -1.5952 0.6734
Car -1 -1 -1.5756 590.2009 170.4585 616.7086 195.7002 1.5254 1.6022 4.0416 0.1107 0.8589 45.4336 -1.5782 0.5991
Car -1 -1 2.0983 326.2209 179.7044 393.0850 209.1680 1.4759 1.5883 3.9639 -12.7398 1.3868 38.0810 1.7724 0.5066
Car -1 -1 1.6745 564.5307 167.7412 589.0970 188.3784 1.6370 1.6416 3.8863 -1.9629 0.5461 58.9688 1.6365 0.2535
Car -1 -1 1.1765 158.2767 183.7442 226.9416 215.0661 1.4941 1.6113 3.9694 -20.7384 1.6144 36.3761 0.6564 0.2407
Car -1 -1 -1.5608 0.0000 169.0891 30.7979 198.3072 1.5348 1.5869 3.9141 -32.6161 0.8837 39.7522 -2.2495 0.1391
