Pedestrian -1 -1 -2.5857 165.3636 154.6794 204.2112 203.6955 1.8589 0.6908 1.0851 -16.3716 1.1700 27.7203 -3.1151 0.4008
Pedestrian -1 -1 -1.9830 847.1996 136.3631 867.5966 179.4367 1.8878 0.6833 0.5656 10.9054 0.2889 31.9309 -1.6567 0.3486
Cyclist -1 -1 -2.5826 163.3024 156.3970 202.0391 205.3794 1.8572 0.6852 1.0819 -16.4486 1.2336 27.7129 -3.1142 0.1837
Car -1 -1 -2.5771 2.2017 189.2982 348.2339 303.1671 1.5106 1.6602 4.1968 -6.3538 1.7768 10.7490 -3.1006 0.9121
Car -1 -1 1.4842 661.4440 177.5637 702.8832 209.6707 1.4884 1.6906 4.2172 3.5204 1.7387 36.1819 1.5799 0.8442
Car -1 -1 0.4904 103.2532 183.0568 365.9518 275.5126 1.5434 1.6468 3.9266 -6.7293 1.7414 13.1035 0.0237 0.7521
Car -1 -1 0.4095 303.1413 183.1833 468.0643 243.5241 1.4262 1.5434 3.6998 -5.6950 1.7033 18.3585 0.1122 0.6992
Car -1 -1 0.2992 346.5218 181.6618 495.2582 235.2383 1.4496 1.5905 3.8277 -5.3990 1.7134 20.6941 0.0466 0.6667
Car -1 -1 0.3734 373.8210 183.0083 511.1020 231.4364 1.4450 1.5975 3.9654 -5.3535 1.7851 23.0607 0.1472 0.6653
Car -1 -1 -2.2680 0.0000 209.7806 160.6306 375.0000 1.4938 1.6190 3.9610 -6.3328 1.8612 6.1711 -3.0448 0.5696
Car -1 -1 0.8065 889.7950 196.9575 1242.0000 375.0000 1.4641 1.5926 3.9938 2.6486 1.6234 2.7256 1.5242 0.5683
Car -1 -1 0.4450 400.5971 183.5665 515.7269 227.7593 1.4916 1.5955 3.7658 -5.5234 1.8985 26.1612 0.2384 0.5031
Car -1 -1 0.3107 432.3756 177.5708 537.2208 214.4001 1.4978 1.6164 4.0989 -5.3322 1.7060 30.7055 0.1397 0.4373
