Cyclist -1 -1 1.7686 330.4702 175.6107 393.9081 305.2664 1.8297 0.5820 1.7697 -3.8375 1.8761 11.1333 1.4431 0.8926
Cyclist -1 -1 1.8207 393.2865 176.3947 450.3849 281.9684 1.8148 0.5748 1.8849 -3.5113 1.8856 13.4069 1.5684 0.8728
Car -1 -1 -1.7618 574.8242 181.5961 632.6196 225.3646 1.5714 1.6288 3.5463 -0.3539 1.9409 28.5630 -1.7748 0.9020
Car -1 -1 -1.9212 723.5216 181.2991 923.7109 317.6060 1.4680 1.4687 3.2029 2.5895 1.6008 9.6396 -1.6677 0.8937
Car -1 -1 1.3166 638.4914 177.6557 749.7401 254.4075 1.5329 1.5868 3.8682 1.7587 1.6579 16.6938 1.4188 0.8295
Car -1 -1 -1.3609 216.7742 196.4732 367.3350 300.5475 1.3945 1.5818 3.9037 -5.4199 1.8772 12.6678 -1.7583 0.7954
Car -1 -1 1.7535 308.0350 192.5066 404.0173 264.3336 1.4894 1.5887 3.6664 -6.2381 2.0312 17.9455 1.4229 0.7780
Car -1 -1 -1.7071 551.0427 182.9363 588.3433 212.4361 1.4596 1.5455 3.3879 -2.2400 2.0267 38.7471 -1.7650 0.7715
Car -1 -1 -1.5205 407.8783 186.3320 447.6665 223.4952 1.5557 1.6063 4.0100 -8.5339 2.2283 33.8644 -1.7660 0.5622
Car -1 -1 -0.3367 670.6609 170.9482 773.4415 208.3318 1.4269 1.5485 3.7289 4.3772 1.3545 28.6459 -0.1871 0.4432
