Pedestrian -1 -1 -1.4947 395.4185 176.7937 422.0392 238.7730 1.8100 0.7158 0.6711 -6.0425 1.9301 21.5181 -1.7658 0.3266
Pedestrian -1 -1 1.6696 0.0000 213.4221 18.3306 349.1385 1.5210 0.3869 0.6341 -7.4576 2.0302 8.6765 0.9746 0.2464
Car -1 -1 -1.9080 738.0276 179.9614 963.7422 330.5089 1.5625 1.6190 3.5286 2.8377 1.6739 9.4633 -1.6265 0.9430
Car -1 -1 -1.3484 352.7939 194.2037 464.3086 274.3379 1.4375 1.5681 3.5629 -4.2996 1.9567 15.7190 -1.6120 0.9326
Car -1 -1 -1.3620 439.0954 182.2243 510.9437 233.4683 1.5696 1.6205 4.0655 -4.6037 1.9200 24.9026 -1.5436 0.9252
Car -1 -1 -1.7030 671.5341 181.9841 743.7473 240.5371 1.4271 1.5122 3.2398 2.5396 1.6975 19.7149 -1.5777 0.8727
Car -1 -1 1.6464 496.7897 181.0324 531.8523 214.1951 1.6540 1.5918 3.7752 -5.1433 2.1168 38.8654 1.5152 0.8659
Car -1 -1 -1.6317 643.7360 177.2190 682.1128 213.1047 1.6493 1.6428 3.7380 2.5154 1.8757 35.4912 -1.5621 0.7675
Car -1 -1 -1.3801 529.0059 183.2877 559.7865 204.9844 1.5185 1.5998 3.9349 -4.9413 2.3363 54.4922 -1.4705 0.2738
Car -1 -1 1.1730 710.8190 170.5615 777.3199 208.5094 1.5673 1.5289 3.7521 5.7913 1.4730 31.7954 1.3510 0.2582
