Car -1 -1 -1.7201 673.0320 173.8302 763.4236 251.6286 1.7750 1.6710 3.9957 2.6050 1.8031 18.5179 -1.5835 0.9361
Car -1 -1 -1.9498 758.0150 189.9390 1075.2812 375.0000 1.4806 1.6139 3.8148 2.7911 1.7084 7.6620 -1.6142 0.9329
Car -1 -1 -2.5920 26.1198 163.3062 350.3566 286.9294 1.7424 1.7326 4.0095 -6.3719 1.6081 11.1101 -3.1028 0.9174
Car -1 -1 -1.6938 657.6850 181.6628 721.1950 232.4368 1.5420 1.6431 4.0454 2.5819 1.8683 24.6568 -1.5915 0.8602
Car -1 -1 0.4251 232.2566 186.7658 427.2139 261.1863 1.5334 1.5958 3.7358 -6.2192 1.8621 16.1166 0.0617 0.7773
Car -1 -1 -1.7690 639.9584 178.3033 690.3716 218.7178 1.7502 1.6346 3.7064 2.4775 2.0198 33.7087 -1.6969 0.7527
Car -1 -1 3.4221 278.0598 182.2743 450.1463 244.2816 1.5014 1.6223 3.9080 -6.2921 1.7566 18.6301 3.1001 0.7122
Car -1 -1 1.0211 0.0000 208.6289 167.8724 375.0000 1.4466 1.6030 3.9321 -6.2832 1.8325 6.4728 0.2710 0.6281
Car -1 -1 0.2622 474.9138 180.8349 546.9942 207.7934 1.6168 1.6710 4.1643 -6.1825 2.1271 45.0065 0.1260 0.5106
Car -1 -1 -1.4475 630.3457 179.6910 660.8441 203.9673 1.4918 1.5549 3.7820 2.3470 1.9608 47.4576 -1.3989 0.4190
