Pedestrian -1 -1 2.0222 123.6729 184.9971 153.8894 223.7567 1.6605 0.5584 1.4242 -20.9994 2.2138 32.1140 1.4467 0.1325
Pedestrian -1 -1 -2.1455 687.9442 165.2737 711.2172 200.9828 1.7115 0.4167 1.4301 4.3375 1.3486 35.3143 -2.0247 0.1288
Cyclist -1 -1 -1.8819 689.8864 165.7515 708.3934 201.4174 1.7047 0.4047 1.6643 4.3181 1.3656 35.3402 -1.7617 0.4840
Cyclist -1 -1 2.0770 123.4030 186.2627 155.4158 224.2508 1.6251 0.5522 1.4628 -20.9874 2.2366 32.1402 1.5021 0.2850
Car -1 -1 2.1648 50.4776 193.5478 174.4686 247.3339 1.5804 1.6047 3.8056 -16.8233 2.3400 24.5674 1.5692 0.9313
Car -1 -1 2.3630 0.0000 203.7475 68.4534 258.3596 1.4635 1.6072 3.9883 -20.2661 2.5677 23.7203 1.6614 0.3376
Car -1 -1 1.8197 451.5624 181.1848 479.0241 198.3854 1.5012 1.5658 3.9853 -13.4130 2.2982 66.9678 1.6224 0.2036
Car -1 -1 2.0734 132.8210 193.7365 221.3130 230.2045 1.4705 1.6690 4.3095 -20.1703 2.5115 33.7711 1.5382 0.2035
Car -1 -1 1.9956 222.1791 185.2231 283.1315 215.6213 1.5467 1.5675 3.9215 -19.9168 2.2722 40.3107 1.5390 0.1419
Car -1 -1 2.2470 0.0000 191.5684 85.9255 234.1817 1.5038 1.5575 3.9481 -23.4491 2.3121 29.1726 1.5742 0.1300
Car -1 -1 2.1062 14.1921 198.7864 99.1300 234.2835 1.5915 1.6463 4.0837 -28.7262 3.0185 37.5701 1.4566 0.1192
