Pedestrian -1 -1 -2.7860 1026.5739 159.6075 1130.7440 247.0713 1.6701 0.5840 1.6703 9.4090 1.4175 14.6156 -2.2237 0.2145
Cyclist -1 -1 -2.7941 1026.5642 160.4322 1131.6254 246.3924 1.6415 0.6074 1.6788 9.4242 1.4046 14.6248 -2.2313 0.6270
Car -1 -1 -1.9180 758.9836 181.4314 909.8965 275.0964 1.5006 1.5552 3.5715 4.0385 1.6859 13.7270 -1.6387 0.9066
Car -1 -1 1.7848 444.1738 183.8086 519.3397 236.0252 1.5269 1.6390 3.9932 -4.2050 1.9221 23.9763 1.6123 0.9015
Car -1 -1 -1.9827 841.1459 191.7735 1183.5093 375.0000 1.5143 1.6293 4.0807 3.9409 1.7796 8.0409 -1.5427 0.9014
Car -1 -1 -1.7539 729.5228 180.1488 820.5582 246.6496 1.5167 1.5957 3.8428 4.1353 1.7271 18.8239 -1.5418 0.8968
Car -1 -1 -1.7005 709.4006 177.0223 774.5086 230.5846 1.6412 1.6498 3.8249 4.3218 1.7935 24.3552 -1.5278 0.7024
Car -1 -1 1.7500 491.4032 183.0494 544.4528 223.2186 1.5006 1.5527 3.5727 -3.7684 1.9465 29.7038 1.6243 0.6697
Car -1 -1 1.6777 559.0883 178.7716 587.2243 201.3769 1.5050 1.5924 3.7946 -2.5963 1.9394 50.9875 1.6266 0.5287
Car -1 -1 1.6962 510.4304 181.6634 553.8501 214.5495 1.4416 1.5887 4.0035 -3.7261 1.8906 34.7232 1.5895 0.4729
Car -1 -1 -1.6688 694.7731 177.2041 742.6289 217.0627 1.5085 1.5561 3.8380 4.3658 1.6996 29.6836 -1.5249 0.4044
Car -1 -1 1.1079 933.8697 173.5803 1000.1101 202.3789 1.4986 1.5979 4.0688 19.5096 1.5410 39.6894 1.5615 0.3321
Car -1 -1 0.5472 1139.2252 189.9168 1242.0000 375.0000 1.4878 1.6137 3.9181 3.8286 1.5868 2.1843 1.5423 0.2914
