Pedestrian -1 -1 0.0935 1208.7261 159.4041 1242.0000 214.2853 1.8019 0.6811 0.8217 20.6293 1.3606 24.2188 0.7928 0.6403
Car -1 -1 1.7562 484.4728 179.2630 544.1611 229.1715 1.7990 1.6276 4.0146 -3.7519 2.0715 28.5815 1.6262 0.9325
Car -1 -1 -1.8101 758.4550 183.8985 912.3043 285.5576 1.4966 1.6363 4.2360 3.8537 1.7324 13.2330 -1.5338 0.9276
Car -1 -1 -1.9741 836.3239 198.4659 1198.2130 375.0000 1.4241 1.6048 4.0010 3.6621 1.7621 7.4839 -1.5358 0.9217
Car -1 -1 1.8145 440.4171 183.2577 521.3802 242.3619 1.6887 1.6660 3.9474 -4.1174 2.0550 23.3532 1.6412 0.9170
Car -1 -1 1.7041 530.8749 182.7217 571.7480 215.2336 1.5651 1.6304 3.9929 -3.0728 2.1131 38.0042 1.6234 0.6355
Car -1 -1 -1.6577 693.6522 176.9205 729.2875 208.5249 1.7045 1.6673 4.0741 5.7536 1.9505 41.5203 -1.5215 0.5978
Car -1 -1 1.6999 513.9020 185.9034 557.8903 221.6162 1.5008 1.5694 3.7337 -3.4329 2.1428 33.5871 1.5982 0.4730
Car -1 -1 3.5723 169.4645 192.1129 295.7832 232.8847 1.4810 1.6044 4.0370 -14.5832 2.2513 27.9482 3.0949 0.3896
Car -1 -1 -1.4144 1132.1941 184.7181 1242.0000 285.6523 1.6070 1.6243 3.7105 11.3688 1.8641 13.7658 -0.7353 0.2466
