Pedestrian -1 -1 2.5108 865.8141 128.8965 904.1334 192.6977 1.8859 0.5044 0.9664 8.2208 0.5869 21.6989 2.8684 0.7230
Pedestrian -1 -1 -2.8154 849.8927 155.0152 899.2996 239.8803 1.7556 0.7145 0.8117 5.6194 1.3869 15.4556 -2.4734 0.2997
Pedestrian -1 -1 -1.9324 857.6536 146.6554 883.3271 196.7202 1.8238 0.7136 0.6242 9.5556 0.8698 26.6013 -1.5913 0.2189
Pedestrian -1 -1 1.2462 756.9506 122.7698 783.6354 181.5098 1.8397 0.5976 0.8220 5.0658 0.2715 23.0375 1.4600 0.1754
Pedestrian -1 -1 1.6768 949.5439 141.1188 997.6062 269.2115 1.7502 0.5504 0.7234 5.1475 1.3169 10.3083 2.1280 0.1694
Pedestrian -1 -1 1.3665 982.4940 184.1135 1023.5008 273.7679 1.6790 0.5949 0.5292 7.5283 1.9020 13.9310 1.8521 0.1502
Cyclist -1 -1 -2.0360 850.9613 155.6991 904.3064 240.7291 1.7571 0.7047 0.9669 5.6576 1.4030 15.4296 -1.6913 0.1124
Cyclist -1 -1 2.5982 862.1412 129.8804 903.0696 192.7566 1.8649 0.5296 1.0293 8.1688 0.5907 21.7542 2.9529 0.1071
Car -1 -1 2.0152 123.9914 184.2875 488.3115 375.0000 1.5254 1.6547 4.0548 -2.6540 1.6752 7.3236 1.6778 0.9077
Car -1 -1 -1.8057 768.0819 179.5955 994.4970 364.8849 1.6277 1.5618 3.1412 2.7293 1.7188 8.0811 -1.4925 0.8120
Car -1 -1 1.5928 640.9026 170.9482 664.9892 193.3377 1.5371 1.6360 4.0863 3.0781 1.4066 51.6355 1.6517 0.4310
