Pedestrian -1 -1 -0.8730 550.9948 93.1326 630.5933 233.4321 1.7035 0.6532 0.8162 -0.2947 0.7359 9.2805 -0.9045 0.1281
Pedestrian -1 -1 -2.8632 760.4915 184.7260 788.0444 244.8683 1.6962 0.5537 0.6537 4.7141 2.0471 20.9031 -2.6454 0.1130
Pedestrian -1 -1 -0.8843 47.8014 172.2064 80.9880 218.7901 1.7764 0.5865 0.9026 -21.1893 1.7521 27.9760 -1.5281 0.1087
Pedestrian -1 -1 1.1151 188.5529 185.7543 212.8613 218.3367 1.6283 0.5614 1.3320 -21.1116 2.3036 37.1447 0.6011 0.1013
Cyclist -1 -1 0.7695 183.8888 185.5546 217.8813 218.3229 1.6499 0.5668 1.5739 -21.1109 2.3129 37.1673 0.2558 0.1644
Cyclist -1 -1 2.2272 289.8381 179.4320 310.8755 203.9670 1.6634 0.5406 1.4988 -21.5349 2.1280 50.1327 1.8232 0.1059
Car -1 -1 -1.5816 601.0375 175.7944 628.9102 202.5321 1.5703 1.6553 4.2368 0.2495 1.7625 44.9629 -1.5766 0.7583
Car -1 -1 1.8717 337.2131 186.0090 390.4668 216.7627 1.4378 1.5621 3.7198 -12.6656 2.1510 37.2168 1.5454 0.7155
Car -1 -1 1.8299 0.0000 197.5829 13.9138 277.5793 1.4651 1.5917 3.9947 -15.3808 2.1103 16.6739 1.0928 0.1768
Car -1 -1 2.3978 305.9472 188.6893 382.9136 217.7126 1.5046 1.6458 4.2101 -15.4524 2.4784 42.1040 2.0477 0.1551
Car -1 -1 -2.5098 327.0922 170.4044 378.8819 189.9796 1.7769 1.6905 4.3726 -23.8544 1.5549 66.9312 -2.8512 0.1058
