Pedestrian -1 -1 -0.4197 837.3020 174.7177 878.9338 242.9670 1.7395 0.5439 0.8743 6.3822 1.7890 18.7170 -0.0967 0.3348
Pedestrian -1 -1 1.3884 455.3838 150.3285 468.1125 182.7505 1.8979 0.5901 0.8726 -8.8203 0.5797 42.7484 1.1860 0.2643
Car -1 -1 -1.8115 725.7776 188.5731 899.8188 305.6966 1.3912 1.5593 3.9817 2.8257 1.6767 11.0943 -1.5696 0.8841
Car -1 -1 -1.7146 686.8970 182.5412 765.1471 238.5625 1.3649 1.5600 4.1432 3.1159 1.6666 20.3699 -1.5658 0.8722
Car -1 -1 0.4801 89.5567 161.9406 403.8248 274.7960 1.7867 1.7695 4.5174 -6.1054 1.6143 12.3723 0.0297 0.8176
Car -1 -1 0.5545 340.2376 180.9353 491.3700 237.9084 1.4758 1.6038 3.8594 -5.5134 1.7193 20.3882 0.2931 0.8095
Car -1 -1 -1.7001 654.0911 174.7551 694.4381 205.9940 1.5843 1.6579 3.9025 3.3679 1.6922 38.8175 -1.6147 0.8031
Car -1 -1 1.6587 549.7092 176.2196 591.4697 209.0666 1.5002 1.6962 4.1084 -1.9166 1.6757 35.4601 1.6045 0.7950
Car -1 -1 0.3439 291.7700 181.9188 475.3021 246.9259 1.4861 1.6159 3.9692 -5.4954 1.7194 17.6402 0.0456 0.7145
Car -1 -1 3.4524 172.1333 175.6761 388.0622 253.1417 1.4701 1.5760 3.7057 -6.6458 1.5320 14.7420 3.0351 0.5780
Car -1 -1 3.3367 390.9643 178.2014 507.9659 222.3980 1.5634 1.6494 3.9648 -5.8916 1.7673 26.5976 3.1202 0.5461
Car -1 -1 3.9370 0.0000 232.6185 137.2556 375.0000 1.4836 1.6148 3.8666 -5.7327 1.9618 4.8760 3.0981 0.3665
