Pedestrian -1 -1 -3.2423 843.9350 178.8083 859.2086 210.0326 1.6353 0.4709 0.7215 12.7541 1.9535 38.2105 -2.9230 0.2631
Pedestrian -1 -1 0.3555 44.5737 189.5294 66.0986 223.7224 1.8050 0.5942 0.7596 -29.9106 2.7128 38.8674 -0.2973 0.2201
Pedestrian -1 -1 1.2261 8.6631 196.4497 50.9763 257.0409 1.5902 0.4753 1.3894 -16.0912 2.2615 19.9437 0.5536 0.1033
Cyclist -1 -1 -1.9409 6.8026 196.9752 49.0573 257.2144 1.5939 0.3957 1.5277 -16.2611 2.2844 20.0879 -2.6151 0.2913
Cyclist -1 -1 -2.9104 843.2715 178.6367 859.8862 210.2496 1.6504 0.4724 0.7471 12.7570 1.9602 38.2082 -2.5911 0.1182
Car -1 -1 2.1057 189.6252 188.1382 268.4045 222.4061 1.5081 1.6164 3.9999 -18.7370 2.3062 35.6126 1.6242 0.6684
Car -1 -1 2.5384 952.7523 178.0987 1011.2132 198.8202 1.5173 1.5854 3.6654 27.9849 1.9204 54.3744 3.0111 0.6265
Car -1 -1 -1.2909 367.0322 183.2034 447.6554 230.3143 1.4605 1.6373 4.1230 -7.0490 1.8541 25.3450 -1.5600 0.3380
Car -1 -1 2.2123 107.1564 191.4621 235.1811 240.3336 1.4353 1.6103 4.1392 -15.0515 2.1347 24.9602 1.6741 0.2337
Car -1 -1 1.5451 179.7187 196.0329 210.6830 224.2089 1.6421 1.6851 4.5106 -27.8335 3.2703 48.3048 1.0244 0.1900
Car -1 -1 -1.6256 1062.5164 141.3577 1112.1791 179.6749 1.6468 1.6528 4.1875 21.8728 0.2935 33.2348 -1.0475 0.1853
Car -1 -1 -2.2289 0.0000 191.3698 43.8265 250.3167 1.4646 1.5831 3.8732 -17.9408 2.0011 19.7632 -2.9594 0.1687
Car -1 -1 1.1987 1051.3254 179.0469 1092.1323 198.2609 1.5625 1.6183 3.9586 39.6748 2.1141 62.1235 1.7645 0.1651
