Car -1 -1 1.8450 380.3970 183.2142 490.1572 256.0497 1.6112 1.6856 4.0928 -4.4083 1.9090 18.6320 1.6151 0.9027
Car -1 -1 -2.0758 817.7363 186.6381 1137.4026 365.2134 1.5532 1.5965 3.7807 3.8913 1.7539 8.5301 -1.6620 0.9016
Car -1 -1 -1.8294 761.1672 181.5395 907.0389 278.0718 1.5078 1.5901 3.9455 3.9764 1.6960 13.6127 -1.5520 0.8832
Car -1 -1 1.7930 447.9958 182.0492 521.2321 231.9439 1.4960 1.6083 3.8930 -4.1806 1.8321 24.3507 1.6241 0.8308
Car -1 -1 -1.7704 720.9936 178.7811 810.7544 243.2410 1.5154 1.5871 3.6852 3.9732 1.6882 19.1426 -1.5697 0.8275
Car -1 -1 1.7430 479.7083 179.2246 536.8537 219.4627 1.4930 1.6005 4.3415 -4.1390 1.7747 29.6625 1.6050 0.7459
Car -1 -1 1.6322 543.9261 177.1447 573.0267 203.1069 1.5541 1.6049 3.9884 -3.2659 1.8391 45.8530 1.5611 0.6208
Car -1 -1 -1.7266 698.9570 179.4382 766.8419 228.2741 1.4701 1.6063 4.0919 4.0014 1.7111 24.3193 -1.5662 0.5268
Car -1 -1 0.6494 1076.1664 234.8749 1242.0000 375.0000 1.4861 1.6068 3.8769 3.9652 1.9100 2.9563 1.5312 0.4339
Car -1 -1 0.8429 965.5568 164.2831 1056.5629 197.0874 1.4782 1.5729 3.9478 19.0913 1.0924 34.6117 1.3432 0.3216
Car -1 -1 -1.6631 693.2383 176.6061 740.3989 215.5164 1.4677 1.5498 3.6917 4.2580 1.6310 29.4576 -1.5215 0.2663
Car -1 -1 1.6030 555.3361 176.6425 580.0024 200.0260 1.5367 1.5841 4.0126 -2.9339 1.8108 50.0983 1.5443 0.2561
Car -1 -1 -1.7241 686.6113 176.9166 728.4052 210.0914 1.5122 1.4954 3.3898 4.6455 1.7193 35.0169 -1.5938 0.2494
Car -1 -1 -2.3683 1134.5127 144.4501 1242.0000 212.5899 1.7072 1.6543 4.0802 17.0777 0.9959 20.1895 -1.6735 0.2434
