Pedestrian -1 -1 -3.2328 776.6961 136.1557 799.8557 199.7751 1.8239 0.6787 0.5930 5.1515 0.7722 21.0616 -2.9963 0.2820
Car -1 -1 -1.9528 742.8442 174.7204 1025.6915 354.3560 1.6963 1.6706 4.2318 2.9771 1.7257 9.0282 -1.6453 0.9388
Car -1 -1 -2.2733 706.0358 176.4913 780.9871 209.3166 1.4461 1.5588 3.5402 6.2179 1.6282 34.1323 -2.0952 0.8302
Car -1 -1 -1.7797 622.2962 175.4102 659.0410 200.2386 1.5215 1.6041 3.8309 1.9071 1.6943 46.6538 -1.7396 0.7518
Car -1 -1 0.3976 248.8641 181.1999 448.2014 255.3070 1.5059 1.6104 3.7697 -5.6720 1.6993 15.7763 0.0572 0.6384
Car -1 -1 3.6859 0.0000 173.2614 310.7315 278.0095 1.4396 1.5381 3.7102 -6.6628 1.4464 10.6923 3.1395 0.5637
Car -1 -1 -2.7628 262.9995 180.0383 429.3723 239.9803 1.4258 1.5361 3.6290 -6.6184 1.6155 18.1879 -3.1076 0.5523
Car -1 -1 -2.6308 113.7315 175.7920 364.0367 266.0008 1.5238 1.6104 3.7514 -6.6863 1.5813 13.1373 -3.0938 0.5414
Car -1 -1 -2.8304 343.4619 174.5076 464.6174 218.9115 1.5015 1.5925 3.7834 -7.2130 1.5619 25.3249 -3.1055 0.4502
Car -1 -1 -2.7902 470.5997 179.0950 529.5680 201.9520 1.5008 1.5712 3.6522 -7.4975 1.9360 49.1274 -2.9412 0.3836
Car -1 -1 0.1776 396.8015 156.8236 513.4621 204.1222 1.9031 1.7721 4.4968 -6.4006 1.2585 29.9845 -0.0312 0.3520
Car -1 -1 -1.6981 604.5054 174.8670 631.5008 195.2180 1.5117 1.6014 3.9440 0.5613 1.6742 56.0526 -1.6885 0.2946
Car -1 -1 -0.3560 690.7578 150.6012 763.5363 178.1130 1.5682 1.6445 3.8822 6.8146 0.3001 42.3116 -0.1975 0.2868
