Pedestrian -1 -1 0.6914 308.9095 156.5321 346.2890 210.8317 1.7881 0.6400 0.9876 -9.5207 1.2510 24.2174 0.3202 0.4040
Cyclist -1 -1 0.6914 308.9095 156.5321 346.2890 210.8317 1.7881 0.6400 0.9876 -9.5207 1.2510 24.2174 0.3202 0.1829
Car -1 -1 -1.6875 658.3474 173.9177 700.2450 208.3964 1.6673 1.6651 4.0484 3.4641 1.7253 37.0593 -1.5956 0.8820
Car -1 -1 -1.8663 743.8013 191.4497 976.8932 341.6382 1.4014 1.5643 3.9991 2.8283 1.6915 9.2328 -1.5793 0.8800
Car -1 -1 -1.7259 694.2197 182.4266 784.1248 246.8890 1.4148 1.5939 4.2154 3.1458 1.6897 18.5760 -1.5616 0.8641
Car -1 -1 0.5883 16.9412 160.7632 373.8579 290.5006 1.7021 1.7027 4.2992 -5.9204 1.5438 10.4943 0.0850 0.8570
Car -1 -1 0.3743 254.0895 180.9141 459.4086 253.7999 1.4808 1.6137 3.9098 -5.4757 1.6671 15.7466 0.0443 0.7833
Car -1 -1 0.5068 318.9319 181.5259 479.5224 243.7495 1.4665 1.5707 3.6516 -5.4145 1.7033 18.5026 0.2254 0.7680
Car -1 -1 1.6359 549.2734 178.2271 587.7187 213.4242 1.5139 1.5486 3.5579 -1.9115 1.7761 33.3628 1.5785 0.7317
Car -1 -1 3.5806 113.7914 172.6351 359.6473 258.1321 1.4414 1.5528 3.6160 -6.6303 1.4381 12.9836 3.1163 0.7217
Car -1 -1 3.3617 372.5790 176.5468 501.4658 228.4095 1.7044 1.6948 4.0176 -5.8903 1.8357 24.7056 3.1295 0.6773
Car -1 -1 0.5229 338.6669 178.2192 484.6230 228.6493 1.4461 1.6017 4.0894 -6.1392 1.6215 22.2553 0.2563 0.6445
Car -1 -1 0.0428 480.0261 177.9030 547.5434 205.9329 1.5174 1.5717 3.6735 -5.3740 1.8067 40.3454 -0.0892 0.5395
