Car -1 -1 1.8709 0.0000 211.7980 281.5704 375.0000 1.5213 1.6529 4.1946 -4.7882 2.0497 7.5436 1.3205 0.9123
Car -1 -1 -2.0183 682.3333 198.4154 996.2957 375.0000 1.4640 1.6139 4.1460 2.1692 1.8353 8.2750 -1.7724 0.8982
Car -1 -1 1.7266 233.7363 207.6311 350.9030 306.2542 1.4909 1.5380 3.4930 -6.1135 2.2623 14.1133 1.3239 0.8938
Car -1 -1 -1.8402 619.4137 201.6951 763.5883 306.7032 1.4186 1.5380 3.7208 1.2239 2.0090 12.7922 -1.7485 0.8702
Car -1 -1 -1.8075 555.1044 188.7739 653.0530 267.4779 1.6652 1.6208 3.5501 -0.2991 2.1043 17.9623 -1.8251 0.8323
Car -1 -1 -1.6789 519.3002 196.4159 567.6711 237.3430 1.4649 1.5924 3.9723 -2.8995 2.5253 30.3533 -1.7742 0.8267
Car -1 -1 1.6648 339.7204 187.9734 408.1646 255.0560 2.0196 1.8274 4.8080 -8.2381 2.6058 25.4113 1.3537 0.7777
Car -1 -1 -2.4290 874.8798 197.7729 1242.0000 375.0000 1.5006 1.6270 3.9750 2.9539 1.6867 3.2785 -1.7404 0.6763
Car -1 -1 -1.9355 493.6275 195.5399 543.4261 225.6620 1.5437 1.6131 3.8542 -5.4280 2.9359 42.1857 -2.0634 0.5176
Car -1 -1 -1.7006 498.8213 193.6762 531.5374 220.2027 1.5151 1.5964 3.8914 -6.1898 2.9197 46.5712 -1.8326 0.4533
Car -1 -1 1.5934 400.5271 198.7014 427.9620 226.8570 1.5774 1.6085 3.8012 -12.5276 3.3058 46.1991 1.3295 0.4428
Car -1 -1 2.2601 0.0000 202.3799 104.2998 375.0000 1.4329 1.5819 3.7525 -3.3992 1.6091 2.2844 1.3351 0.3295
