Pedestrian -1 -1 -0.1674 658.0596 174.3054 669.6907 196.3366 1.8015 0.4570 0.8890 4.4029 1.9216 59.3010 -0.0941 0.3115
Pedestrian -1 -1 -3.0626 1078.3892 146.4115 1148.3912 225.1438 1.7337 0.6662 1.2740 11.4880 1.1518 16.5447 -2.4642 0.2805
Cyclist -1 -1 -2.8170 1078.2017 146.0878 1152.0791 225.5835 1.7427 0.6611 1.2413 11.4948 1.1563 16.5090 -2.2174 0.2793
Car -1 -1 -1.9798 788.0459 187.1267 1094.6689 353.0067 1.4217 1.6047 4.2731 3.5049 1.6375 8.7210 -1.6105 0.9296
Car -1 -1 2.0984 0.0000 192.6181 344.4632 375.0000 1.5836 1.6550 3.9879 -4.7905 1.8721 8.5037 1.5980 0.9169
Car -1 -1 -1.8371 736.8380 181.4036 880.5656 277.8228 1.5354 1.5962 3.9407 3.5621 1.7231 13.8253 -1.5912 0.8873
Car -1 -1 1.9077 265.5229 190.4730 432.8591 288.3932 1.4822 1.6377 4.2766 -4.8062 1.8729 13.8356 1.5785 0.8703
Car -1 -1 -1.7447 715.3853 181.0459 803.4027 246.6961 1.5357 1.6073 3.9547 3.8404 1.7785 19.3641 -1.5527 0.8372
Car -1 -1 1.7824 472.4571 181.6030 529.3096 221.8586 1.5152 1.6039 3.5688 -4.4781 1.8990 29.7839 1.6339 0.8149
Car -1 -1 1.7353 499.1409 176.8271 545.0195 214.4191 1.6738 1.5808 3.7445 -4.1765 1.8743 34.4328 1.6149 0.8119
Car -1 -1 -1.7613 692.8013 179.8595 760.5839 231.0697 1.5852 1.5662 3.8907 3.8841 1.8459 24.8455 -1.6088 0.6395
Car -1 -1 -2.4094 992.8694 207.2079 1242.0000 375.0000 1.4265 1.6052 3.8888 3.7063 1.6865 3.4617 -1.6325 0.6335
Car -1 -1 -1.7457 689.5757 180.1530 742.9393 218.6216 1.4777 1.5726 3.7316 4.3566 1.8039 30.3229 -1.6050 0.3590
Car -1 -1 -1.2383 147.0387 191.1570 232.1929 237.9021 1.4928 1.5622 3.7260 -15.4049 2.2171 26.5631 -1.7598 0.3531
