Pedestrian -1 -1 1.3597 320.4800 148.4439 344.8183 200.8766 1.8393 0.6598 0.8064 -9.9751 0.9834 25.8263 0.9943 0.3163
Car -1 -1 -2.5394 877.9326 181.6790 1139.0227 281.6843 1.4025 1.5603 3.6927 6.6053 1.5798 12.4648 -2.0626 0.8920
Car -1 -1 -1.8051 655.6458 184.7032 722.4879 230.9655 1.4171 1.5114 3.4141 2.6004 1.8543 24.8085 -1.7027 0.8909
Car -1 -1 -2.8203 374.8680 188.8172 486.2041 230.9518 1.5117 1.6320 3.8101 -6.8525 2.1437 27.5806 -3.0622 0.7670
Car -1 -1 -1.7012 633.0667 181.4099 678.3318 217.3637 1.5666 1.6265 4.0832 2.0861 2.0012 34.5269 -1.6421 0.7596
Car -1 -1 -2.7489 292.4566 190.3155 456.2701 247.1413 1.5071 1.6436 4.1633 -6.7439 2.0331 20.7289 -3.0603 0.7034
Car -1 -1 -2.6816 173.9246 192.2991 392.3623 271.4970 1.5878 1.6720 4.0513 -7.1138 2.0400 15.8398 -3.0981 0.6498
Car -1 -1 -2.6378 106.1683 192.2773 356.1031 282.2014 1.5248 1.6237 3.8347 -7.0028 1.9117 13.4828 -3.1093 0.5783
Car -1 -1 0.2640 401.3670 184.6943 500.8982 219.4367 1.4956 1.6226 4.1097 -7.1668 2.0457 32.5881 0.0487 0.5563
Car -1 -1 0.1689 448.5673 190.2256 528.2597 219.9533 1.5013 1.6035 3.9463 -6.4279 2.4406 38.1872 0.0027 0.3997
Car -1 -1 0.8311 0.0000 205.3797 114.5110 375.0000 1.5073 1.6197 3.8183 -6.6725 1.8190 6.0576 0.0195 0.3977
Car -1 -1 -2.4991 0.0000 144.0543 309.3669 346.0161 2.1186 1.7627 4.1050 -6.0290 1.8168 8.5322 -3.1000 0.3905
