Pedestrian -1 -1 2.6548 858.7399 142.6392 971.5156 295.1866 1.8082 0.7399 1.0585 3.7843 1.3611 8.7926 3.0502 0.8541
Pedestrian -1 -1 -1.9503 835.0190 179.6172 871.4944 251.2145 1.7711 0.6922 0.5969 6.2070 1.7508 17.7998 -1.6189 0.2696
Pedestrian -1 -1 2.0088 600.3824 178.0272 644.4308 265.6150 1.7617 0.6687 0.7328 0.3261 1.7136 14.6934 2.0320 0.1809
Pedestrian -1 -1 0.6563 247.4593 168.6156 306.2334 252.6862 1.5951 0.4855 0.9379 -6.4226 1.3712 13.7531 0.2301 0.1495
Pedestrian -1 -1 -2.2420 402.2943 152.9004 448.1292 237.8837 1.7113 0.5210 0.8309 -3.7802 1.1572 14.6929 -2.4866 0.1487
Pedestrian -1 -1 1.5312 860.5389 143.8815 903.8170 250.7470 1.6756 0.6029 1.3635 4.5692 1.1031 11.8236 1.8929 0.1139
Cyclist -1 -1 1.2832 849.4739 141.9157 916.6403 250.2319 1.6849 0.5836 1.6456 4.5714 1.0864 11.8357 1.6448 0.2496
Cyclist -1 -1 3.5473 227.1680 164.1018 310.9547 250.2997 1.6464 0.5286 1.3806 -6.5771 1.3348 13.7837 3.1129 0.1037
Car -1 -1 2.1196 0.0000 189.6443 17.1238 248.5872 1.4556 1.5947 4.0481 -19.0478 1.7469 20.2601 1.3744 0.1065
Car -1 -1 0.6483 218.2124 213.2356 376.7044 274.3528 1.4558 1.5968 3.8036 -8.4392 2.4129 19.3966 0.2450 0.1044
