Pedestrian -1 -1 -1.6967 65.6698 110.2125 104.3748 190.3918 1.8119 0.6477 0.7073 -12.2628 0.3967 16.7818 -2.3202 0.5977
Pedestrian -1 -1 -3.5873 1064.1213 120.7220 1126.5372 226.2123 1.7880 0.6872 0.6695 8.4162 0.9048 12.6118 -3.0096 0.2852
Pedestrian -1 -1 0.5654 1151.6814 126.3361 1242.0000 267.0257 1.8347 0.6738 0.9206 8.1325 1.2284 9.9521 1.2359 0.2475
Car -1 -1 -1.8047 468.2301 170.0065 513.7897 202.4635 1.7213 1.6605 3.8548 -6.7376 1.5706 40.3613 -1.9694 0.8205
Car -1 -1 0.6192 0.0000 162.7740 230.3893 277.1790 1.4873 1.5649 3.5831 -7.6149 1.3567 10.1793 -0.0107 0.7372
Car -1 -1 3.1603 196.0051 170.0945 338.5315 222.9481 1.5116 1.6216 3.8226 -10.4707 1.4330 22.1509 2.7230 0.4758
Car -1 -1 3.4690 92.4906 159.4866 303.7452 242.6365 1.7554 1.6434 3.8389 -9.2338 1.4736 16.3808 2.9624 0.4158
Car -1 -1 3.8193 0.0000 163.4201 120.9780 328.1707 1.5347 1.6088 3.6070 -7.6361 1.4471 7.6775 3.0540 0.3901
Car -1 -1 3.1910 227.3775 171.4518 353.0963 217.2155 1.5167 1.6318 3.9269 -11.1794 1.4706 25.3697 2.7795 0.3442
Car -1 -1 0.6406 1206.2653 181.5604 1242.0000 216.1344 1.4507 1.5940 3.8008 30.0588 1.8774 33.3107 1.3699 0.3192
Car -1 -1 3.3328 144.2484 170.9340 325.8996 236.9453 1.6218 1.6508 4.0125 -9.7884 1.5749 19.0677 2.8639 0.2378
