Pedestrian -1 -1 2.9014 206.7594 170.0557 225.3746 195.3439 1.8785 0.5172 1.1369 -29.5998 1.6710 54.1686 2.4032 0.1211
Pedestrian -1 -1 0.0465 956.6046 133.7609 1021.7858 254.9241 1.7141 0.5157 0.8328 5.5363 1.1614 10.6341 0.5149 0.1082
Pedestrian -1 -1 -1.8635 744.6331 143.1783 763.4322 186.4534 1.8770 0.6544 0.6244 6.2717 0.5902 31.6367 -1.6697 0.1004
Cyclist -1 -1 1.5833 622.5070 173.8754 629.7648 195.1868 1.7473 0.5857 1.6894 1.3250 1.8340 60.0925 1.6048 0.1100
Car -1 -1 -1.6284 573.8894 179.1146 603.5308 205.8812 1.5670 1.6203 4.0337 -1.4084 1.9784 45.2916 -1.6599 0.5885
Car -1 -1 1.6645 439.2938 182.4191 479.4582 215.0204 1.4666 1.5740 4.0651 -7.4534 1.9696 35.8005 1.4603 0.1975
Car -1 -1 1.8488 481.0564 184.4048 519.9489 209.6739 1.4900 1.5275 3.6117 -6.9911 2.2595 46.1573 1.6988 0.1274
Car -1 -1 1.3946 217.4245 176.7337 248.4519 195.8750 1.5736 1.6611 4.2512 -32.6545 1.9213 62.3942 0.9140 0.1240
Car -1 -1 -0.6413 768.3988 165.1262 898.5804 215.3912 1.5063 1.5964 3.7655 7.0727 1.2751 23.0115 -0.3472 0.1222
Car -1 -1 -1.4968 649.5167 171.2419 672.4000 192.7251 1.8595 1.7332 4.3924 4.5851 1.7203 64.7473 -1.4268 0.1122
Car -1 -1 1.9440 408.2167 191.8875 454.7173 217.0262 1.4874 1.6474 4.0179 -11.8394 2.8085 47.9676 1.7028 0.1025
