Car -1 -1 -1.9211 747.1314 188.2225 973.4937 334.0540 1.4460 1.5465 3.4831 2.9110 1.6827 9.3106 -1.6284 0.8936
Car -1 -1 3.5020 124.8749 170.6752 381.7593 262.5822 1.6424 1.6761 4.1097 -6.7441 1.6038 13.8991 3.0573 0.8647
Car -1 -1 -3.4129 782.4105 186.3746 985.0953 257.5317 1.5108 1.6457 4.0757 6.1355 1.8416 16.6599 -3.0666 0.8322
Car -1 -1 -0.1912 776.1668 177.3929 941.1270 238.4755 1.5189 1.6225 3.8898 6.4311 1.6464 19.1480 0.1274 0.8229
Car -1 -1 0.5492 0.0000 160.1145 320.2437 301.7704 1.6061 1.6373 3.7219 -5.8669 1.4620 9.0231 -0.0143 0.8097
Car -1 -1 2.8457 709.6747 169.9883 834.9970 218.3554 1.7419 1.7344 4.2547 5.9763 1.6391 27.0199 3.0605 0.7368
Car -1 -1 -2.9056 409.1791 173.6435 506.6651 209.6680 1.5864 1.6532 4.0486 -6.8802 1.6235 32.6970 -3.1118 0.7060
Car -1 -1 -2.8282 311.7679 158.0815 461.4665 212.0673 1.6571 1.6991 4.2479 -7.0927 1.2040 23.0314 -3.1241 0.5530
Car -1 -1 0.7913 0.0000 189.5648 234.8956 375.0000 1.4888 1.5762 3.7290 -5.8801 1.6713 6.8866 0.1034 0.5012
Car -1 -1 3.1395 440.7478 165.1990 526.1257 200.8508 1.8010 1.7286 4.2921 -6.6250 1.4146 37.6712 2.9663 0.4174
Car -1 -1 3.3083 340.9049 177.0949 459.8827 221.4732 1.4885 1.6049 3.8070 -7.3412 1.6441 25.4023 3.0293 0.3280
