Pedestrian -1 -1 2.6988 262.8659 174.0323 288.7144 204.5321 1.7637 0.5844 1.2501 -19.6878 1.8345 42.4400 2.2665 0.1616
Pedestrian -1 -1 -1.2969 1090.0938 176.3011 1126.0310 242.3351 1.7401 0.6594 0.6246 13.4215 1.8359 19.5120 -0.7020 0.1139
Pedestrian -1 -1 -2.9087 1035.7635 173.0102 1075.5382 248.8569 1.7296 0.6500 0.6666 10.4018 1.7337 16.9187 -2.3659 0.1081
Pedestrian -1 -1 -1.9603 599.6541 70.1622 671.3530 213.1205 1.6958 0.6056 0.8844 0.2514 0.4780 9.0770 -1.9339 0.1020
Cyclist -1 -1 2.2167 135.8280 175.5073 177.1480 217.7651 1.8380 0.5993 1.8130 -20.3977 1.9610 32.4262 1.6587 0.7226
Cyclist -1 -1 2.4540 261.3073 174.7376 293.5404 204.8206 1.7294 0.5638 1.7683 -19.6144 1.8432 42.5106 2.0238 0.2266
Car -1 -1 2.0160 260.1624 184.7905 325.3219 217.4489 1.4913 1.5594 3.6573 -15.8549 2.1205 36.1549 1.6051 0.8032
Car -1 -1 1.8042 187.8302 179.0549 218.1696 196.8930 1.6275 1.6526 4.0390 -39.1789 2.2438 69.5043 1.2923 0.1576
Car -1 -1 1.9499 309.0171 172.5134 368.0176 207.7871 2.4405 2.0187 5.8376 -19.7987 2.4173 52.8590 1.5928 0.1510
Car -1 -1 1.4055 697.1010 180.6554 719.3588 197.5248 1.5466 1.5334 3.7229 9.4542 2.3218 69.7767 1.5392 0.1271
Car -1 -1 1.4020 842.9160 160.0486 908.5565 204.2957 1.4908 1.5864 3.8961 9.5734 1.0597 26.3641 1.7464 0.1145
