Pedestrian -1 -1 -2.2470 901.4130 127.8978 935.8995 189.7728 1.8497 0.6458 0.7387 9.3643 0.5061 22.0113 -1.8496 0.1924
Pedestrian -1 -1 -0.9679 1051.5542 148.5476 1099.5282 235.0149 1.6584 0.4851 0.7010 9.1083 1.1926 14.1978 -0.4072 0.1677
Pedestrian -1 -1 -2.1571 678.8229 165.3533 699.4996 195.8787 1.7304 0.4631 1.4422 4.5273 1.3056 41.6456 -2.0500 0.1494
Cyclist -1 -1 2.1368 274.3250 183.9550 299.5190 211.6188 1.7160 0.5760 1.8543 -20.8312 2.4463 46.4840 1.7173 0.4766
Cyclist -1 -1 -1.9446 679.7935 165.8590 698.2702 196.4698 1.7283 0.4495 1.7453 4.5165 1.3337 41.6376 -1.8377 0.4742
Cyclist -1 -1 2.1780 136.0966 201.0016 179.9561 243.1186 1.6858 0.6666 1.8408 -19.4742 2.9346 31.0648 1.6216 0.2319
Car -1 -1 1.9154 315.4849 186.8707 365.9912 213.6721 1.5134 1.6723 4.0414 -16.7151 2.4253 44.8920 1.5605 0.7151
Car -1 -1 2.0221 144.5294 197.9626 209.2305 230.7944 1.5594 1.5532 3.6627 -23.3940 2.9845 39.0507 1.4851 0.3018
Car -1 -1 1.3346 800.5146 175.5008 872.0223 224.9610 1.4040 1.3810 3.1405 6.8551 1.4919 22.2588 1.6290 0.2338
Car -1 -1 1.9963 281.0467 183.9787 325.2689 205.1466 1.4966 1.5756 4.0596 -23.4467 2.3800 55.2154 1.5961 0.2051
Car -1 -1 1.6718 513.8589 185.6792 542.7546 209.8943 1.4541 1.5099 3.7446 -5.3375 2.3269 47.1984 1.5593 0.1921
