Pedestrian -1 -1 -1.0733 101.5193 148.8070 136.0621 206.4739 1.8879 0.7279 0.6471 -16.3611 1.1010 23.9763 -1.6671 0.3812
Pedestrian -1 -1 -0.9683 1081.6671 149.7253 1242.0000 375.0000 1.7847 0.7227 0.5590 3.4284 1.6549 4.4941 -0.3488 0.3130
Pedestrian -1 -1 -2.7652 344.8685 182.0061 378.4199 236.8393 1.7243 0.4827 0.8986 -7.9708 2.0202 23.0365 -3.0953 0.3018
Pedestrian -1 -1 -1.1503 230.4576 188.8727 259.5364 244.8733 1.7624 0.6268 0.6439 -11.7931 2.2861 23.2330 -1.6158 0.3017
Pedestrian -1 -1 -2.7093 328.5691 171.2857 365.0229 242.5496 1.7357 0.6216 0.6491 -6.5754 1.6979 17.9082 -3.0569 0.1561
Cyclist -1 -1 -2.7444 344.0192 181.2616 377.0141 236.6759 1.7414 0.4908 0.8736 -8.0042 2.0133 23.0283 -3.0759 0.1047
Car -1 -1 2.0368 0.0000 195.9341 403.5294 375.0000 1.5205 1.7362 4.4832 -3.6468 1.8233 7.2005 1.5818 0.9319
Car -1 -1 1.8374 350.8524 177.8250 483.6466 273.0215 1.7373 1.6865 4.1080 -3.9906 1.8584 15.4493 1.5880 0.9174
Car -1 -1 1.7723 504.7415 177.8666 558.1543 213.8367 1.4899 1.6106 4.0846 -3.5147 1.7312 32.5801 1.6651 0.6488
Car -1 -1 1.3159 548.3739 170.0783 580.2778 189.8021 1.5521 1.6205 4.0786 -3.7939 1.3340 58.9673 1.2517 0.1619
Car -1 -1 1.7947 364.2865 170.2258 413.2549 201.8009 1.5009 1.5465 3.7718 -11.0820 1.3764 36.2323 1.4996 0.1434
