Pedestrian -1 -1 -1.5893 690.5035 172.2898 714.2712 229.4987 1.7626 0.7136 1.0780 3.1551 1.4800 22.7054 -1.4581 0.8210
Pedestrian -1 -1 1.6239 520.3463 169.5636 543.1565 230.0218 1.7886 0.6473 0.8347 -2.1249 1.4366 21.6817 1.5221 0.7742
Pedestrian -1 -1 -1.8305 662.4335 177.1013 687.8959 232.3603 1.6938 0.5996 0.8051 2.2726 1.5601 22.4625 -1.7361 0.5864
Pedestrian -1 -1 1.1605 592.1069 173.9274 608.3666 209.5452 1.8935 0.6789 0.6254 -0.0696 1.4918 38.6092 1.1536 0.5622
Pedestrian -1 -1 -1.8178 1017.4930 183.0366 1094.7529 318.4803 1.6691 0.6848 0.6859 5.8106 1.6912 9.2866 -1.2769 0.4452
Pedestrian -1 -1 0.9467 808.1511 181.1185 859.7787 273.9228 1.7835 0.6296 0.7888 4.5733 1.7774 14.2762 1.2458 0.2617
Pedestrian -1 -1 1.3485 791.1475 150.9441 810.7058 197.8952 1.8267 0.5294 1.0067 7.8789 0.6389 28.4591 1.6113 0.2571
Pedestrian -1 -1 -0.3176 1128.9988 104.3465 1235.5032 300.6584 1.7865 0.7203 0.5930 5.5571 1.0858 6.9716 0.3319 0.2319
Cyclist -1 -1 1.3053 602.4659 177.5416 618.2006 205.9158 1.7879 0.5386 1.8358 0.5711 1.5392 46.2158 1.3125 0.5660
Cyclist -1 -1 1.2952 981.0770 161.5363 1053.4604 273.1925 1.7416 0.5601 1.7856 6.9370 1.4315 12.1348 1.7999 0.4612
Cyclist -1 -1 -1.6356 690.6283 172.7136 715.6905 229.8084 1.7490 0.7009 1.0773 3.1589 1.4810 22.5634 -1.5034 0.1672
Cyclist -1 -1 1.3316 791.1572 150.6285 810.8567 197.6144 1.8303 0.5295 0.9708 7.8857 0.6287 28.4710 1.5945 0.1469
Car -1 -1 -1.4492 620.9664 178.6782 644.1873 196.4554 1.5521 1.6459 3.9558 2.8732 1.3061 64.7965 -1.4100 0.2392
Car -1 -1 -1.2518 485.5407 162.1800 539.5981 196.2016 1.7422 1.6821 4.2461 -4.7592 0.7537 39.0284 -1.3772 0.2381
