Pedestrian -1 -1 2.2824 384.9655 146.8176 460.7856 262.7015 1.8057 0.7392 0.9895 -3.0731 1.2085 11.8052 2.0331 0.2609
Pedestrian -1 -1 1.6589 726.4711 161.2465 748.8549 216.9603 1.8213 0.6868 0.5585 4.2731 1.0389 23.8548 1.8338 0.2519
Cyclist -1 -1 1.6943 675.7018 176.2066 691.5304 211.1474 1.7816 0.6083 1.8211 3.9475 1.3234 37.6065 1.7976 0.2456
Cyclist -1 -1 1.0807 983.1973 119.8236 1129.9010 295.5554 1.6549 0.5287 1.7400 4.6319 1.0402 7.6455 1.6092 0.2265
Car -1 -1 -1.1383 161.7989 184.1049 327.3134 264.9693 1.5534 1.6609 4.0734 -7.8252 1.5332 15.8577 -1.5903 0.8903
Car -1 -1 -1.5622 581.8275 177.6249 617.2761 211.3611 1.5539 1.6328 3.4552 -0.4183 1.2054 34.8369 -1.5745 0.7765
Car -1 -1 -1.4583 317.7715 184.5864 386.5902 239.4873 1.5566 1.5944 3.7187 -7.9009 1.5399 22.3677 -1.7944 0.5241
Car -1 -1 -1.4431 485.8725 160.2529 544.2458 214.8890 2.0732 1.7908 4.7337 -3.7636 1.1271 29.6424 -1.5686 0.4271
Car -1 -1 -0.9106 0.0000 103.3025 209.0888 353.7079 2.2925 1.8962 5.0813 -7.4514 1.5437 9.1275 -1.5810 0.1974
Car -1 -1 2.0874 130.6599 183.6777 265.7165 240.1258 1.4378 1.5567 3.9087 -11.4107 1.3997 20.2675 1.5801 0.1918
