Pedestrian -1 -1 -1.4032 307.8556 164.8555 347.7192 243.6652 1.7770 0.7135 1.0096 -6.4050 1.4029 16.7591 -1.7684 0.8713
Pedestrian -1 -1 -2.7058 678.5562 162.9287 738.5637 255.9655 1.6660 0.6770 0.9085 1.9588 1.3348 13.3916 -2.5688 0.8334
Pedestrian -1 -1 -2.7072 840.4783 159.9992 944.3488 313.6081 1.5901 0.5913 0.9066 3.1705 1.3689 7.9641 -2.3452 0.8298
Pedestrian -1 -1 -2.3017 636.0518 162.2514 690.8679 249.0240 1.7310 0.6911 0.9229 1.2431 1.3483 14.9041 -2.2253 0.8089
Pedestrian -1 -1 -3.0858 737.6728 156.7022 836.3345 329.5016 1.6141 0.7630 0.9097 1.8167 1.3839 7.2026 -2.8531 0.7964
Pedestrian -1 -1 -1.6918 566.5361 162.7014 601.5350 251.3313 1.7527 0.5921 1.0072 -0.4065 1.3822 14.7455 -1.7244 0.7518
Pedestrian -1 -1 1.8255 1148.7701 131.6385 1238.0000 303.4832 1.6902 0.5654 0.8110 6.1709 1.2012 7.5335 2.4896 0.6490
Pedestrian -1 -1 -2.6217 602.3585 170.2973 652.8491 257.4377 1.6781 0.5231 0.8566 0.4812 1.4636 14.2771 -2.5942 0.6424
Cyclist -1 -1 -2.8631 841.6469 158.6360 941.1161 312.9876 1.6165 0.5990 0.9094 3.1928 1.3784 8.0321 -2.5014 0.1198
Cyclist -1 -1 -1.6918 566.5361 162.7014 601.5350 251.3313 1.7527 0.5921 1.0072 -0.4065 1.3822 14.7455 -1.7244 0.1022
Car -1 -1 1.8424 385.9894 161.2324 541.3183 276.4392 1.8525 1.7775 4.4462 -2.4651 1.5279 13.8442 1.6638 0.9614
Car -1 -1 1.8969 368.4613 152.6676 479.2505 223.7961 1.8467 1.7822 4.5059 -5.0467 1.0993 20.9698 1.6585 0.8197
