Car -1 -1 -1.8333 713.7602 175.4554 851.1433 263.3592 1.4493 1.5876 3.7671 3.1025 1.5068 13.9271 -1.6195 0.9285
Car -1 -1 1.8656 351.9770 182.8173 450.6184 245.6471 1.5312 1.6009 3.7358 -5.7247 1.8346 20.0622 1.5905 0.8922
Car -1 -1 1.7926 417.6327 182.8043 484.7110 232.7673 1.5824 1.5509 3.5492 -5.5407 1.9568 25.3397 1.5789 0.7948
Car -1 -1 -2.1064 857.8911 186.6775 1242.0000 375.0000 1.4614 1.6279 4.1870 3.2914 1.6028 5.2624 -1.5734 0.7889
Car -1 -1 -1.8126 691.2074 174.8696 777.5464 236.0316 1.4700 1.4762 3.3212 3.1609 1.5287 19.1674 -1.6524 0.7508
Car -1 -1 0.4901 34.3593 182.1786 197.5047 235.5746 1.5007 1.5741 3.7307 -14.7227 1.7927 21.5911 -0.1028 0.6177
Car -1 -1 2.1074 157.8462 186.6804 262.4479 232.5779 1.5751 1.6367 4.2062 -15.5080 2.1563 28.1755 1.6080 0.5199
Car -1 -1 2.3917 0.0000 207.9604 164.8769 375.0000 1.4943 1.5867 3.8497 -5.5803 1.8633 5.6056 1.6322 0.4854
Car -1 -1 -1.6999 683.9878 177.8975 748.0273 225.9736 1.4668 1.6011 4.1420 3.4666 1.6531 24.5256 -1.5618 0.4157
Car -1 -1 -1.1507 366.1960 179.0568 416.0848 204.4975 1.5528 1.5842 4.1053 -14.2867 1.9775 47.2162 -1.4433 0.3789
