Pedestrian -1 -1 -1.7426 700.0881 164.7710 718.9583 206.9362 1.8523 0.6613 1.0529 4.3993 1.4975 32.2320 -1.6087 0.6202
Pedestrian -1 -1 -0.0248 754.2864 133.0994 792.8102 229.7644 1.6060 0.4113 0.6235 2.7169 0.9459 12.2455 0.1880 0.2881
Pedestrian -1 -1 -2.3905 813.7786 152.9193 834.3286 191.9502 1.8412 0.6712 0.6619 10.1925 0.9012 34.4906 -2.1057 0.2390
Pedestrian -1 -1 1.5732 508.7639 173.1979 529.8223 234.2559 1.8219 0.6249 1.8493 -2.8731 1.8334 22.4936 1.4469 0.1449
Pedestrian -1 -1 1.3048 530.5793 173.7093 549.0010 209.1804 1.7526 0.5670 1.4359 -3.5927 1.7971 36.4576 1.2067 0.1160
Cyclist -1 -1 1.7485 484.8713 175.4496 514.5078 236.1535 1.7649 0.5641 1.9269 -3.3949 1.8480 22.0284 1.5967 0.6331
Cyclist -1 -1 1.5946 534.1894 174.0733 545.7951 210.0562 1.7722 0.5448 1.7555 -3.5712 1.8358 36.4909 1.4972 0.6234
Cyclist -1 -1 1.5959 510.8734 172.6890 532.1838 233.5505 1.8168 0.6158 1.8286 -2.7885 1.8122 22.4760 1.4731 0.4374
Cyclist -1 -1 1.3304 700.5854 164.3768 721.6955 207.6261 1.8921 0.6762 1.1406 4.4613 1.5216 32.1662 1.4664 0.1097
Car -1 -1 1.9816 145.4196 182.6608 378.4189 318.3010 1.6134 1.6399 3.9290 -4.9644 1.7879 10.8378 1.5606 0.9314
Car -1 -1 -1.9096 757.6113 177.1185 1069.7012 375.0000 1.5402 1.5951 3.7111 2.6422 1.5951 7.3573 -1.5788 0.9055
Car -1 -1 1.8030 432.9297 183.4981 504.3176 231.0386 1.5477 1.6436 4.2273 -5.1523 1.9721 26.5950 1.6129 0.6805
Car -1 -1 -1.5559 642.4016 178.0511 668.0641 202.6467 1.5241 1.6202 3.9965 2.9809 1.8823 47.6300 -1.4943 0.4868
Car -1 -1 1.7923 510.8344 180.7366 549.9209 206.9112 1.5261 1.5908 4.0772 -4.9959 2.0462 45.4548 1.6830 0.3045
