Cyclist -1 -1 2.1809 878.9558 172.9097 932.2885 232.7866 1.7217 0.6569 1.6357 8.7564 1.7238 21.4680 2.5627 0.2950
Car -1 -1 -1.4127 439.7461 177.8057 529.0640 248.2380 1.6454 1.6972 4.1211 -3.2648 1.7918 19.2123 -1.5795 0.9591
Car -1 -1 -1.8107 702.2613 180.1391 868.6642 288.2376 1.4150 1.5991 4.1632 2.5880 1.5561 11.8310 -1.6016 0.8959
Car -1 -1 -1.7374 674.4567 180.7952 759.7146 240.3885 1.4322 1.6208 4.2064 2.8031 1.6765 20.0320 -1.6013 0.8633
Car -1 -1 -1.9417 795.3502 183.9164 1237.4690 375.0000 1.4317 1.5754 4.0026 2.7452 1.5563 6.0734 -1.5365 0.8573
Car -1 -1 1.6790 486.8588 182.5891 539.8598 224.4590 1.5085 1.6712 4.1830 -3.8604 1.9297 29.0841 1.5476 0.8128
Car -1 -1 -1.6720 652.7123 176.5692 700.2864 218.2483 1.5074 1.5041 3.2205 2.4856 1.6603 28.0031 -1.5850 0.7734
Car -1 -1 -1.6544 634.8378 177.8367 671.2152 208.7919 1.5472 1.6060 4.0072 2.2241 1.8291 38.7387 -1.5980 0.4400
Car -1 -1 -1.4648 505.2057 173.8214 537.2469 198.7935 1.5517 1.6559 4.0253 -5.7709 1.6178 47.0145 -1.5866 0.3114
Car -1 -1 -0.3448 814.7857 173.0657 937.5756 213.8732 1.4853 1.5774 4.0224 9.8723 1.4938 27.0581 0.0010 0.1957
