Pedestrian -1 -1 -0.2780 746.9603 136.2299 822.8140 252.6591 1.8475 0.5991 1.0766 2.7875 1.2667 11.7736 -0.0519 0.2527
Cyclist -1 -1 1.3382 509.0079 177.0286 523.4366 204.2665 1.7450 0.5332 1.8246 -6.2073 2.0255 47.4613 1.2084 0.3593
Cyclist -1 -1 -0.2780 746.9603 136.2299 822.8140 252.6591 1.8475 0.5991 1.0766 2.7875 1.2667 11.7736 -0.0519 0.1043
Car -1 -1 -2.0294 795.7072 173.0820 1230.7725 375.0000 1.4862 1.6397 4.2122 3.1573 1.4894 6.8618 -1.6154 0.8799
Car -1 -1 2.3305 0.0000 178.7786 203.1740 375.0000 1.4950 1.5836 3.8302 -4.2202 1.5447 4.0875 1.5614 0.6563
Car -1 -1 -1.6900 477.1089 179.6341 514.9551 209.0625 1.4586 1.5729 3.6479 -6.1797 1.8405 38.6365 -1.8480 0.5861
Car -1 -1 -1.7134 631.5529 176.6291 671.0406 207.6441 1.4625 1.4974 3.4096 1.9905 1.6616 36.2154 -1.6594 0.5550
Car -1 -1 1.4549 660.2845 173.8318 714.0267 215.9722 1.4696 1.5630 3.7623 2.7896 1.5093 27.1405 1.5557 0.4959
Car -1 -1 -1.7166 670.6581 166.5494 745.4841 229.7410 1.7250 1.6250 4.0537 2.8039 1.5532 21.7360 -1.5907 0.4851
Car -1 -1 -1.6681 557.8062 175.3967 579.2277 193.0624 1.5308 1.5684 3.7286 -3.7858 1.7674 65.0508 -1.7263 0.3520
Car -1 -1 -1.7949 607.6199 173.0259 645.3221 201.1405 1.6064 1.5369 3.3351 0.9102 1.6174 43.0336 -1.7744 0.3392
Car -1 -1 -1.6794 579.2729 176.9140 605.2690 198.3841 1.5564 1.5799 3.7224 -1.4089 1.8772 54.9918 -1.7053 0.3368
Car -1 -1 1.6525 472.7086 178.9015 505.2448 206.3136 1.5492 1.6167 4.1375 -7.3393 1.9349 43.8427 1.4872 0.3164
