Car -1 -1 -2.4802 847.1812 177.2928 1064.5089 262.7050 1.4153 1.5489 3.6273 6.5322 1.5146 14.1230 -2.0556 0.8809
Car -1 -1 -1.8053 649.5529 182.5638 711.7274 224.5119 1.3868 1.5078 3.3685 2.4786 1.7670 26.4475 -1.7136 0.8639
Car -1 -1 -1.6369 630.7715 179.2777 668.1060 211.5890 1.4915 1.5900 3.9869 1.8846 1.8312 36.1061 -1.5857 0.8540
Car -1 -1 0.7109 0.0000 206.8542 211.0328 375.0000 1.5261 1.6214 3.8352 -6.6449 1.9261 7.6429 0.0122 0.7273
Car -1 -1 -2.6593 157.9546 189.3741 381.9620 270.2629 1.5473 1.6453 3.9308 -7.0558 1.9146 15.0989 -3.0902 0.6846
Car -1 -1 -2.7847 305.8879 191.1630 461.3580 242.8824 1.4776 1.6297 4.2664 -6.9400 2.0653 22.2076 -3.0848 0.6542
Car -1 -1 -2.6640 226.6755 191.1595 409.5760 258.5048 1.4901 1.6058 3.7994 -7.0463 1.9592 17.4862 -3.0424 0.6505
Car -1 -1 0.2173 351.1672 188.2317 471.2608 234.2975 1.4768 1.5755 3.6921 -6.7474 2.0200 24.5903 -0.0484 0.5667
Car -1 -1 1.6304 492.8750 185.7214 527.1532 217.3573 1.6221 1.6767 4.2539 -5.6587 2.3919 40.9562 1.4934 0.5667
Car -1 -1 3.6901 0.0000 151.4232 338.1291 317.3306 2.1045 1.8246 4.6355 -6.5178 1.8330 10.0929 3.1283 0.5485
Car -1 -1 -2.6569 363.5359 190.6745 477.9969 232.7284 1.4449 1.5951 3.8491 -7.1063 2.1429 27.0306 -2.9122 0.4769
Car -1 -1 -1.3928 441.0589 184.5139 497.1132 226.2213 1.5706 1.6238 3.9898 -5.8804 2.0929 30.2946 -1.5835 0.4311
Car -1 -1 0.2518 410.9690 185.7933 502.9621 219.2064 1.5042 1.5928 3.9754 -7.2157 2.1310 34.0469 0.0440 0.3824
