Pedestrian -1 -1 1.1128 912.0145 161.7187 943.7891 218.6429 1.8350 0.6496 0.8334 10.3841 1.4764 23.6889 1.5209 0.6788
Pedestrian -1 -1 2.0615 660.1620 169.3535 677.8509 206.0539 1.6851 0.5165 0.7779 2.7104 1.5247 33.5936 2.1408 0.3690
Pedestrian -1 -1 0.1183 313.8731 178.2757 323.3365 197.3904 1.7662 0.5714 0.7558 -27.1786 2.2748 67.2551 -0.2647 0.1281
Pedestrian -1 -1 -0.5886 521.4265 168.3656 553.9848 215.5311 1.6331 0.5576 1.0056 -2.5987 1.4780 25.5153 -0.6896 0.1248
Pedestrian -1 -1 -3.1087 787.5189 118.7636 833.7973 176.5438 1.8077 0.6123 1.4081 6.3733 0.1158 23.0717 -2.8423 0.1236
Cyclist -1 -1 2.0615 660.1620 169.3535 677.8509 206.0539 1.6851 0.5165 0.7779 2.7104 1.5247 33.5936 2.1408 0.1995
Cyclist -1 -1 2.0173 53.5843 167.0015 96.4268 221.2738 1.6682 0.5624 1.3448 -16.9973 1.4886 22.8879 1.3840 0.1252
Cyclist -1 -1 -0.2180 519.8966 168.4637 564.4744 215.4910 1.6318 0.5468 1.4867 -2.4443 1.4799 25.5236 -0.3131 0.1195
Cyclist -1 -1 1.6031 565.1123 178.8248 578.9345 213.9689 1.6493 0.6207 1.5504 -1.8684 1.9450 34.9058 1.5494 0.1125
Car -1 -1 1.7629 482.5114 180.5696 581.1595 254.5876 1.4818 1.5808 3.7443 -1.7451 1.6824 16.7809 1.6600 0.9237
Car -1 -1 -1.6329 529.2297 176.2925 579.0773 219.6098 1.4901 1.6151 3.9855 -2.2157 1.6302 27.2372 -1.7139 0.1825
Car -1 -1 1.5015 549.5612 169.9301 586.5108 201.2913 1.4975 1.5894 3.8745 -2.2056 1.3582 36.4735 1.4411 0.1206
Car -1 -1 1.4938 683.3854 172.7706 709.0640 194.0946 1.5106 1.5660 3.9674 6.2854 1.5050 53.1229 1.6106 0.1181
