Pedestrian -1 -1 1.5588 453.6170 149.0980 526.5842 368.1337 1.8494 0.6136 0.9993 -1.1141 1.5860 6.5097 1.3989 0.9062
Pedestrian -1 -1 0.5862 232.7434 170.4908 302.1964 254.3092 1.5862 0.5031 1.1277 -6.5808 1.3984 13.7079 0.1495 0.1914
Pedestrian -1 -1 1.7045 60.0066 192.5108 94.6490 257.4767 1.8292 0.7289 0.5985 -15.3270 2.1865 20.5014 1.0713 0.1534
Pedestrian -1 -1 -1.9769 835.4429 178.4784 871.6021 250.2507 1.7785 0.6854 0.5786 6.2247 1.7300 17.8295 -1.6450 0.1386
Pedestrian -1 -1 -2.5927 386.1710 152.6956 435.7697 238.7084 1.7749 0.5696 0.8398 -4.1470 1.2028 14.9772 -2.8554 0.1328
Pedestrian -1 -1 -0.6045 940.6293 152.2227 1011.2747 253.8951 1.6459 0.5199 0.9069 6.1171 1.1898 11.7593 -0.1340 0.1113
Cyclist -1 -1 0.5775 228.5282 172.3826 312.1878 255.7147 1.5740 0.4990 1.4284 -6.5204 1.4223 13.6996 0.1440 0.2785
Cyclist -1 -1 0.9061 846.0422 144.9591 924.2003 247.0522 1.6211 0.5129 1.3172 4.6517 1.0584 11.9271 1.2710 0.1039
Car -1 -1 0.8413 668.0076 167.2449 763.6962 208.7211 1.5009 1.5716 3.7635 4.2236 1.0228 27.5866 0.9933 0.1402
Car -1 -1 1.1915 23.7075 192.8956 124.3201 236.9556 1.4576 1.5952 4.0756 -19.6735 1.9478 26.1193 0.5533 0.1122
