Pedestrian -1 -1 1.2327 533.5247 173.3701 547.6993 203.8498 1.9103 0.7135 0.6629 -4.4272 1.9437 45.6866 1.1362 0.3384
Pedestrian -1 -1 1.1118 2.8960 188.4915 48.5786 259.5435 1.7767 0.6159 0.8363 -15.1867 2.1922 18.6963 0.4364 0.1854
Pedestrian -1 -1 -2.3815 316.3049 176.8101 327.5573 197.0517 1.7693 0.5810 0.7195 -25.4233 2.1207 63.6262 -2.7605 0.1233
Pedestrian -1 -1 -1.2387 110.6422 161.9870 123.9946 187.2699 1.8899 0.6158 0.7623 -37.1576 1.0780 54.3820 -1.8360 0.1195
Pedestrian -1 -1 -0.0812 403.2841 161.9429 418.2097 193.2664 1.8451 0.5544 0.8133 -11.8825 1.2028 42.8999 -0.3501 0.1179
Pedestrian -1 -1 -1.5844 964.5573 111.8143 1046.3677 291.0388 1.7705 0.7252 0.8245 4.1151 1.1678 7.6558 -1.1075 0.1144
Pedestrian -1 -1 -2.2049 13.3540 189.4633 52.5292 254.1218 1.7359 0.5980 0.6148 -15.9822 2.2036 19.9284 -2.8745 0.1027
Cyclist -1 -1 -1.8538 984.4782 162.8314 1034.7587 250.3123 1.6407 0.4094 1.6585 7.8867 1.4531 14.3831 -1.3615 0.1451
Car -1 -1 1.5918 338.6401 185.4836 372.4972 215.9731 1.4900 1.6470 4.1033 -13.8399 2.2167 39.2908 1.2549 0.7667
Car -1 -1 1.8096 326.6719 180.7495 364.8253 203.9382 1.4974 1.5899 3.9584 -18.3036 2.0679 50.0435 1.4603 0.1011
