Pedestrian -1 -1 -0.2178 645.5807 173.3931 658.7816 197.2413 1.7873 0.4582 0.9155 3.1516 1.8285 54.3865 -0.1606 0.4546
Pedestrian -1 -1 -0.6656 158.6184 183.3305 176.2865 211.4893 1.8741 0.6195 0.8109 -30.0017 2.5911 48.8691 -1.2140 0.3347
Cyclist -1 -1 2.4688 251.6638 184.0246 278.4650 208.4725 1.6878 0.6118 1.7212 -24.6604 2.5003 51.5474 2.0243 0.1220
Cyclist -1 -1 -0.1895 646.1809 173.7864 659.7065 197.4702 1.7750 0.4649 0.9466 3.2090 1.8460 54.3890 -0.1313 0.1162
Car -1 -1 1.0408 1178.2338 179.1485 1242.0000 205.9435 1.5157 1.6581 4.0806 36.7769 1.9184 43.9699 1.7337 0.2593
Car -1 -1 2.4408 371.8596 182.7519 433.0346 204.9039 1.5166 1.6498 4.3292 -15.4099 2.2843 53.6713 2.1621 0.2529
Car -1 -1 2.7903 500.6912 176.3758 552.1236 195.0440 1.5373 1.6201 4.0573 -7.1602 1.8466 61.6679 2.6749 0.2074
Car -1 -1 0.9514 222.6842 183.7921 279.2690 206.5289 1.5465 1.6494 4.0240 -26.0926 2.3661 52.3628 0.4908 0.2063
Car -1 -1 1.5116 615.5687 174.6964 634.7034 191.0133 1.4995 1.5839 3.9954 1.3993 1.6807 68.7922 1.5315 0.1449
Car -1 -1 1.3585 475.7086 174.4653 502.9251 191.7330 1.5576 1.6573 4.2650 -11.3899 1.7144 67.7955 1.1924 0.1260
Car -1 -1 1.9440 258.8160 185.9762 321.4278 217.7273 1.5293 1.6617 4.1268 -17.0496 2.2695 38.5788 1.5301 0.1178
