Pedestrian -1 -1 -2.8364 1145.8845 143.2398 1219.2582 231.4933 1.6918 0.7115 0.9868 11.3974 1.1245 14.4372 -2.1782 0.4994
Cyclist -1 -1 -2.9494 1138.4857 144.2685 1213.5289 233.0714 1.7065 0.7615 1.0689 11.3298 1.1575 14.5150 -2.2966 0.1808
Car -1 -1 -1.8711 753.9669 180.8143 931.7556 298.8271 1.5628 1.5823 3.8906 3.5110 1.7147 11.7764 -1.5893 0.9162
Car -1 -1 -2.0482 830.0939 187.8832 1242.0000 375.0000 1.4307 1.6044 4.1489 3.4625 1.6143 6.7055 -1.5905 0.9015
Car -1 -1 1.7809 457.7826 178.2703 518.9212 223.5138 1.5925 1.5883 3.6206 -4.6351 1.8145 27.6806 1.6160 0.8698
Car -1 -1 2.1815 0.0000 194.0976 278.0905 375.0000 1.5186 1.6512 4.0953 -4.8085 1.7712 6.5122 1.5645 0.8676
Car -1 -1 1.9587 190.7693 189.6400 400.7747 307.2110 1.4798 1.6119 4.1333 -4.8651 1.8014 11.7377 1.5730 0.8674
Car -1 -1 -1.7839 720.6259 179.9979 825.2691 251.7668 1.4929 1.6054 3.9506 3.7335 1.6849 17.3801 -1.5767 0.8442
Car -1 -1 -1.7658 697.5179 178.6554 773.7184 231.7567 1.4978 1.6016 3.9447 3.8181 1.6974 22.7822 -1.6026 0.8335
Car -1 -1 1.7484 485.9986 177.2620 537.1366 216.4327 1.6232 1.6027 3.9092 -4.3834 1.8333 32.3329 1.6142 0.8152
Car -1 -1 -1.7298 692.2169 176.2224 745.1863 216.3769 1.4640 1.5052 3.4841 4.1655 1.6049 28.3508 -1.5860 0.4861
Car -1 -1 0.8417 38.1139 178.2798 172.6319 225.4925 1.4576 1.5561 3.7148 -16.6187 1.6454 23.7374 0.2360 0.4591
Car -1 -1 -2.1794 1075.9604 120.8728 1226.2274 177.7886 1.6911 1.6873 4.4098 17.4668 0.1470 23.6581 -1.5491 0.4149
