Pedestrian -1 -1 -1.9051 690.5881 161.9179 708.9055 200.2425 1.8477 0.6618 0.7954 4.3415 1.3208 35.2424 -1.7839 0.4997
Pedestrian -1 -1 0.4842 713.3085 132.5920 746.6217 207.7989 1.6392 0.4697 0.5819 2.6253 0.7620 16.0866 0.6428 0.2924
Pedestrian -1 -1 1.1968 524.4690 170.3248 554.1861 216.7116 1.7839 0.6256 1.6082 -2.8562 1.6870 28.6043 1.0976 0.1739
Pedestrian -1 -1 2.2400 893.5575 149.2998 958.5469 239.8505 1.6024 0.5004 1.1423 5.7597 1.1859 13.2590 2.6412 0.1630
Pedestrian -1 -1 2.5718 432.9304 163.9758 453.4673 201.8226 1.8443 0.4932 0.8580 -8.2751 1.4120 35.6367 2.3449 0.1482
Cyclist -1 -1 1.5132 526.4932 169.8578 544.1611 217.0613 1.8005 0.5838 1.8649 -3.0016 1.6866 28.4872 1.4086 0.4998
Cyclist -1 -1 1.6678 509.8983 170.6718 528.8564 215.4364 1.6747 0.5509 1.8808 -3.5397 1.5934 27.9390 1.5424 0.3924
Cyclist -1 -1 1.7275 540.9901 168.2664 554.3420 198.3966 1.7410 0.5231 1.7305 -3.7041 1.4763 42.5720 1.6408 0.2141
Cyclist -1 -1 -0.5634 880.4698 146.9529 969.7555 237.0453 1.6114 0.5002 1.4694 5.7366 1.1485 13.2691 -0.1638 0.1881
Car -1 -1 1.8822 279.7182 178.6488 426.4880 273.4492 1.6286 1.6270 3.9526 -5.0568 1.7624 14.6256 1.5542 0.9244
Car -1 -1 -1.7980 710.5002 173.2641 877.4011 295.8118 1.5813 1.6235 3.6626 2.5809 1.5891 11.1568 -1.5776 0.9205
Car -1 -1 1.7553 453.4746 178.4529 513.7390 220.9897 1.6356 1.7227 4.4314 -5.3019 1.8903 30.5543 1.5844 0.8321
Car -1 -1 -1.5009 635.0190 174.4627 660.2078 198.4425 1.6299 1.5498 3.4239 2.6620 1.7482 51.0750 -1.4496 0.1637
