Pedestrian -1 -1 0.2694 778.0862 189.6606 807.6321 247.8981 1.6457 0.4848 0.7252 5.3034 1.7776 20.7591 0.5157 0.2285
Car -1 -1 -1.1251 0.0000 205.0853 163.8885 287.1314 1.5153 1.6453 4.2069 -12.0803 2.0355 16.5613 -1.7481 0.9348
Car -1 -1 -1.2608 154.2667 196.0153 301.2294 279.5121 1.5092 1.6489 3.9576 -8.0909 1.7763 15.6146 -1.7322 0.9271
Car -1 -1 -1.5018 692.8550 177.7745 751.7965 231.5011 1.6174 1.6713 3.6384 3.7849 1.3945 23.5966 -1.3451 0.9021
Car -1 -1 -1.3459 282.7968 193.1793 335.2691 224.8708 1.4818 1.6354 3.9135 -15.2121 1.9125 36.7095 -1.7366 0.7317
Car -1 -1 1.8026 247.4572 189.3300 291.8153 216.1203 1.5034 1.5702 3.7640 -20.1697 1.7618 42.9534 1.3655 0.5747
Car -1 -1 -1.3850 778.5950 178.9400 811.8040 200.4716 1.4732 1.5986 3.9531 13.3936 1.0449 51.3087 -1.1314 0.4402
Car -1 -1 -1.1877 170.2375 197.3793 241.7669 233.0725 1.4915 1.5827 3.8002 -18.5857 2.0908 33.3675 -1.6929 0.2993
Car -1 -1 1.3413 233.3601 185.3135 272.0984 207.8358 1.6433 1.6964 4.3622 -27.0605 1.6522 54.6909 0.8834 0.2198
Car -1 -1 -1.5526 423.5094 180.7749 445.3880 204.0335 1.7906 1.6284 3.7748 -13.8129 1.4498 57.3557 -1.7883 0.2192
Car -1 -1 1.5391 205.4388 182.1068 234.1773 205.4824 1.5127 1.5900 3.9126 -26.2818 1.3127 48.6073 1.0454 0.2188
