Pedestrian -1 -1 0.9724 738.7297 161.9422 820.2672 279.7596 1.6601 0.7539 0.9770 2.5935 1.3858 10.7109 1.1989 0.8944
Pedestrian -1 -1 1.0890 651.6584 156.5845 691.6282 227.7034 1.8896 0.7209 0.9606 1.8826 1.2288 19.6649 1.1779 0.6791
Pedestrian -1 -1 1.7584 321.6268 150.3714 347.0161 209.5652 1.8424 0.6481 0.6334 -8.4708 0.8747 22.7231 1.4004 0.2966
Pedestrian -1 -1 3.0761 80.4860 152.7235 164.1014 304.9251 1.7074 0.4848 0.7945 -5.7088 1.3860 8.4891 2.4926 0.2785
Pedestrian -1 -1 0.8303 584.1113 157.3131 623.0927 227.0213 1.8301 0.6601 0.8353 0.0247 1.1962 19.3867 0.8263 0.2575
Pedestrian -1 -1 -1.9770 593.9153 169.4089 638.2578 254.2046 1.7159 0.6611 0.7987 0.2613 1.4725 15.0291 -1.9654 0.2568
Cyclist -1 -1 1.8515 363.4376 157.5491 420.9464 259.3912 1.7502 0.5403 1.8157 -3.8648 1.3399 13.2513 1.5675 0.8245
Cyclist -1 -1 1.7959 440.9144 165.8689 483.2100 246.5253 1.6957 0.5637 1.7031 -3.1086 1.3683 15.9591 1.6012 0.8086
Cyclist -1 -1 -2.0322 594.1086 168.5404 640.1063 254.6870 1.7276 0.6317 0.8651 0.2797 1.4689 14.9295 -2.0193 0.1158
Cyclist -1 -1 2.9016 70.0055 151.6389 163.1184 309.0645 1.7388 0.5173 0.8051 -5.7133 1.4103 8.4028 2.3131 0.1091
Car -1 -1 1.6748 524.9500 159.6036 553.0801 182.3178 1.5766 1.6343 4.0152 -4.4533 0.0574 51.8771 1.5848 0.4454
Car -1 -1 -2.1123 969.1115 201.6065 1184.1554 296.1585 1.5031 1.6490 4.0263 9.1197 1.9612 14.2998 -1.5584 0.3703
Car -1 -1 0.7893 1150.3997 138.1076 1238.0000 288.8890 1.5429 1.6295 4.1405 9.5688 1.1003 9.4244 1.5633 0.2210
Car -1 -1 1.5343 802.3711 167.4564 884.6631 240.7165 1.5141 1.6235 3.8888 5.5529 1.2251 16.9340 1.8414 0.2146
Car -1 -1 -1.5353 1046.7985 182.8534 1238.0000 349.5118 1.4525 1.6062 3.8382 6.2788 1.4732 8.2971 -0.9081 0.2111
