Pedestrian -1 -1 -3.3015 979.5033 147.2693 1018.1606 219.3532 1.7399 0.5169 0.7620 9.5241 1.1227 17.7797 -2.8169 0.1564
Pedestrian -1 -1 -1.4858 737.5262 168.0226 751.5516 202.8463 1.7692 0.5924 1.5394 6.9577 1.5241 37.4753 -1.3041 0.1334
Cyclist -1 -1 -1.7012 736.8555 168.2749 752.5475 203.4715 1.7824 0.5658 1.7942 6.9446 1.5509 37.4477 -1.5197 0.6650
Car -1 -1 2.0985 19.7858 198.1320 393.2069 375.0000 1.5029 1.6951 4.3755 -4.2438 1.8787 8.4684 1.6456 0.9301
Car -1 -1 -1.7912 788.6882 178.3708 976.8903 309.9698 1.4907 1.5944 3.8446 3.5938 1.5853 10.3327 -1.4664 0.9032
Car -1 -1 -1.6862 761.3248 176.3111 836.0837 232.5376 1.4168 1.5831 3.7203 5.1783 1.5240 20.3643 -1.4414 0.8247
Car -1 -1 1.7765 642.2079 171.5479 679.4596 197.4947 1.6781 1.7134 4.1341 3.4595 1.5940 48.8844 1.8463 0.8193
Car -1 -1 1.5092 744.9993 172.1267 798.3176 221.9031 1.6861 1.6373 4.0703 5.8318 1.6618 26.5733 1.7223 0.6989
Car -1 -1 -1.7001 822.8224 151.4810 892.5984 201.2114 1.4683 1.5987 4.0274 7.8963 0.8376 23.4304 -1.3790 0.1860
Car -1 -1 1.8967 672.2417 174.1803 709.2221 195.0952 1.5505 1.6179 4.1324 6.2777 1.6578 55.9826 2.0074 0.1470
Car -1 -1 2.1696 406.4983 182.4109 500.5447 224.9760 1.5111 1.6331 4.1078 -6.1882 1.9224 28.8148 1.9594 0.1298
Car -1 -1 1.1356 706.9561 170.7399 761.7688 198.0097 1.4963 1.5872 3.9618 7.0903 1.3806 41.7083 1.3025 0.1268
