Car -1 -1 -1.1311 132.7440 187.8641 306.2971 273.3042 1.5269 1.6218 3.9097 -7.8853 1.5905 14.9509 -1.6094 0.9224
Car -1 -1 -1.3258 375.2798 187.7619 474.2589 247.1767 1.4616 1.6472 4.3292 -4.9960 1.5414 20.0336 -1.5674 0.9010
Car -1 -1 -1.2287 275.0452 186.3781 365.9226 237.7520 1.4560 1.5267 3.4355 -8.8017 1.4959 22.1900 -1.6026 0.8404
Car -1 -1 -1.5201 572.8173 179.9137 605.8604 209.1171 1.5461 1.6464 3.8949 -1.0098 1.2666 40.0224 -1.5456 0.7274
Car -1 -1 2.1547 0.0000 193.7449 321.6713 376.0000 1.6048 1.6414 4.2153 -3.3434 1.6825 4.3045 1.5238 0.6370
Car -1 -1 1.9975 45.9613 182.7254 186.0034 245.2229 1.4872 1.6055 3.8258 -12.9305 1.4290 19.1191 1.4091 0.6009
Car -1 -1 -1.2350 358.1025 180.2778 408.7350 206.4685 1.4898 1.6252 4.0962 -13.3638 1.2100 42.9621 -1.5352 0.5301
Car -1 -1 -1.4165 388.4319 186.1548 438.8872 222.5605 1.5131 1.6004 3.7464 -8.5870 1.5585 31.9227 -1.6775 0.4763
Car -1 -1 1.9356 0.0000 181.5553 66.4806 240.8493 1.4705 1.6304 4.3840 -17.0465 1.3809 20.1623 1.2402 0.3533
Car -1 -1 1.7631 442.4388 189.0304 472.0290 209.1080 1.6078 1.6726 4.1535 -12.6267 1.9408 60.4432 1.5575 0.3194
