Pedestrian -1 -1 1.7972 301.0832 183.3521 373.6854 310.0028 1.8193 0.7201 1.5977 -4.2960 1.9968 11.3393 1.4418 0.2946
Pedestrian -1 -1 1.0151 138.7818 155.4415 186.6492 245.7382 1.7664 0.5453 0.6760 -9.0429 1.4261 14.5074 0.4656 0.2387
Pedestrian -1 -1 -0.4348 632.3728 174.7688 644.8063 199.8646 1.7535 0.6638 0.6576 1.9871 1.8901 50.9113 -0.3965 0.1957
Pedestrian -1 -1 -2.0074 749.5680 142.7067 769.5587 185.9835 1.8203 0.5760 0.7356 6.3339 0.5526 30.7712 -1.8064 0.1891
Cyclist -1 -1 1.7540 302.3445 182.8197 371.9138 312.3393 1.8420 0.7093 1.7251 -4.2871 2.0112 11.3094 1.3985 0.8222
Car -1 -1 -1.7392 685.9001 177.4745 809.8755 268.5526 1.5062 1.6533 4.1060 2.4849 1.6106 14.1911 -1.5704 0.9384
Car -1 -1 -2.8158 311.0153 176.3739 469.9357 242.7461 1.8760 1.7694 4.1731 -6.4844 1.9857 21.4502 -3.1065 0.8866
Car -1 -1 2.1280 0.0000 209.9845 314.0999 375.0000 1.4656 1.5634 4.0631 -3.6405 1.8299 5.0035 1.5234 0.8487
Car -1 -1 -2.2328 872.8325 176.1167 1242.0000 375.0000 1.5354 1.6083 3.9526 2.6399 1.5591 3.1618 -1.5826 0.6740
Car -1 -1 1.5556 543.9048 178.5485 564.9605 199.5577 1.6075 1.6322 4.0212 -4.5507 2.0852 58.4087 1.4777 0.3927
Car -1 -1 -1.6981 646.8213 166.4871 704.6218 217.1423 1.8985 1.7697 4.3457 2.5369 1.6602 29.2480 -1.6131 0.3073
Car -1 -1 -1.6952 632.1193 173.2812 660.7994 195.3072 1.5496 1.6183 3.8884 2.6051 1.5824 52.8376 -1.6467 0.2322
Car -1 -1 -1.8101 640.0904 175.3602 688.6086 207.1608 1.5282 1.5777 3.9611 2.6952 1.6646 37.0850 -1.7387 0.2220
Car -1 -1 -0.3814 823.1068 148.9471 918.2552 182.2639 1.5385 1.6247 3.9186 12.2721 0.4349 34.2070 -0.0398 0.2086
