Pedestrian -1 -1 -3.2059 951.0681 183.0643 967.4053 221.1298 1.7533 0.6918 0.6442 16.3695 2.2398 33.9085 -2.7602 0.3430
Pedestrian -1 -1 -2.7486 993.7486 90.6936 1049.8058 213.1916 1.7782 0.6732 0.5231 6.1609 0.5859 10.8855 -2.2448 0.2888
Pedestrian -1 -1 -2.1112 1031.8240 106.0210 1079.7902 190.2636 1.8143 0.6928 0.5821 9.7218 0.3753 15.8288 -1.5683 0.2884
Pedestrian -1 -1 -0.7156 951.0835 187.2480 983.0975 246.4884 1.6879 0.5766 0.6093 10.3862 2.1161 21.0874 -0.2644 0.1677
Pedestrian -1 -1 0.6456 1126.8357 181.8997 1159.8734 231.2841 1.6920 0.5883 0.7237 18.6595 2.0151 25.3085 1.2748 0.1656
Car -1 -1 2.0050 302.6639 190.0608 351.0248 212.3208 1.4593 1.6716 4.2147 -20.6745 2.7699 52.7849 1.6331 0.5133
Car -1 -1 -3.1649 881.1389 178.0742 973.8239 212.9932 1.6052 1.6604 4.0437 15.3533 1.8709 35.1507 -2.7566 0.4790
Car -1 -1 0.9539 225.5837 199.1926 273.5005 218.8067 1.5392 1.6696 4.1095 -31.4560 3.8982 62.9052 0.4915 0.2483
Car -1 -1 1.6900 493.2750 188.7956 525.9384 215.3651 1.4961 1.5578 3.9779 -6.2531 2.5357 45.0324 1.5522 0.1455
Car -1 -1 2.1013 344.3943 175.8811 399.3528 200.8436 1.4918 1.5502 3.8812 -15.0421 1.6925 45.6787 1.7846 0.1450
