Pedestrian -1 -1 1.2904 1031.2499 127.6776 1082.2168 222.1914 1.9094 0.6581 0.9371 9.4107 0.8439 14.8195 1.8483 0.5233
Pedestrian -1 -1 -0.4698 424.6601 171.6451 443.3664 194.3893 1.7554 0.5181 1.3290 -13.3345 1.0732 55.1938 -0.7038 0.1832
Pedestrian -1 -1 0.5205 714.3560 155.8471 747.1848 216.0245 1.7960 0.5703 0.8103 3.8054 1.0618 21.5757 0.6944 0.1798
Pedestrian -1 -1 -2.3649 749.6928 146.6243 827.7275 291.4521 1.8225 0.6570 0.7596 2.3840 1.3979 9.3883 -2.1224 0.1299
Pedestrian -1 -1 -1.9003 693.7020 153.2953 717.1306 202.3557 1.7934 0.6098 0.8822 3.7079 0.8005 26.3317 -1.7602 0.1297
Pedestrian -1 -1 -0.6767 209.2486 188.7658 235.0692 236.0840 1.7677 0.6386 0.5986 -14.6171 2.0889 26.9485 -1.1673 0.1286
Pedestrian -1 -1 -2.4396 1014.2742 111.7660 1056.2450 182.6246 1.8522 0.6361 0.7184 11.4732 0.0571 18.9195 -1.8999 0.1221
Pedestrian -1 -1 -2.6951 368.3176 187.1596 385.3955 218.2310 1.7820 0.6702 0.7261 -13.2638 2.1740 41.0902 -3.0037 0.1164
Cyclist -1 -1 -0.7250 424.9714 171.9625 445.5676 194.7473 1.7560 0.4691 1.6760 -13.2583 1.0993 55.3062 -0.9573 0.2490
Car -1 -1 1.6478 562.4886 168.9653 581.9574 185.3839 1.5631 1.6034 3.9261 -3.1564 0.4661 69.2952 1.6042 0.1840
Car -1 -1 -0.9612 856.2291 130.2248 1217.7080 310.7529 1.5884 1.6122 3.6437 4.6720 1.1477 7.7115 -0.4325 0.1559
Car -1 -1 2.3698 103.3223 187.1513 207.8411 223.1508 1.4922 1.6029 4.0411 -20.3904 1.8173 32.2509 1.8121 0.1165
Car -1 -1 1.6091 567.1481 177.4173 591.0725 198.0531 1.4699 1.6113 4.0904 -1.8769 1.2516 52.4062 1.5752 0.1138
Car -1 -1 -0.5268 754.9266 156.9604 814.4066 181.3697 1.8586 1.7113 4.2136 14.0371 0.0675 55.2318 -0.2775 0.1111
