Pedestrian -1 -1 -0.2427 664.0173 171.1338 678.4796 196.8884 1.7922 0.4591 0.9250 4.2571 1.6729 50.5076 -0.1595 0.3326
Cyclist -1 -1 -0.2427 664.0173 171.1338 678.4796 196.8884 1.7922 0.4591 0.9250 4.2571 1.6729 50.5076 -0.1595 0.1001
Car -1 -1 -1.8349 715.0934 180.5580 830.3361 255.0960 1.4931 1.5865 4.0170 3.6117 1.6961 16.9259 -1.6291 0.8855
Car -1 -1 -2.0688 856.2679 184.4948 1242.0000 375.0000 1.4698 1.5854 3.9308 3.4227 1.5975 5.9179 -1.5669 0.8813
Car -1 -1 1.8457 403.0743 179.2642 486.9715 236.6201 1.5418 1.5533 3.4567 -4.8782 1.7494 21.5561 1.6252 0.8757
Car -1 -1 -1.8705 766.2484 181.4969 947.0856 298.6352 1.4884 1.5518 3.7304 3.5799 1.6466 11.3070 -1.5724 0.8679
Car -1 -1 1.7858 445.5405 176.5790 512.1264 223.0660 1.5451 1.5746 3.9482 -4.7362 1.6916 26.3031 1.6089 0.8547
Car -1 -1 2.2048 0.0000 203.5913 231.2104 375.0000 1.4399 1.6007 4.2013 -4.9158 1.7779 5.7880 1.5230 0.8058
Car -1 -1 -1.7249 704.2609 177.6720 773.6541 228.4476 1.4227 1.5413 3.7070 3.8740 1.5853 22.4326 -1.5567 0.6077
Car -1 -1 -1.6025 711.6356 172.1196 732.3781 190.4709 1.5019 1.6003 4.0226 9.4392 1.4422 61.1426 -1.4504 0.2075
Car -1 -1 1.8743 421.7115 162.5664 469.2013 189.7374 1.5471 1.6056 4.1393 -9.8222 0.9617 43.2099 1.6518 0.2025
