Car -1 -1 -1.4157 436.5136 179.9417 511.9100 239.5775 1.5873 1.6287 3.4583 -3.8313 1.4481 20.8786 -1.5954 0.9313
Car -1 -1 -1.2616 238.6455 188.9644 440.3434 310.5887 1.4419 1.5974 3.9014 -3.7354 1.5086 10.6073 -1.5926 0.9213
Car -1 -1 -1.8022 697.8665 189.3899 810.6727 264.6371 1.3911 1.5386 3.4921 2.9294 1.4912 15.2626 -1.6164 0.9142
Car -1 -1 -1.7032 650.4644 183.4400 703.3690 221.4705 1.4805 1.6499 4.1350 2.7832 1.4125 30.0800 -1.6123 0.8769
Car -1 -1 -0.9477 0.0000 185.3832 191.8994 314.1405 1.5410 1.6390 3.9671 -8.1247 1.5451 10.6033 -1.5895 0.8709
Car -1 -1 -1.3196 380.6144 182.2180 440.4872 218.4236 1.4508 1.5898 3.6845 -8.3694 1.3318 30.6550 -1.5843 0.8705
Car -1 -1 -1.4198 481.3276 181.3114 537.0371 222.8088 1.5749 1.6580 4.0329 -3.9788 1.4278 29.3077 -1.5540 0.8635
Car -1 -1 -1.6030 585.9438 179.6289 609.8361 200.3793 1.4808 1.6363 4.0047 -0.7828 1.0833 53.3357 -1.6180 0.6602
Car -1 -1 2.1964 0.0000 139.5526 122.9773 190.3153 1.8279 1.7398 4.6267 -21.4586 0.1848 28.2114 1.5509 0.6547
Car -1 -1 -1.0135 252.7188 186.0069 378.7491 242.9472 1.4325 1.5339 3.6738 -8.0562 1.4578 20.0792 -1.3908 0.4838
Car -1 -1 1.6485 507.3112 179.2320 540.6084 207.8499 1.5186 1.5522 3.8268 -4.6564 1.2022 40.0823 1.5332 0.4833
Car -1 -1 1.6375 532.3100 179.5213 557.5955 200.7089 1.4705 1.5675 3.7964 -4.5116 1.0764 51.8002 1.5507 0.3417
