Pedestrian -1 -1 -2.7225 1072.4856 131.8271 1110.4016 198.8722 1.8068 0.6226 0.6774 13.2263 0.7015 19.8955 -2.1426 0.4803
Car -1 -1 -1.7679 665.3198 180.3428 760.8633 245.8535 1.4744 1.6365 4.1853 2.5135 1.6928 18.8690 -1.6384 0.9367
Car -1 -1 -1.9905 741.2858 189.5603 990.4407 339.3749 1.4451 1.5619 3.6209 2.9410 1.7040 9.2719 -1.6938 0.9009
Car -1 -1 0.3350 350.7348 184.6767 489.7428 232.4791 1.4056 1.5561 3.9196 -5.9334 1.7918 22.6092 0.0807 0.8630
Car -1 -1 -2.5705 85.0192 190.7226 357.3164 288.8442 1.4702 1.6064 3.7704 -6.4715 1.7950 12.1298 -3.0520 0.8376
Car -1 -1 -2.6567 157.1351 184.4830 387.9752 266.5103 1.5227 1.6333 3.9222 -6.7593 1.7731 14.5819 -3.0843 0.7884
Car -1 -1 -1.7004 653.8975 178.7174 705.9624 217.3657 1.4496 1.5872 4.2256 2.7768 1.7100 29.8519 -1.6092 0.7583
Car -1 -1 0.5086 217.5704 177.6733 423.6893 254.9061 1.6952 1.7119 4.2442 -6.8301 1.8174 17.1062 0.1335 0.7565
Car -1 -1 -2.4265 0.0000 191.8480 290.5404 312.8480 1.4341 1.5986 3.9399 -6.7444 1.7235 9.9269 -3.0112 0.7384
Car -1 -1 -2.8563 368.9473 170.3982 483.5907 211.5762 1.5256 1.6299 3.9541 -7.0181 1.4350 27.6198 -3.1032 0.6336
Car -1 -1 0.2647 356.1917 180.1324 478.8724 224.4034 1.4787 1.5972 3.8522 -6.6941 1.7412 25.1763 0.0070 0.6023
Car -1 -1 0.7433 0.0000 192.8366 223.2617 358.5726 1.5055 1.6062 3.8288 -6.5027 1.7440 7.6838 0.0578 0.5472
Car -1 -1 2.3826 0.0000 168.2419 81.7049 375.0000 1.5231 1.6117 4.1358 -5.0506 1.5126 3.8169 1.4928 0.3494
Car -1 -1 1.4953 636.8915 172.0416 665.2560 195.8019 1.5458 1.6266 3.7849 2.7140 1.4933 48.8480 1.5501 0.3491
Car -1 -1 -1.3971 478.2931 175.7926 522.0618 213.8764 1.6740 1.4910 3.1399 -5.0986 1.8175 33.5456 -1.5472 0.3454
