Pedestrian -1 -1 -1.4422 716.4742 183.3530 736.4313 227.6287 1.7672 0.7091 0.8274 4.7284 2.2044 29.5280 -1.2858 0.3415
Pedestrian -1 -1 -1.1797 710.9958 173.5464 727.5582 210.6394 1.8574 0.5497 0.8541 5.5170 1.8935 36.6551 -1.0321 0.2444
Pedestrian -1 -1 1.7240 306.9226 132.0918 339.0688 207.2829 1.8512 0.6153 0.9677 -7.3174 0.8480 18.3012 1.3484 0.2133
Pedestrian -1 -1 0.5790 0.0000 133.8269 51.8497 287.0971 1.7460 0.5210 0.7042 -7.1941 1.3018 8.5136 -0.1072 0.2122
Car -1 -1 -1.7829 700.2984 190.5630 840.0673 291.2607 1.4659 1.6212 3.9061 2.6823 1.8375 13.1589 -1.5875 0.9468
Car -1 -1 1.4087 654.6844 184.3318 718.8677 233.1133 1.5608 1.6576 3.9928 2.6462 2.0087 26.0901 1.5078 0.8858
Car -1 -1 1.6547 523.6652 180.1692 575.5818 221.3242 1.5695 1.8164 4.5449 -2.5199 1.9031 30.5958 1.5726 0.8853
Car -1 -1 2.0799 0.0000 197.6846 400.9949 375.0000 1.4838 1.6043 4.1051 -2.5857 1.6962 4.0836 1.5432 0.8302
Car -1 -1 1.3957 555.2346 182.5963 589.5969 209.8975 1.5983 1.5531 3.6132 -2.4428 2.2399 45.5543 1.3419 0.5656
Car -1 -1 -1.5533 645.4097 183.3031 671.3011 209.3821 1.5307 1.5752 3.8204 3.0731 2.2242 45.8936 -1.4875 0.2795
Car -1 -1 1.8903 419.5658 161.6565 478.6482 193.4325 1.4526 1.6033 4.0626 -7.7832 0.9411 35.0852 1.6734 0.2111
