Cyclist -1 -1 -0.4480 936.5501 147.2870 1007.2534 201.7040 1.6867 0.7669 1.8434 11.3491 0.8946 22.7543 0.0094 0.2671
Car -1 -1 1.1749 831.4730 193.1830 1157.8177 370.5215 1.4725 1.7095 4.3606 4.0853 1.7801 8.6980 1.5997 0.9220
Car -1 -1 -1.7531 755.4865 187.4008 875.6489 273.4832 1.4268 1.5678 4.1327 3.9879 1.7682 14.7923 -1.4958 0.8842
Car -1 -1 1.7354 352.1058 144.4539 522.8294 304.3713 1.9188 1.7213 4.4054 -2.3941 1.5784 10.8957 1.5232 0.8649
Car -1 -1 1.7178 453.1231 172.9383 552.4428 250.9332 1.5601 1.6546 3.9301 -2.3529 1.5626 16.4040 1.5768 0.8455
Car -1 -1 1.7095 542.5460 167.1890 593.3206 207.1105 1.6860 1.7410 4.0720 -1.8701 1.4471 32.5705 1.6522 0.8321
Car -1 -1 -1.7628 732.3442 180.0895 813.3795 240.4940 1.4860 1.5265 3.3667 4.3386 1.7025 19.8526 -1.5516 0.8312
Car -1 -1 -1.7821 702.9465 175.2832 768.8214 221.6689 1.5859 1.6397 3.7101 4.5418 1.6827 26.7543 -1.6164 0.7160
Car -1 -1 -1.7304 688.4227 175.5159 738.1699 212.6894 1.5057 1.5648 3.6054 4.3796 1.6283 31.3033 -1.5932 0.5411
Car -1 -1 1.4438 681.7903 166.8835 724.2772 199.7254 1.5892 1.6317 4.1325 4.6706 1.3007 36.9808 1.5681 0.4467
Car -1 -1 -2.6601 1123.3933 196.8611 1242.0000 375.0000 1.4807 1.6132 3.8362 3.8680 1.6232 2.2785 -1.6775 0.3027
