Car -1 -1 1.8996 247.4333 190.6768 460.8004 340.9764 1.5324 1.5379 3.5046 -3.1789 1.8118 9.5348 1.5850 0.9038
Car -1 -1 1.7050 466.4002 163.3591 547.4688 238.8412 1.9473 1.7160 4.5114 -2.9017 1.7027 20.8698 1.5679 0.8858
Car -1 -1 -1.8492 739.7808 176.2468 905.7410 287.1241 1.5665 1.6303 3.7814 3.3343 1.6333 12.2139 -1.5898 0.8821
Car -1 -1 -2.0269 855.8555 193.0244 1242.0000 375.0000 1.4643 1.5840 3.9074 3.7193 1.7125 6.8927 -1.5511 0.8759
Car -1 -1 -1.6743 681.5440 177.8992 743.1851 225.3473 1.4681 1.6409 4.3151 3.4048 1.6583 24.9676 -1.5410 0.8241
Car -1 -1 2.2781 0.0000 193.0908 280.5608 375.0000 1.4408 1.5980 3.8575 -3.1437 1.5853 3.1860 1.5403 0.6805
Car -1 -1 1.6797 544.7729 175.5430 581.8560 204.5479 1.6104 1.7308 4.3093 -2.7397 1.7780 42.6569 1.6155 0.6539
Car -1 -1 1.4570 712.8340 181.7850 791.4204 245.5171 1.4417 1.5514 3.7025 3.5425 1.6977 18.7526 1.6400 0.6085
Car -1 -1 -1.6860 676.7461 175.9249 721.0565 213.8811 1.4800 1.4508 3.2341 3.6071 1.6150 30.0135 -1.5682 0.5798
Car -1 -1 -1.7173 653.1081 175.6077 689.8068 203.8875 1.5285 1.5491 3.7504 3.4363 1.6938 41.2915 -1.6354 0.3961
Car -1 -1 -1.6335 668.5987 177.4616 705.1179 209.6607 1.5308 1.6004 3.8039 3.8324 1.7784 36.7859 -1.5311 0.3897
