Pedestrian -1 -1 2.9622 565.9071 163.6841 584.7947 197.6232 1.8641 0.5875 0.9564 -1.9597 1.3608 40.0212 2.9132 0.6140
Pedestrian -1 -1 3.4541 175.9244 165.6903 206.8524 212.5535 1.8063 0.5192 0.9293 -16.3740 1.5306 28.1596 2.9314 0.3236
Pedestrian -1 -1 -1.7882 36.6348 166.4724 61.2133 212.2248 1.7874 0.6111 0.8204 -22.3492 1.5385 28.6830 -2.4457 0.2705
Pedestrian -1 -1 2.8948 13.1190 166.0621 45.0177 214.9027 1.8330 0.5412 0.8445 -22.2445 1.5785 27.5770 2.2206 0.2344
Car -1 -1 1.1435 513.8129 164.1038 570.3417 195.8090 1.8139 1.7751 4.2866 -4.1912 1.3137 43.5784 1.0478 0.8826
Car -1 -1 -2.0492 555.8574 168.5761 606.5623 193.0252 1.4698 1.6007 3.8301 -1.8895 1.2130 45.4343 -2.0908 0.6238
Car -1 -1 0.9304 741.1130 161.2159 799.5565 186.7883 1.6464 1.6580 4.2049 10.7307 0.8975 48.7097 1.1458 0.5828
Car -1 -1 -2.1662 599.4817 168.3735 659.9763 193.8520 1.5368 1.6466 4.4010 1.1620 1.2669 45.8159 -2.1414 0.5299
Car -1 -1 0.7501 807.7544 163.4755 861.7637 186.9807 1.6477 1.5987 3.6367 16.2988 0.9906 52.5514 1.0490 0.5191
Car -1 -1 1.6671 702.1099 169.6938 729.9903 191.6532 1.4896 1.5878 3.9183 7.5055 1.2755 51.0326 1.8120 0.3018
Car -1 -1 -2.3020 899.0551 169.0394 952.8249 189.0473 1.5106 1.6226 3.9666 24.7039 1.2230 56.6115 -1.8927 0.2841
Car -1 -1 0.9088 1024.4692 163.5694 1075.6597 182.9259 1.6038 1.6295 3.9900 37.6389 0.8349 61.8565 1.4532 0.2247
