Pedestrian -1 -1 1.9967 18.5210 171.3736 191.7272 375.0000 1.7576 0.7324 1.0424 -3.9414 1.7476 5.6479 1.4087 0.8121
Pedestrian -1 -1 0.5690 1134.2506 159.4267 1242.0000 268.7444 1.6049 0.5286 1.3958 9.0821 1.4082 11.3366 1.2314 0.1489
Cyclist -1 -1 1.9586 0.0000 170.0061 196.6090 375.0000 1.8388 0.6685 1.6229 -3.9012 1.8206 5.5600 1.3684 0.4444
Cyclist -1 -1 0.5690 1134.2506 159.4267 1242.0000 268.7444 1.6049 0.5286 1.3958 9.0821 1.4082 11.3366 1.2314 0.2963
Car -1 -1 -1.8096 744.7737 174.9899 993.1245 345.6246 1.5458 1.6459 4.4520 2.7348 1.5791 8.8551 -1.5206 0.9014
Car -1 -1 -2.7220 219.2434 172.9666 438.4905 261.9080 1.8586 1.7681 4.1990 -6.1998 1.8616 16.0789 -3.0851 0.8394
Car -1 -1 1.5946 547.4738 175.5766 571.3225 197.7768 1.5541 1.6561 4.1322 -3.7186 1.7629 53.1256 1.5247 0.6180
Car -1 -1 1.4045 660.0841 169.9912 711.5142 209.0264 1.5888 1.5728 3.9513 3.1887 1.4726 31.3886 1.5043 0.5402
Car -1 -1 -1.7337 666.4030 158.5195 741.4058 225.3812 1.9984 1.7164 4.4671 2.9424 1.5703 23.8307 -1.6130 0.5124
Car -1 -1 -1.3871 580.0907 174.3735 606.4662 192.3524 1.5232 1.6228 4.0011 -1.4610 1.6619 63.5889 -1.4103 0.4277
Car -1 -1 -1.6415 648.0173 172.6209 676.2464 196.9257 1.5280 1.5762 3.6677 3.3430 1.5137 47.1928 -1.5716 0.2808
