Pedestrian -1 -1 -1.9522 41.9415 161.3911 78.6863 226.3342 1.7201 0.5536 0.7531 -14.9347 1.4168 19.5396 -2.5984 0.1971
Pedestrian -1 -1 0.5314 130.5423 180.4949 193.1977 301.5452 1.6184 0.4138 0.6024 -6.1840 1.7256 9.8822 -0.0161 0.1883
Pedestrian -1 -1 1.5850 397.0524 178.9204 412.9544 228.7996 1.6833 0.5169 0.7028 -7.1018 1.8960 24.8525 1.3090 0.1620
Pedestrian -1 -1 -1.6090 646.8347 169.3197 660.5776 204.8453 1.8364 0.6837 0.8327 2.2441 1.6541 37.7189 -1.5506 0.1615
Pedestrian -1 -1 -1.9190 408.2910 181.6381 428.4310 229.9166 1.7246 0.5219 0.6448 -7.0411 2.0507 26.3367 -2.1783 0.1367
Cyclist -1 -1 -1.6186 654.1786 172.7594 665.7420 210.8447 1.7348 0.4551 1.6530 2.2873 1.7308 33.6938 -1.5520 0.1918
Cyclist -1 -1 -0.5336 1046.6686 133.3336 1239.2974 291.2310 1.6339 0.5310 1.6419 5.6582 1.2253 7.7909 0.0765 0.1689
Car -1 -1 3.5757 23.4791 177.1333 304.3208 275.1270 1.8207 1.7803 4.5177 -8.8741 1.9144 14.6205 3.0378 0.9180
Car -1 -1 1.6595 472.1766 179.2558 524.8018 225.4041 1.5874 1.6262 3.9615 -4.2051 1.8489 27.4064 1.5081 0.8993
Car -1 -1 -1.4542 432.2448 184.5972 499.5864 242.3186 1.4661 1.5124 3.3478 -4.1115 1.8324 20.7539 -1.6481 0.8734
Car -1 -1 1.5525 509.1469 181.2729 536.6588 208.0505 1.5027 1.5803 3.8828 -5.3551 2.0379 43.8002 1.4311 0.1727
Car -1 -1 -1.7150 638.5326 170.9238 679.0872 201.4398 1.5836 1.6330 4.0836 2.5840 1.4838 39.5419 -1.6507 0.1357
