Pedestrian -1 -1 1.9996 945.6093 180.6878 966.1394 223.6466 1.6990 0.4696 0.7773 13.9191 2.0202 29.1199 2.4409 0.2520
Cyclist -1 -1 -2.1977 214.2514 183.9643 239.1109 210.9096 1.6162 0.4424 1.6907 -23.5822 2.3079 44.3197 -2.6845 0.2445
Car -1 -1 -0.2968 699.6234 196.0501 872.2808 265.1299 1.5470 1.6362 3.8070 4.1960 2.1483 17.7407 -0.0694 0.9213
Car -1 -1 3.4678 205.8934 192.2600 390.9494 257.2159 1.5489 1.6498 4.1042 -8.0247 2.0800 18.7573 3.0682 0.8724
Car -1 -1 -0.6291 859.4781 192.4158 1242.0000 375.0000 1.6080 1.6417 3.7095 4.5103 1.8241 6.9946 -0.0768 0.8718
Car -1 -1 3.6999 0.0000 194.6808 259.2047 308.6968 1.5072 1.6303 3.9422 -7.6731 1.8617 10.7935 3.0932 0.8433
Car -1 -1 0.5367 54.5943 191.4730 325.9695 279.2869 1.5105 1.6492 4.1965 -7.8480 1.8857 13.6512 0.0229 0.8340
Car -1 -1 -0.3096 679.8746 194.6425 833.4761 254.8013 1.5404 1.6332 3.9135 4.0115 2.1843 20.2684 -0.1181 0.6576
Car -1 -1 0.7580 0.0000 187.5286 159.5713 331.5371 1.4819 1.6199 3.9475 -7.8065 1.6721 8.4648 0.0286 0.4926
Car -1 -1 0.2940 297.1844 191.0461 419.2020 236.4938 1.5593 1.6152 3.9051 -9.1626 2.2461 26.3403 -0.0382 0.3765
Car -1 -1 3.2499 268.6992 188.5262 401.8443 240.0251 1.5342 1.6234 3.9006 -8.8895 2.0733 23.5323 2.8920 0.3219
Car -1 -1 -1.8339 458.3924 191.3697 493.3311 212.9171 1.5055 1.6632 4.1455 -10.5603 3.0122 56.4691 -2.0184 0.2501
