Pedestrian -1 -1 0.3402 924.5653 134.4204 957.5260 209.2418 1.7593 0.5832 0.5621 7.9210 0.8560 17.3681 0.7616 0.3183
Car -1 -1 2.1077 0.0000 202.8508 281.6749 375.0000 1.6130 1.6227 4.0178 -6.0384 2.0898 9.4330 1.5506 0.9208
Car -1 -1 -1.9996 871.2226 179.5427 1242.0000 375.0000 1.4417 1.5420 3.6267 3.0296 1.5057 4.9779 -1.4798 0.7986
Car -1 -1 1.7746 442.6415 186.4604 495.7170 224.0341 1.5010 1.5905 3.7170 -6.2265 2.1408 32.0423 1.5836 0.7687
Car -1 -1 -1.0675 186.1179 199.1920 255.7059 231.5293 1.5116 1.6244 3.8706 -20.8891 3.0008 38.8399 -1.5584 0.7523
Car -1 -1 1.7574 468.9408 186.9074 512.4163 217.5977 1.4422 1.5528 3.8147 -6.1972 2.2123 37.5930 1.5946 0.7191
Car -1 -1 -1.6830 646.9153 175.8927 687.7529 209.0042 1.5320 1.5857 3.7449 2.7412 1.6904 35.6303 -1.6074 0.7063
Car -1 -1 -1.0270 146.2721 198.4425 216.6548 228.1604 1.4212 1.6005 3.7685 -23.4991 2.8952 39.6572 -1.5593 0.6143
Car -1 -1 0.6779 608.1534 177.2131 661.0051 197.6337 1.5285 1.6252 4.0225 1.8828 1.8834 56.7555 0.7105 0.5360
Car -1 -1 2.2262 237.9906 191.6213 314.9915 223.3961 1.5068 1.6545 4.0206 -17.9192 2.5746 38.8916 1.7967 0.4143
Car -1 -1 1.1638 516.0856 182.5924 552.2418 201.8138 1.5418 1.6217 4.0630 -6.5982 2.4115 62.2401 1.0582 0.3045
