Car -1 -1 1.9839 114.6599 182.5839 469.9162 375.0000 1.5084 1.7191 4.3776 -2.9764 1.6445 7.8245 1.6306 0.9414
Car -1 -1 -1.9776 759.2105 189.6061 1073.5751 375.0000 1.5189 1.6236 3.7631 2.8875 1.7467 7.8613 -1.6392 0.9212
Car -1 -1 1.3465 700.6938 187.5986 847.8501 288.9260 1.4951 1.6790 4.1835 2.7818 1.8119 13.3703 1.5460 0.8867
Car -1 -1 1.8042 372.8069 175.2406 503.3656 271.3803 1.5990 1.5859 3.8483 -3.2206 1.6521 14.0263 1.5818 0.8860
Car -1 -1 1.6555 483.8909 175.1165 541.1959 228.3533 1.5416 1.5087 3.3482 -3.0505 1.6186 22.7444 1.5231 0.8531
Car -1 -1 1.4587 667.7056 179.1630 726.0818 222.4684 1.4745 1.6975 4.2888 3.1624 1.7327 27.3359 1.5720 0.8093
Car -1 -1 -1.6415 649.4495 176.2088 678.0799 199.4677 1.4500 1.5942 3.9515 3.4715 1.6805 47.5257 -1.5695 0.5148
Car -1 -1 1.6818 512.6722 174.8997 561.2097 214.0532 1.5036 1.5784 3.8588 -2.9994 1.5941 29.8465 1.5819 0.3710
Car -1 -1 -2.6329 0.0000 0.0000 1242.0000 375.0000 1.5166 1.6000 3.7642 3.0344 1.5247 1.4814 -1.5924 0.2939
Car -1 -1 1.5772 572.5306 173.6969 591.1335 191.1821 1.5229 1.6249 4.0148 -2.5491 1.6017 65.0718 1.5379 0.2901
