Car -1 -1 -1.7354 600.8943 187.2060 668.8712 237.7588 1.4488 1.6014 3.9315 0.6925 1.9655 23.9003 -1.7077 0.9430
Car -1 -1 -2.0216 735.2999 197.9608 1027.7209 371.4025 1.4420 1.5768 3.9158 2.8291 1.8145 8.6419 -1.7168 0.9125
Car -1 -1 1.9419 0.0000 211.1114 257.0759 375.0000 1.4781 1.5952 3.9279 -5.7217 2.0499 8.6928 1.3733 0.9015
Car -1 -1 -1.6780 591.7825 183.6924 641.7103 225.4523 1.5316 1.6000 4.1729 0.1674 2.0111 29.7371 -1.6732 0.8945
Car -1 -1 1.7429 419.8398 188.6240 463.8193 222.5333 1.6304 1.6408 3.9008 -8.9580 2.5166 38.5363 1.5155 0.7808
Car -1 -1 -2.9015 817.1617 170.5490 953.9745 221.4393 1.5480 1.6148 3.9355 8.9730 1.4783 23.7194 -2.5445 0.7759
Car -1 -1 -1.7528 573.7800 181.0235 603.9341 203.0403 1.6530 1.6814 4.2227 -1.7655 2.3362 58.0725 -1.7836 0.4975
Car -1 -1 1.7455 441.2548 186.9688 479.6392 214.8113 1.5335 1.6106 3.9925 -9.0592 2.4303 43.8039 1.5423 0.4376
Car -1 -1 2.2046 0.0000 237.5241 94.6703 375.0000 1.4337 1.5993 3.7920 -4.9635 1.9977 4.2707 1.3753 0.4061
Car -1 -1 -2.8969 808.2234 178.5107 928.2861 222.7031 1.4744 1.6061 3.8402 9.3163 1.6940 26.2378 -2.5599 0.3914
Car -1 -1 0.7311 1080.8643 130.9706 1204.9399 174.9771 1.6679 1.6494 3.9763 21.5670 0.0808 29.4611 1.3585 0.3869
Car -1 -1 1.5550 1189.7773 173.5603 1242.0000 277.4946 1.4570 1.6114 3.8847 10.7951 1.4712 12.1450 2.2692 0.3486
