Pedestrian -1 -1 2.3535 754.9744 156.3013 774.3153 191.0662 1.7700 0.5503 0.8299 7.9344 0.9276 37.1910 2.5618 0.3069
Cyclist -1 -1 2.4692 754.7170 156.4943 774.6891 190.8951 1.7526 0.5519 0.8477 7.9374 0.9195 37.1944 2.6776 0.1567
Car -1 -1 2.0977 0.0000 179.6723 131.8316 261.3400 1.6889 1.7065 4.2550 -13.6957 1.8758 17.5098 1.4411 0.9347
Car -1 -1 -1.4798 501.6367 177.1670 541.8593 209.5859 1.4382 1.5813 3.5371 -4.1815 1.6542 34.2747 -1.6007 0.8579
Car -1 -1 -1.5654 556.2682 177.5154 608.4441 225.6578 1.4631 1.6121 3.6014 -0.9626 1.6310 24.1067 -1.6056 0.8525
Car -1 -1 1.8884 250.5465 180.8888 314.3930 217.3270 1.5967 1.6353 3.9059 -15.6273 2.0042 34.5360 1.4660 0.6923
Car -1 -1 2.2758 834.3143 180.7302 884.3978 201.3939 1.6315 1.6703 4.1275 20.7545 2.3071 60.0859 2.6064 0.4128
Car -1 -1 1.6359 896.9029 177.9052 933.7572 208.7984 1.4965 1.5407 3.8163 15.9405 1.7750 37.6716 2.0330 0.2464
Car -1 -1 2.0071 719.0193 177.9451 760.7643 198.5618 1.5327 1.6266 4.1898 10.2542 1.9500 56.8976 2.1841 0.1817
Car -1 -1 1.7452 151.5482 196.5268 188.8271 220.9512 1.4971 1.5643 3.8964 -30.6933 3.2197 50.3927 1.2002 0.1809
