Pedestrian -1 -1 -1.4223 659.6493 173.6153 673.3581 205.9446 1.6712 0.6221 0.6762 3.0415 1.0727 37.5564 -1.3425 0.1523
Pedestrian -1 -1 -0.6270 808.1949 162.7221 838.5643 212.7595 1.6413 0.4981 0.8365 7.1419 0.9046 23.9500 -0.3407 0.1506
Pedestrian -1 -1 0.0550 1084.9708 195.3512 1142.3915 337.9268 1.6147 0.4594 0.5418 5.9560 1.7411 8.5335 0.6487 0.1333
Pedestrian -1 -1 -2.2875 733.9588 164.8050 753.4760 201.2631 1.7505 0.6564 0.6661 6.5798 0.7716 34.9654 -2.1033 0.1227
Pedestrian -1 -1 -2.7570 1035.9510 155.9748 1077.3743 238.4331 1.7197 0.5958 0.5747 9.5677 1.1110 15.3965 -2.2094 0.1169
Cyclist -1 -1 2.1314 206.2028 139.7486 308.0655 276.0957 1.6200 0.4747 1.4505 -4.5343 1.0809 9.2852 1.6887 0.1277
Cyclist -1 -1 -1.7321 654.7917 173.1102 675.2570 201.9203 1.4984 0.7772 1.9772 3.0162 0.8699 38.4020 -1.6547 0.1096
Car -1 -1 -1.7140 597.7454 164.2881 640.0106 195.4810 1.5338 1.6490 3.8721 0.4943 0.5059 37.3695 -1.7012 0.8523
Car -1 -1 -1.6322 526.2284 165.7045 566.0625 199.9385 1.4940 1.6095 3.6006 -2.9314 0.6436 33.2669 -1.7197 0.8222
Car -1 -1 -1.5434 647.4988 170.5908 679.1555 199.6475 1.5096 1.6274 3.9893 3.0598 0.7509 39.4124 -1.4669 0.2033
Car -1 -1 3.3434 346.3721 170.2671 393.4767 187.1585 1.5316 1.5795 3.8804 -21.8739 0.1773 66.1866 3.0252 0.1354
Car -1 -1 -1.6303 562.2009 159.2489 583.4941 180.1924 1.9344 1.8020 4.3569 -3.4228 -0.5020 69.7406 -1.6794 0.1325
Car -1 -1 1.6592 439.7820 172.5093 486.6234 211.2745 1.4568 1.5133 3.8510 -5.8059 0.9804 29.0070 1.4632 0.1198
