Pedestrian -1 -1 -1.7919 826.6135 154.9744 872.8668 251.3520 1.8423 0.6327 1.1228 4.7080 1.5009 14.3772 -1.4823 0.8225
Pedestrian -1 -1 0.6416 0.0000 116.8970 43.8124 259.3559 1.7172 0.5557 0.6440 -7.6473 1.0431 8.9880 -0.0488 0.2133
Pedestrian -1 -1 -1.3234 1048.5142 132.8156 1116.3662 256.9337 1.5578 0.4427 1.4594 6.3259 1.0556 9.7163 -0.7602 0.1753
Cyclist -1 -1 -1.5043 1059.7275 133.6885 1105.1646 260.3519 1.5670 0.4334 1.5613 6.3036 1.0829 9.6825 -0.9412 0.3867
Cyclist -1 -1 0.9818 800.7452 172.2789 853.1882 233.8564 1.6359 0.5544 1.6649 5.9543 1.6209 20.0428 1.2659 0.2457
Cyclist -1 -1 -1.7390 825.2236 154.2689 870.2321 251.8187 1.8633 0.6487 1.2086 4.6816 1.5086 14.4225 -1.4319 0.2307
Cyclist -1 -1 1.3676 847.5564 156.3329 890.0559 235.4820 1.6798 0.5448 1.7218 5.7356 1.3296 16.2001 1.7016 0.1940
Car -1 -1 1.8326 438.6902 184.3813 524.8668 235.4560 1.4472 1.7174 4.2849 -4.1259 1.8607 23.6506 1.6611 0.9054
Car -1 -1 -1.4896 693.2531 176.8836 746.8518 226.2021 1.5862 1.6028 3.3076 3.8662 1.7378 25.2891 -1.3404 0.7791
Car -1 -1 2.2461 0.0000 201.1170 221.4782 375.0000 1.4664 1.5999 3.9670 -4.9118 1.7648 5.6083 1.5500 0.5817
Car -1 -1 1.7743 648.0706 172.1780 675.7881 191.0648 1.6192 1.6640 4.0987 4.6229 1.5616 64.0523 1.8457 0.4677
Car -1 -1 1.5533 785.0329 162.1554 820.8693 195.6668 1.5466 1.6070 4.1380 9.4015 1.0532 35.4969 1.8099 0.2103
