Car -1 -1 -1.8268 683.1858 174.5070 860.1326 288.5455 1.4298 1.6086 3.9544 2.2056 1.4603 11.1290 -1.6372 0.9234
Car -1 -1 -1.7920 634.6714 170.3354 711.5065 222.4824 1.5638 1.6209 4.1628 1.9332 1.4886 23.8101 -1.7126 0.9081
Car -1 -1 -1.4601 477.2196 174.1379 539.4825 223.5630 1.5460 1.6707 4.0102 -3.4372 1.5939 24.6983 -1.5975 0.8980
Car -1 -1 -2.5389 39.2021 186.5246 261.7160 262.4959 1.4258 1.5402 3.5926 -9.3075 1.7208 14.6975 -3.0955 0.8824
Car -1 -1 2.3952 0.0000 200.5518 176.6491 375.0000 1.4337 1.6012 3.8619 -3.4171 1.6058 2.4924 1.5054 0.5754
Car -1 -1 -1.6667 619.2256 165.9318 656.5214 200.6035 1.8368 1.6900 4.0206 1.4704 1.4705 40.2805 -1.6310 0.5561
Car -1 -1 -1.6421 627.7709 171.7290 673.4598 211.2641 1.5210 1.5793 4.0388 1.5720 1.4781 29.7912 -1.5905 0.4510
Car -1 -1 3.8370 0.0000 199.3736 84.5794 352.2735 1.4500 1.5419 3.5585 -8.3209 1.7815 8.0843 3.0537 0.4189
Car -1 -1 -1.7408 483.1785 170.9776 536.7544 210.6409 1.5215 1.5704 3.6935 -4.2126 1.4499 29.6746 -1.8810 0.4021
Car -1 -1 -2.3802 0.0000 191.6234 64.9224 271.6999 1.5192 1.6389 3.9928 -13.9451 1.9307 14.9467 -3.1221 0.3664
Car -1 -1 -1.4853 520.0686 175.4075 555.0312 206.0876 1.5548 1.5623 3.6286 -3.8774 1.6986 38.6923 -1.5850 0.3470
