Pedestrian -1 -1 -1.2857 245.1409 159.6055 309.9224 288.0168 1.7147 0.6548 0.6584 -4.6478 1.5381 10.0038 -1.7111 0.6578
Pedestrian -1 -1 -2.5426 1018.3568 120.0373 1144.5975 315.9428 1.7694 0.7277 0.7520 4.5069 1.2927 7.0058 -1.9903 0.2730
Pedestrian -1 -1 -0.2171 558.5715 176.3996 572.7940 203.6151 1.7046 0.5892 0.7899 -2.8397 1.9313 45.6830 -0.2793 0.2682
Cyclist -1 -1 -0.2020 558.8307 176.4336 573.5259 203.7378 1.7099 0.5783 0.8288 -2.8077 1.9388 45.6714 -0.2635 0.1111
Car -1 -1 -1.1493 3.5295 191.2828 447.1903 375.0000 1.4807 1.6008 4.1589 -2.7856 1.6957 6.3075 -1.5510 0.9102
Car -1 -1 -1.7337 661.0263 174.5877 742.8530 233.2694 1.4400 1.5747 3.9237 2.3687 1.4928 19.8176 -1.6173 0.9048
Car -1 -1 -1.5533 523.8231 175.3797 561.9379 210.5965 1.5234 1.6613 4.1385 -3.1318 1.6489 33.6390 -1.6459 0.8585
Car -1 -1 -1.7737 637.1136 173.2393 691.0002 211.1065 1.5916 1.6221 4.0225 2.3222 1.6104 32.4683 -1.7035 0.8283
Car -1 -1 -2.0903 814.9399 180.6376 1242.0000 375.0000 1.4808 1.5984 3.9096 2.4860 1.5469 4.1238 -1.5799 0.7243
Car -1 -1 -1.3129 271.1099 183.4863 463.6129 308.7762 1.4399 1.6292 4.1440 -3.3887 1.6297 10.7505 -1.6122 0.6368
Car -1 -1 2.2731 0.0000 0.0000 1242.0000 375.0000 1.4535 1.5864 3.7567 -2.5819 1.6740 1.6618 1.3466 0.3569
