Pedestrian -1 -1 2.4759 218.6068 173.9599 259.7201 235.7269 1.6508 0.5522 0.8422 -10.2164 1.6823 19.7971 2.0046 0.3083
Pedestrian -1 -1 -1.3434 42.1409 199.9143 77.1350 256.8385 1.7188 0.7414 0.6673 -17.3309 2.5866 22.6727 -1.9906 0.2113
Pedestrian -1 -1 0.6824 628.3768 179.1213 653.6880 210.6320 1.6213 0.5302 1.2837 1.5936 1.9571 37.9935 0.7234 0.1909
Pedestrian -1 -1 -0.1727 412.0370 174.0169 428.0740 206.1444 1.7098 0.4710 0.7645 -10.2508 1.7733 38.7972 -0.4297 0.1480
Cyclist -1 -1 1.0942 628.2841 180.3322 649.1405 210.9249 1.5691 0.5211 1.3840 1.4723 1.9721 38.1035 1.1319 0.4409
Cyclist -1 -1 2.3817 216.7379 173.2903 261.0938 236.0030 1.6741 0.5908 0.9317 -10.2235 1.6867 19.8034 1.9103 0.1947
Cyclist -1 -1 -0.3783 0.0000 187.6385 72.1400 248.8664 1.7790 0.5185 1.7511 -17.7854 2.2540 22.2775 -1.0463 0.1061
Car -1 -1 2.0505 143.6431 187.9603 324.5366 270.5635 1.4737 1.6861 4.2684 -8.0191 1.8499 15.8032 1.5873 0.9139
Car -1 -1 1.7782 427.0875 178.9493 476.5132 210.3302 1.5222 1.7086 4.1759 -8.2763 1.8605 37.9046 1.5642 0.8535
Car -1 -1 1.6197 327.7744 190.7097 352.4519 213.6038 1.7185 1.7150 4.1541 -22.3875 3.2564 59.8899 1.2630 0.2335
Car -1 -1 -0.8553 73.6821 188.3638 213.0913 241.5611 1.4857 1.6023 3.9242 -15.0105 2.0336 23.4098 -1.4205 0.1146
Car -1 -1 -1.3163 42.1339 192.7812 135.3609 245.5000 1.5093 1.6048 3.8633 -17.4855 2.2393 24.3261 -1.9346 0.1026
