Pedestrian -1 -1 2.1677 295.4413 157.5365 388.1291 290.9864 1.8165 0.7799 1.0859 -3.8337 1.5056 10.2419 1.8214 0.8030
Pedestrian -1 -1 -1.4209 360.3746 162.8901 388.6064 224.5699 1.8574 0.6746 1.0708 -7.1519 1.3287 21.8696 -1.7309 0.5607
Pedestrian -1 -1 -1.9885 379.6903 168.5246 401.2709 209.1091 1.7016 0.5972 0.8298 -9.1719 1.2010 30.1492 -2.2791 0.4553
Pedestrian -1 -1 -2.5903 361.2276 148.8364 382.6501 185.4510 1.8367 0.5429 0.8772 -11.8233 0.2498 35.8293 -2.9043 0.3129
Pedestrian -1 -1 0.9856 760.5873 126.8410 822.1558 255.6078 1.6880 0.4701 0.7614 2.4982 0.9862 9.7006 1.2321 0.2170
Pedestrian -1 -1 1.5950 332.0240 91.6240 363.3070 183.8804 1.7356 0.5415 1.3135 -5.1255 0.0652 14.0048 1.2545 0.1398
Pedestrian -1 -1 1.9009 488.1597 167.1556 504.4755 193.7967 1.7988 0.5912 1.6894 -7.4622 0.8991 48.6175 1.7513 0.1213
Cyclist -1 -1 1.8294 488.5419 167.6291 503.8216 194.1615 1.7907 0.5970 1.7962 -7.4746 0.9233 48.6397 1.6797 0.4317
Cyclist -1 -1 1.5950 332.0240 91.6240 363.3070 183.8804 1.7356 0.5415 1.3135 -5.1255 0.0652 14.0048 1.2545 0.2059
Cyclist -1 -1 2.2694 281.5694 157.7859 381.1747 292.4395 1.7976 0.8108 1.0921 -3.9251 1.4961 10.0842 1.9106 0.1533
Cyclist -1 -1 -2.5903 361.2276 148.8364 382.6501 185.4510 1.8367 0.5429 0.8772 -11.8233 0.2498 35.8293 -2.9043 0.1231
Car -1 -1 -1.6388 546.4815 157.5228 594.6635 208.6799 1.9307 1.6870 3.8929 -1.4839 1.0650 28.7111 -1.6880 0.8489
Car -1 -1 1.5172 537.3490 163.9846 576.8802 201.7615 1.6874 1.6546 4.2909 -2.3633 0.9512 33.8075 1.4499 0.4886
