Pedestrian -1 -1 -1.6340 766.5953 174.6226 787.7548 226.0394 1.8604 0.7147 0.6426 6.0924 1.9267 26.5046 -1.4113 0.2581
Car -1 -1 0.4877 101.0439 182.7487 393.6112 278.3541 1.5140 1.6752 4.2595 -6.1959 1.6987 12.5267 0.0362 0.9300
Car -1 -1 -1.7334 672.4487 183.4566 759.7614 245.0445 1.3741 1.5839 3.9661 2.5967 1.6801 18.7906 -1.5990 0.9127
Car -1 -1 0.3536 305.6218 170.8309 471.8474 229.2206 1.5273 1.6509 4.0441 -6.0450 1.4747 19.8172 0.0608 0.8234
Car -1 -1 -1.7268 655.8895 178.9466 712.8035 220.1161 1.4491 1.5867 3.8893 2.7648 1.7024 27.9704 -1.6299 0.7899
Car -1 -1 1.6658 554.1583 175.2691 586.6224 202.1583 1.5183 1.5892 3.6892 -2.3509 1.6688 42.9520 1.6110 0.6961
Car -1 -1 0.4446 406.2191 179.4251 510.7005 218.9834 1.4430 1.5366 3.6462 -5.8771 1.7081 27.8853 0.2383 0.6201
Car -1 -1 -1.5856 643.6529 175.5797 669.7626 200.9111 1.5497 1.6107 3.8266 2.9448 1.7331 46.5084 -1.5232 0.4995
Car -1 -1 0.1888 428.7709 176.1108 520.7300 210.2232 1.5695 1.6344 4.0471 -6.3950 1.7279 34.1805 0.0048 0.4029
Car -1 -1 -2.3178 0.0000 190.1264 135.7932 375.0000 1.4833 1.5921 3.8340 -6.7829 1.6616 6.5531 -3.1001 0.3986
