Cyclist -1 -1 -3.1698 863.5010 141.9072 981.7343 254.3662 1.6845 0.4043 1.6687 4.8451 1.0369 11.2535 -2.7725 0.1774
Car -1 -1 -1.3761 341.2896 179.7936 475.5840 277.6315 1.5695 1.6748 3.8406 -3.6088 1.4837 13.4966 -1.6328 0.9490
Car -1 -1 -1.0277 0.0000 163.2220 180.2834 255.3587 2.0173 1.7438 4.5082 -12.8630 1.5369 18.0442 -1.6402 0.9387
Car -1 -1 -1.1817 156.0895 188.5811 311.6734 261.0176 1.4054 1.5978 4.2396 -8.3013 1.4931 16.3190 -1.6459 0.8634
Car -1 -1 -1.6528 541.2894 177.3583 593.7532 221.7469 1.5329 1.6463 3.5380 -1.5927 1.2627 26.6890 -1.7122 0.8356
Car -1 -1 -1.4164 415.0869 185.4103 482.8576 238.2107 1.4623 1.4825 3.3717 -4.7432 1.4697 21.6436 -1.6299 0.6674
Car -1 -1 -1.3966 312.7313 180.7617 381.0928 227.8765 1.5506 1.6228 3.9765 -9.2856 1.4052 25.7513 -1.7397 0.6088
Car -1 -1 -1.2960 310.5613 181.5557 361.1922 210.9051 1.5097 1.5891 3.7940 -14.6858 1.3226 38.9301 -1.6549 0.2894
Car -1 -1 1.5085 287.1532 184.2512 336.3218 224.4186 1.5270 1.6094 4.2238 -12.2703 1.4915 29.5758 1.1180 0.2056
Car -1 -1 3.2878 373.0922 164.9598 450.6773 193.8463 1.5195 1.5939 3.8519 -10.5553 0.4551 38.8279 3.0239 0.1916
Car -1 -1 -1.4156 467.0420 160.6801 519.5540 204.5397 2.1104 1.9118 5.0574 -5.8485 0.9309 37.1143 -1.5711 0.1852
