Pedestrian -1 -1 -0.2624 794.9573 156.6257 859.5171 266.5314 1.7825 0.6088 0.8949 3.6448 1.3970 11.7809 0.0318 0.6817
Pedestrian -1 -1 -3.3385 809.1454 157.9803 872.0728 266.7102 1.6549 0.4596 0.8548 3.6197 1.3138 11.0330 -3.0280 0.2360
Pedestrian -1 -1 -1.2749 0.0000 180.7382 34.5074 239.6163 1.8133 0.7002 0.6611 -18.5099 1.8225 22.2128 -1.9610 0.2336
Pedestrian -1 -1 1.6611 10.1078 176.5001 38.5941 234.0474 1.8649 0.6705 0.6220 -19.2032 1.7368 23.3528 0.9812 0.2174
Pedestrian -1 -1 -0.0840 562.7059 168.3880 575.6164 195.4516 1.7318 0.4993 0.7918 -2.3116 0.9581 45.5399 -0.1326 0.2020
Pedestrian -1 -1 -1.8253 981.0345 146.6438 1020.8618 215.8141 1.7416 0.5340 1.5316 10.3628 0.8908 18.6055 -1.3226 0.1770
Pedestrian -1 -1 -2.1136 0.0000 189.8424 10.7194 222.2439 1.6538 0.5701 0.7674 -31.4439 2.1454 36.7022 -2.8162 0.1652
Cyclist -1 -1 -1.9959 974.8138 146.9080 1027.8268 216.9538 1.7522 0.5144 1.7796 10.3522 0.9135 18.5892 -1.4932 0.5787
Cyclist -1 -1 1.0181 873.7727 155.7668 906.7816 194.0591 1.7643 0.5644 1.8406 13.4922 0.6262 33.5266 1.3992 0.3155
Cyclist -1 -1 -3.3592 809.8547 157.1270 872.6439 266.2964 1.6705 0.4584 0.8514 3.6467 1.3145 11.0823 -3.0480 0.1027
Car -1 -1 1.6761 438.9371 172.6978 478.4268 201.8028 1.5452 1.7142 4.3557 -8.1795 1.1324 39.7819 1.4767 0.8169
Car -1 -1 -0.8569 0.0000 204.6525 306.7473 370.0000 1.4734 1.5736 3.8167 -3.1332 1.6586 3.4423 -1.5492 0.6657
