Pedestrian -1 -1 0.2761 427.5533 169.6101 454.5199 211.5312 1.8692 0.6262 1.0527 -7.4033 1.3851 31.8610 0.0517 0.7370
Pedestrian -1 -1 0.8221 317.1311 179.2572 339.1120 215.6997 1.8828 0.5987 0.9312 -14.5017 1.8200 36.9982 0.4530 0.4075
Pedestrian -1 -1 -0.5806 358.6728 176.8371 373.3427 199.6668 1.7347 0.6047 0.8793 -18.3276 1.4576 54.2511 -0.9030 0.3808
Pedestrian -1 -1 0.0083 736.5139 157.1936 774.4117 197.2126 1.7583 0.6312 1.6375 6.6917 0.7358 31.5449 0.2171 0.1884
Pedestrian -1 -1 -1.5840 384.4225 174.8355 415.8182 238.4099 1.6743 0.7994 1.5881 -5.6907 1.5267 19.4916 -1.8621 0.1534
Pedestrian -1 -1 2.9372 673.6792 163.3613 710.3636 198.0043 1.7211 0.6862 1.7261 4.3527 0.8711 35.5342 3.0598 0.1224
Pedestrian -1 -1 -0.7134 586.7180 165.8542 614.9062 195.2883 1.7389 0.5793 1.7422 -0.2502 0.8750 42.5570 -0.7175 0.1154
Cyclist -1 -1 -0.9311 333.6689 176.2524 375.7574 224.2399 1.8312 0.5887 1.8289 -9.8916 1.6706 27.9360 -1.2662 0.8851
Cyclist -1 -1 2.9928 673.5161 163.2800 710.6723 198.6657 1.7597 0.6757 1.7713 4.3529 0.9048 35.5163 3.1154 0.8319
Cyclist -1 -1 -0.1054 735.9934 157.2177 777.7458 197.9925 1.7963 0.6262 1.7640 6.7459 0.7721 31.5475 0.1050 0.7812
Cyclist -1 -1 -0.5383 586.4636 165.9159 616.7068 195.8379 1.7734 0.5642 1.7855 -0.2062 0.9104 42.6021 -0.5413 0.6674
Cyclist -1 -1 -1.5840 384.4225 174.8355 415.8182 238.4099 1.6743 0.7994 1.5881 -5.6907 1.5267 19.4916 -1.8621 0.2460
Cyclist -1 -1 -0.6702 358.2119 177.2217 374.6098 200.0367 1.7346 0.5919 1.0551 -18.3295 1.4866 54.3536 -0.9921 0.1640
Cyclist -1 -1 0.2795 426.2608 168.9968 453.6915 210.9658 1.8708 0.6387 1.0688 -7.4506 1.3595 31.8599 0.0537 0.1074
Car -1 -1 -1.4455 482.9686 176.6284 537.7061 217.4192 1.4669 1.6288 3.7302 -3.6070 1.3292 27.2897 -1.5737 0.8956
Car -1 -1 -1.4353 380.4734 173.3585 445.1646 230.9980 1.5270 1.3925 2.9121 -5.4714 1.3394 20.2569 -1.6934 0.3175
Car -1 -1 -3.5282 875.8193 156.6072 946.8262 181.5164 1.4926 1.5477 3.6638 18.6617 0.0623 43.1738 -3.1211 0.2815
