Pedestrian -1 -1 -1.8143 434.0417 181.7995 453.1056 228.1734 1.6785 0.5324 0.7094 -6.2095 2.0156 26.7185 -2.0410 0.2748
Pedestrian -1 -1 0.3515 182.9322 173.6624 200.8363 205.2292 1.7345 0.6133 0.6900 -23.2244 1.7801 40.0221 -0.1716 0.1282
Pedestrian -1 -1 -0.5382 512.0864 176.9766 525.5939 203.1178 1.7723 0.5513 0.7417 -6.2840 2.0581 49.5024 -0.6643 0.1115
Pedestrian -1 -1 2.9597 221.5933 193.4760 259.8129 299.0535 1.6609 0.5341 0.4717 -6.1172 2.0100 11.8427 2.4914 0.1047
Cyclist -1 -1 -2.8842 432.0374 182.2362 454.7339 227.7278 1.6601 0.5299 0.7076 -6.2097 2.0115 26.7175 -3.1109 0.1103
Cyclist -1 -1 0.2215 164.1400 169.8204 198.6708 200.4491 1.6740 0.6998 1.5294 -23.7843 1.5086 40.0013 -0.3122 0.1078
Car -1 -1 1.7121 275.6824 183.3270 317.8229 215.2549 1.5575 1.5492 3.7025 -16.6891 2.1454 38.4893 1.3052 0.1297
Car -1 -1 0.5381 20.1904 115.8082 223.5775 184.0241 1.6027 1.6457 3.8831 -12.0058 0.2628 17.8622 -0.0468 0.1220
Car -1 -1 1.5807 712.9376 179.0123 730.8931 196.2525 1.4994 1.5829 3.9687 10.2835 2.0837 66.3265 1.7334 0.1212
Car -1 -1 -1.2084 174.6415 168.3498 233.6182 197.7099 1.6184 1.6311 4.0956 -23.5257 1.3705 41.9151 -1.7173 0.1205
Car -1 -1 1.7966 753.2767 179.6840 785.7939 200.9043 1.4823 1.5475 3.8722 11.9052 2.0118 53.8190 2.0127 0.1121
Car -1 -1 2.6028 0.0000 181.0135 81.0578 375.0000 1.4728 1.5952 3.8752 -7.0676 1.5669 6.2257 1.7756 0.1116
Car -1 -1 -1.1732 303.3726 174.2931 415.6558 232.6881 1.4832 1.5772 3.9545 -6.9994 1.5284 20.4524 -1.4994 0.1047
Car -1 -1 2.0043 118.9898 168.1164 296.8454 256.2721 1.7602 1.7541 4.6813 -9.1140 1.6660 16.7913 1.5133 0.1033
