Pedestrian -1 -1 0.4756 199.5535 183.7330 286.4756 298.5209 1.7891 0.7437 1.0293 -5.8038 1.8276 11.5874 0.0143 0.7175
Pedestrian -1 -1 0.3410 798.4512 159.1335 858.6542 287.9778 1.7695 0.6932 0.6382 3.2262 1.4636 10.3307 0.6309 0.3164
Pedestrian -1 -1 -0.5147 869.7178 154.3600 929.4841 255.3898 1.7123 0.5051 0.8150 5.1307 1.2536 12.4779 -0.1373 0.1866
Pedestrian -1 -1 1.3153 912.5405 152.0531 966.4734 269.6590 1.6997 0.5263 0.8435 5.0408 1.2754 10.8382 1.7361 0.1750
Pedestrian -1 -1 -2.8622 1002.9062 142.6014 1076.7609 300.2906 1.7266 0.5928 0.5965 5.0086 1.3020 8.2831 -2.3376 0.1551
Pedestrian -1 -1 0.4754 1008.2455 111.0528 1070.4613 228.4438 1.7997 0.6141 0.6410 6.9311 0.7210 11.4450 1.0048 0.1445
Pedestrian -1 -1 1.0963 770.7794 158.3363 848.1871 299.4005 1.8112 0.7569 0.6988 2.7333 1.5151 9.6416 1.3597 0.1405
Pedestrian -1 -1 3.1828 193.9234 193.6815 388.2068 374.0000 1.5819 0.6316 1.5809 -2.8705 1.7058 6.6499 2.7828 0.1100
Cyclist -1 -1 3.2194 193.7831 192.9485 405.4152 374.0000 1.5742 0.6802 1.7302 -2.7807 1.6911 6.6643 2.8313 0.4561
Cyclist -1 -1 1.1494 883.9460 137.1751 963.9692 249.9669 1.6761 0.5348 1.5938 5.0657 1.0187 11.4739 1.5516 0.3202
Cyclist -1 -1 0.5129 200.3743 182.4811 289.4449 298.5700 1.8039 0.7460 1.0554 -5.7637 1.8215 11.5668 0.0538 0.1103
