Pedestrian -1 -1 -1.9802 1113.2135 111.8335 1170.4236 201.4278 1.7289 0.6261 0.8257 10.6571 0.4055 14.1123 -1.3422 0.7096
Pedestrian -1 -1 -0.0738 434.6707 170.1650 454.6680 207.3577 1.8110 0.5513 0.9236 -7.9139 1.3092 34.8198 -0.2936 0.5798
Pedestrian -1 -1 -0.7763 453.4050 166.4420 483.1970 201.5188 1.7632 0.6721 1.4452 -7.0279 1.0580 36.3205 -0.9640 0.3002
Pedestrian -1 -1 2.7054 564.3035 165.9696 591.1182 193.7997 1.7467 0.5886 1.6073 -1.7370 0.8361 44.9988 2.6688 0.1447
Pedestrian -1 -1 -0.0182 704.9346 160.3154 741.5739 196.9393 1.7882 0.6465 1.7710 5.8241 0.8041 34.9665 0.1472 0.1206
Cyclist -1 -1 -1.0478 349.0792 176.0092 382.8284 219.5267 1.7904 0.5183 1.8113 -10.1538 1.6071 30.0234 -1.3691 0.7646
Cyclist -1 -1 2.7771 563.6764 166.0388 592.3933 194.1248 1.7642 0.5836 1.7330 -1.7175 0.8572 45.0149 2.7410 0.6609
Cyclist -1 -1 2.8788 642.0823 163.4581 676.2614 196.5945 1.7807 0.5705 1.7649 2.9317 0.8663 38.4339 2.9561 0.5814
Cyclist -1 -1 0.0070 704.2250 158.9016 740.7578 196.0048 1.8093 0.6470 1.7647 5.7903 0.7575 34.9433 0.1716 0.4032
Cyclist -1 -1 2.2251 452.4916 166.0552 482.9330 201.4136 1.7724 0.6514 1.6712 -7.0553 1.0497 36.3289 2.0367 0.3928
Cyclist -1 -1 0.1506 433.1137 170.8009 454.5381 207.8842 1.8084 0.5440 0.9563 -7.9400 1.3369 34.7799 -0.0702 0.1075
Car -1 -1 -1.4339 492.9779 174.2511 542.4283 209.4425 1.4205 1.6082 3.7184 -3.7115 1.1697 30.4084 -1.5523 0.8258
Car -1 -1 2.2735 1088.9580 127.1265 1224.0000 200.3382 1.5792 1.6685 3.9997 13.6420 0.4295 16.4305 2.9588 0.7274
Car -1 -1 1.7592 354.2778 173.8199 385.0853 193.1392 1.5172 1.6361 4.0904 -19.1295 0.9938 57.6554 1.4422 0.2683
