Pedestrian -1 -1 2.1123 0.0000 168.8504 233.6965 375.0000 1.6816 0.5963 1.7414 -2.9639 1.6636 4.1928 1.5256 0.1145
Cyclist -1 -1 2.1123 0.0000 168.8504 233.6965 375.0000 1.6816 0.5963 1.7414 -2.9639 1.6636 4.1928 1.5256 0.7113
Car -1 -1 1.9202 122.2442 192.9742 353.2369 323.1428 1.4875 1.6859 4.3804 -5.4722 1.8634 11.2026 1.4745 0.9286
Car -1 -1 -1.7409 609.7881 180.4910 683.2222 238.1461 1.5488 1.6060 3.5475 0.9688 1.7989 21.7342 -1.6978 0.9202
Car -1 -1 -1.9414 707.1581 179.4617 933.1169 315.5891 1.4170 1.5410 3.7175 2.4804 1.5235 9.6381 -1.6980 0.8514
Car -1 -1 -1.4587 403.8019 187.9419 458.0282 231.0894 1.4364 1.5847 3.6347 -6.7365 2.0465 27.2530 -1.6994 0.8377
Car -1 -1 -1.7031 580.8076 182.7488 625.6915 219.6614 1.4914 1.5354 3.4171 -0.3881 1.9542 31.9167 -1.7158 0.7273
Car -1 -1 -1.4674 427.7106 183.0036 471.2913 218.7087 1.6238 1.7028 4.2817 -8.0455 2.1661 36.2990 -1.6845 0.6815
Car -1 -1 2.1466 0.0000 205.0080 225.8449 375.0000 1.4027 1.5928 4.0453 -4.8615 1.7556 5.8178 1.4726 0.6668
Car -1 -1 -1.6331 565.9909 180.7249 594.1467 206.1180 1.5653 1.6127 3.9241 -2.0489 2.1090 47.7723 -1.6762 0.4596
Car -1 -1 -2.5131 942.6548 200.3589 1242.0000 375.0000 1.5140 1.5697 3.6709 3.0196 1.6906 2.6875 -1.7236 0.3359
