Car -1 -1 -1.8935 590.7689 189.3895 746.6744 290.2505 1.4210 1.5645 3.8871 0.8192 1.7653 12.9245 -1.8330 0.8785
Car -1 -1 1.8036 31.1515 202.5559 215.3884 326.5413 1.4717 1.5610 3.6862 -7.5686 2.0285 11.5168 1.2324 0.8564
Car -1 -1 -1.7302 485.7821 182.7205 544.1013 225.2718 1.4509 1.6096 3.8625 -3.7509 1.8578 27.6470 -1.8644 0.8497
Car -1 -1 -2.8709 673.7897 168.2825 775.2531 209.3385 1.5504 1.5972 3.7009 4.5166 1.3782 28.7354 -2.7171 0.7628
Car -1 -1 1.9316 0.0000 219.5240 145.8184 375.0000 1.4082 1.6018 4.0574 -5.9814 1.9955 6.8926 1.2357 0.7520
Car -1 -1 -1.6907 474.0588 180.7241 521.1156 218.9454 1.5940 1.6373 4.2552 -5.2864 1.9823 33.2933 -1.8475 0.7482
Car -1 -1 1.6448 306.6595 187.1659 343.2543 217.6143 1.5332 1.6152 3.9277 -15.9554 2.3775 40.4325 1.2708 0.6273
Car -1 -1 -2.3259 781.1800 94.2860 1242.0000 375.0000 1.9336 1.7294 4.3771 3.1256 1.5818 5.5706 -1.8381 0.5899
Car -1 -1 3.3977 84.8597 190.7598 172.7989 219.8190 1.5505 1.6369 3.9360 -27.7212 2.6194 41.6436 2.8131 0.3180
Car -1 -1 -2.7728 659.5981 176.0229 749.4049 213.0846 1.5100 1.5579 3.5239 4.0336 1.6540 31.1785 -2.6459 0.2136
