Pedestrian -1 -1 3.1502 243.5949 136.0713 399.6573 374.0000 1.7353 0.5955 0.8996 -1.8703 1.4658 4.7176 2.7845 0.8440
Pedestrian -1 -1 -2.0691 0.0000 202.7742 116.5231 374.0000 1.6333 0.6076 0.6854 -3.4230 1.7716 4.2022 -2.7299 0.7522
Pedestrian -1 -1 0.2043 289.7094 168.0801 312.4298 220.8818 1.6998 0.6807 0.5618 -9.8509 1.2689 23.5099 -0.1936 0.5103
Pedestrian -1 -1 -2.5767 1101.3171 165.2464 1158.9856 244.1486 1.7647 0.7627 0.7887 12.1548 1.4024 16.5718 -1.9566 0.2553
Pedestrian -1 -1 -3.2323 755.9697 156.0766 772.8062 196.0607 1.8210 0.6251 0.6971 7.4857 0.6641 33.0655 -3.0163 0.2128
Pedestrian -1 -1 2.6601 238.1942 158.3512 269.9933 216.1017 1.7577 0.5511 0.7156 -10.8143 1.0542 22.3117 2.2084 0.1756
Pedestrian -1 -1 -3.6165 1005.7791 170.2065 1060.2603 250.0440 1.7600 0.7160 0.8118 9.6910 1.5123 16.2113 -3.0901 0.1636
Pedestrian -1 -1 0.8608 633.8821 158.0887 674.9932 208.2590 1.7513 0.6028 1.5542 1.8747 0.9352 25.8753 0.9274 0.1563
Cyclist -1 -1 0.1516 629.4090 158.9961 677.9886 208.3130 1.7417 0.6181 1.6723 1.8629 0.9480 25.8495 0.2178 0.2727
Car -1 -1 -0.0783 353.7181 188.8848 653.3134 316.2234 1.4650 1.5599 3.6484 -1.3327 1.5765 9.5537 -0.2192 0.8811
Car -1 -1 -1.4391 830.2391 160.8649 900.1464 214.7529 1.6138 1.6603 4.2490 8.7800 0.9970 23.7783 -1.0940 0.1763
