Car -1 -1 -1.9322 767.6029 184.9941 1104.6600 375.0000 1.4592 1.6174 4.0430 2.8458 1.6192 7.4555 -1.5819 0.9000
Car -1 -1 -1.7717 684.5526 168.8967 784.8909 246.0458 1.5910 1.5907 3.3817 2.7052 1.5098 16.6007 -1.6138 0.8921
Car -1 -1 -1.6782 651.2943 174.2206 698.8716 210.1450 1.4193 1.5936 3.7590 2.6529 1.4811 30.5451 -1.5929 0.7816
Car -1 -1 0.4984 210.7264 175.0018 428.7588 253.2469 1.5369 1.6445 3.9906 -6.1160 1.5859 15.2895 0.1233 0.7790
Car -1 -1 0.4729 274.6284 171.1422 453.8220 233.5916 1.4586 1.5994 3.9203 -6.0959 1.4190 17.9320 0.1492 0.7280
Car -1 -1 0.3480 376.2154 172.5841 498.1238 215.8216 1.4842 1.5952 3.9287 -6.1728 1.4753 25.7834 0.1149 0.5831
Car -1 -1 -2.7855 275.0135 152.0241 435.7802 212.1718 1.6123 1.6472 3.9176 -7.0914 1.0543 20.2057 -3.1193 0.5131
Car -1 -1 -1.7976 657.4586 160.0554 691.8299 182.4199 1.5538 1.6027 4.0345 4.6074 0.6650 52.2370 -1.7103 0.5081
Car -1 -1 -2.2691 0.0000 0.0000 1242.0000 375.0000 1.5188 1.5528 3.6160 2.6676 1.6166 1.8476 -1.3768 0.4543
Car -1 -1 1.6154 629.0449 165.9866 648.8456 183.3982 1.5012 1.5923 3.8974 2.5814 0.9095 64.2175 1.6552 0.4418
Car -1 -1 -2.9907 465.2085 165.4462 537.9600 192.2050 1.7222 1.7051 4.5110 -7.0948 1.2458 47.2930 -3.1391 0.3621
Car -1 -1 0.1849 408.0891 176.1977 513.7730 215.8525 1.4779 1.5803 3.7681 -5.7369 1.6112 27.8495 -0.0168 0.3207
Car -1 -1 -3.2965 693.3160 166.5192 776.4969 197.6746 1.4950 1.6009 3.8204 6.0507 1.1914 35.4448 -3.1291 0.3189
