Pedestrian -1 -1 -0.0911 632.3630 178.7543 645.3380 205.4555 1.7185 0.6334 0.7875 1.8424 2.1053 46.9203 -0.0527 0.6150
Cyclist -1 -1 -3.1719 632.4451 179.0791 645.5057 205.7260 1.7150 0.6208 0.8285 1.8493 2.1227 46.8966 -3.1333 0.1611
Car -1 -1 -1.8297 683.1894 171.1703 822.3521 272.0448 1.7681 1.7042 4.2169 2.6858 1.7389 14.8167 -1.6550 0.9509
Car -1 -1 -2.5098 0.0000 185.5692 296.8211 316.6331 1.5543 1.6798 4.0507 -6.6330 1.7412 9.6585 -3.0991 0.8605
Car -1 -1 -1.7155 656.8200 180.0377 717.7448 226.0890 1.4837 1.5997 3.8849 2.6431 1.7610 25.8364 -1.6154 0.7927
Car -1 -1 -2.6497 183.1935 186.1737 403.2253 263.4426 1.4031 1.5463 3.7238 -6.2610 1.6857 14.3528 -3.0548 0.7639
Car -1 -1 0.2663 303.1374 171.6745 475.2545 231.4171 1.7023 1.7412 4.6040 -6.5117 1.6691 21.4850 -0.0251 0.7615
Car -1 -1 -2.7327 230.9314 184.9508 417.0665 252.5242 1.4801 1.5905 3.7505 -6.6874 1.7797 16.9789 -3.1031 0.7487
Car -1 -1 -1.7679 669.6943 184.5589 751.9542 245.3543 1.4944 1.5540 3.8180 2.7043 1.8582 20.4442 -1.6392 0.6340
Car -1 -1 -2.7800 273.5161 178.6555 440.8645 240.7372 1.5573 1.6429 3.8584 -6.6670 1.7186 19.1403 -3.1114 0.5764
Car -1 -1 -1.1962 398.5188 168.9882 483.6748 217.2423 1.5297 1.5739 3.7762 -5.7600 1.4075 24.8539 -1.4221 0.5051
Car -1 -1 -1.6398 640.0154 179.8987 675.2391 211.0837 1.5193 1.5804 3.6473 2.4145 1.9067 37.8052 -1.5771 0.5017
Car -1 -1 1.4112 478.1854 178.4615 520.9830 210.8424 1.5413 1.5782 3.8481 -5.7672 1.8464 37.1338 1.2577 0.4838
Car -1 -1 -1.4032 451.2489 176.6845 502.3291 215.4253 1.4626 1.4936 3.3681 -5.3859 1.6274 29.2672 -1.5841 0.4504
Car -1 -1 0.5131 80.0979 184.9385 378.6407 285.2721 1.5274 1.6404 4.1749 -6.2902 1.7458 12.1084 0.0424 0.4193
Car -1 -1 0.1760 451.8727 173.9578 529.5556 204.0269 1.6715 1.6923 4.1275 -6.7764 1.7359 41.0427 0.0130 0.3658
