Pedestrian -1 -1 0.7062 666.6548 168.7550 687.8834 205.4880 1.9038 0.5537 0.9878 3.4984 1.6918 37.9406 0.7970 0.7314
Pedestrian -1 -1 -0.6546 720.2682 168.6917 740.1700 201.2925 1.7942 0.5803 0.9332 6.6597 1.5655 40.1827 -0.4919 0.5155
Pedestrian -1 -1 -1.3784 857.8229 150.7398 881.8620 208.9889 1.7519 0.5695 0.7302 7.9368 1.0871 22.1570 -1.0390 0.3982
Cyclist -1 -1 -0.4855 719.8907 169.2072 741.2039 201.3929 1.7753 0.6163 1.0003 6.6872 1.5745 40.2468 -0.3225 0.1345
Car -1 -1 2.0378 72.9978 188.5507 313.9784 329.8384 1.5431 1.4981 3.2554 -5.4908 1.7946 9.8928 1.5419 0.9096
Car -1 -1 1.9281 249.3277 183.7127 405.4470 273.9373 1.5167 1.6129 3.9521 -5.5487 1.7663 14.5795 1.5698 0.8983
Car -1 -1 -2.1398 841.3926 186.4292 1242.0000 375.0000 1.4411 1.5789 4.0827 3.2244 1.5826 5.4133 -1.6273 0.8977
Car -1 -1 -1.8789 751.2919 182.8722 936.0454 300.0247 1.4246 1.5420 3.6012 3.2510 1.6017 10.9035 -1.5976 0.8918
Car -1 -1 0.9964 472.7027 178.2523 530.5164 205.4473 1.5549 1.6028 3.9413 -6.6891 1.8999 44.0546 0.8461 0.6271
Car -1 -1 1.6420 264.3201 177.1791 312.1179 215.4220 1.5505 1.6354 4.0671 -14.2114 1.7554 31.9360 1.2261 0.4761
