Pedestrian -1 -1 -2.3028 0.0000 117.8236 44.1901 217.3128 1.7956 0.6784 0.5709 -11.1236 0.8028 13.3992 -2.9859 0.2019
Pedestrian -1 -1 1.7692 305.6066 176.9106 335.9142 255.7913 1.6395 0.4760 0.6741 -6.2198 1.7286 15.4069 1.3910 0.1254
Pedestrian -1 -1 -1.3709 394.6564 176.7443 417.8470 225.3235 1.7347 0.6926 0.6591 -7.4300 1.8781 26.1741 -1.6454 0.1218
Pedestrian -1 -1 -1.1892 678.1436 164.5770 693.5751 200.4261 1.7566 0.5205 0.7518 3.7290 1.3514 35.8056 -1.0867 0.1073
Pedestrian -1 -1 1.4466 285.7072 159.2454 322.8522 251.8557 1.7149 0.5675 0.7612 -5.9172 1.4633 13.8297 1.0487 0.1008
Car -1 -1 1.8161 368.8589 176.3801 506.4922 270.3538 1.5949 1.6902 4.1461 -3.3172 1.6764 14.4927 1.5943 0.9378
Car -1 -1 -1.5742 525.4663 171.9539 552.1066 197.9444 1.5540 1.5883 3.5152 -4.4777 1.5006 44.9693 -1.6732 0.6411
Car -1 -1 0.0235 411.1839 167.3885 488.2935 197.3088 1.5574 1.6213 3.9597 -8.5991 1.2733 38.7315 -0.1938 0.2099
Car -1 -1 -1.3258 393.9452 172.7737 463.3166 217.7244 1.6098 1.6540 4.0552 -6.9508 1.6072 27.8663 -1.5684 0.1891
Car -1 -1 1.9945 546.2016 172.9846 590.3021 195.1741 1.5199 1.6314 4.0477 -2.9669 1.5300 51.6285 1.9370 0.1542
