Pedestrian -1 -1 2.4676 983.0034 129.5486 1109.6665 244.5927 1.7351 0.6568 1.6641 6.7797 1.0823 11.3255 2.9954 0.1337
Cyclist -1 -1 2.4676 983.0034 129.5486 1109.6665 244.5927 1.7351 0.6568 1.6641 6.7797 1.0823 11.3255 2.9954 0.3007
Car -1 -1 1.8809 312.5225 183.1413 512.7570 303.8902 1.4773 1.7190 4.4186 -2.8939 1.6736 11.4729 1.6383 0.9243
Car -1 -1 1.3801 688.1495 186.3879 795.0435 262.5870 1.4752 1.6363 4.1135 2.8608 1.8293 16.7812 1.5450 0.8865
Car -1 -1 -1.8445 723.1186 188.5694 894.0703 305.7090 1.4746 1.5735 3.7658 2.8939 1.7671 11.5015 -1.6053 0.8840
Car -1 -1 1.1166 841.9969 185.9917 1242.0000 375.0000 1.4588 1.5973 4.0733 2.8622 1.5852 4.8452 1.6228 0.8543
Car -1 -1 1.7490 431.2457 178.2055 524.9377 248.0745 1.4897 1.5761 3.8237 -3.1413 1.6348 17.5895 1.5741 0.8454
Car -1 -1 1.6412 507.0749 177.4398 553.9512 221.8195 1.4990 1.4754 3.2956 -2.8968 1.6778 26.3900 1.5324 0.7623
Car -1 -1 1.4742 666.3025 180.6799 712.7704 217.8660 1.4422 1.5736 4.0008 3.2933 1.7987 30.8318 1.5790 0.6234
Car -1 -1 -1.5797 652.7411 177.4275 676.6142 199.9372 1.5061 1.6220 4.0044 3.8246 1.8437 51.1583 -1.5059 0.4233
