Pedestrian -1 -1 -1.4028 300.4162 116.2808 337.2380 199.7053 1.8685 0.6816 0.6582 -6.7200 0.6018 16.5513 -1.7831 0.4225
Pedestrian -1 -1 -1.3364 162.6304 167.3267 194.6442 231.5884 1.7769 0.6379 0.6604 -12.2110 1.6244 20.3584 -1.8711 0.3940
Car -1 -1 -1.2591 229.4383 177.8029 471.6861 337.5542 1.6379 1.7086 4.2601 -3.1704 1.7191 9.6584 -1.5692 0.9282
Car -1 -1 1.7340 417.6961 182.9877 509.6137 246.9330 1.4706 1.7342 4.2707 -3.8531 1.7743 19.4366 1.5402 0.9041
Car -1 -1 -1.8361 734.3599 177.8117 938.1438 305.1940 1.4222 1.5928 4.1927 2.8853 1.5078 10.3132 -1.5717 0.8748
Car -1 -1 -1.7296 675.2943 176.6057 756.2371 240.6506 1.4699 1.5032 3.3483 2.5630 1.5750 18.4474 -1.5945 0.8032
Car -1 -1 0.1956 432.7129 174.3536 520.7225 208.2317 1.6555 1.6916 4.0926 -6.6769 1.7330 36.2087 0.0141 0.8015
Car -1 -1 -1.5428 650.8727 176.2267 693.5684 215.4933 1.4474 1.5943 3.9182 2.5058 1.5927 28.9792 -1.4580 0.6859
Car -1 -1 -2.4212 924.6541 182.9393 1242.0000 375.0000 1.4984 1.5648 3.8192 2.6917 1.5594 2.3774 -1.6340 0.6498
Car -1 -1 1.5053 647.0818 149.8964 689.8033 191.8088 1.8987 1.7613 4.2717 2.7193 0.8591 34.8303 1.5823 0.4952
