Pedestrian -1 -1 -3.5955 1197.3196 155.7922 1242.0000 254.3528 1.6814 0.5543 0.6589 10.7875 1.3907 12.6541 -2.9014 0.1615
Pedestrian -1 -1 0.0918 1100.4508 133.6057 1169.6338 257.3218 1.7271 0.5178 0.7792 7.6007 1.1795 10.5196 0.7040 0.1243
Pedestrian -1 -1 2.9777 590.0984 173.9238 622.7423 205.4983 1.6686 0.7250 1.6520 -0.2330 1.7270 38.6593 2.9712 0.1205
Pedestrian -1 -1 -2.8158 980.8340 178.2491 1029.5905 263.4917 1.7180 0.5962 0.7458 8.2061 1.8347 15.0758 -2.3263 0.1172
Pedestrian -1 -1 2.3358 212.8127 180.5687 238.3654 208.9934 1.8082 0.6490 1.4497 -25.1197 2.3206 47.1088 1.8480 0.1033
Cyclist -1 -1 -0.0777 588.9470 173.7797 623.6324 205.7862 1.6954 0.7323 1.8070 -0.2421 1.7459 38.6829 -0.0844 0.4960
Cyclist -1 -1 2.1074 212.3810 181.0219 237.4543 209.5255 1.8032 0.6027 1.8081 -25.1475 2.3470 47.0874 1.6190 0.3399
Cyclist -1 -1 -1.5975 783.8554 175.2979 797.5309 222.8555 1.6110 0.4177 1.4469 6.2768 1.6995 25.2675 -1.3574 0.1335
Car -1 -1 2.2902 0.0000 198.8931 183.9991 351.4531 1.4623 1.5707 4.0737 -7.8467 1.8875 9.6965 1.6231 0.8009
Car -1 -1 -1.6496 589.5327 176.0423 624.2017 206.4818 1.5975 1.6217 3.9230 -0.2556 1.7849 40.3119 -1.6564 0.2420
Car -1 -1 1.3603 665.1258 177.6700 696.8640 200.5469 1.6812 1.6432 3.9880 5.4401 2.0690 55.9692 1.4562 0.1621
Car -1 -1 -0.8396 717.1070 173.9095 794.7650 204.7635 1.5193 1.6180 4.1349 7.5885 1.5773 37.5420 -0.6421 0.1548
Car -1 -1 1.7731 434.9908 183.7171 487.8195 218.8074 1.4315 1.5762 3.9348 -6.6860 1.9526 32.6186 1.5720 0.1432
