Pedestrian -1 -1 -1.5066 422.0629 123.8269 447.2688 189.5497 1.8762 0.6721 0.6404 -5.1364 0.4770 20.9679 -1.7441 0.1669
Pedestrian -1 -1 -2.0216 432.8062 181.2270 459.6068 231.5985 1.7211 0.6335 0.7967 -5.7968 2.0213 25.3285 -2.2449 0.1462
Pedestrian -1 -1 -2.2637 745.5169 170.1292 762.4067 204.4043 1.7495 0.5488 0.6769 7.3948 1.6108 37.2559 -2.0697 0.1408
Pedestrian -1 -1 -2.2061 528.9301 180.0348 543.3099 209.9689 1.7834 0.5882 0.6599 -4.5021 2.2224 43.6376 -2.3088 0.1407
Car -1 -1 -2.0230 775.4142 185.3913 1197.3612 375.0000 1.4658 1.5812 3.9388 2.8042 1.6151 6.5526 -1.6360 0.9121
Car -1 -1 -1.8179 693.0623 182.0669 848.5707 287.2885 1.4725 1.6042 4.0216 2.5238 1.6588 12.5049 -1.6244 0.8943
Car -1 -1 1.4298 670.3451 169.5463 707.7136 199.2400 1.9027 1.8819 4.3941 5.2219 1.6911 48.4605 1.5360 0.7566
Car -1 -1 -2.7913 391.8285 178.9595 471.7654 213.0271 1.5886 1.5878 3.4249 -8.6424 1.8932 34.9695 -3.0323 0.6392
Car -1 -1 1.5911 559.1676 177.9512 584.5856 202.7257 1.6020 1.6640 4.0553 -2.6117 1.9669 49.5527 1.5383 0.6028
Car -1 -1 -2.3812 348.4376 182.2440 460.0357 229.1906 1.5174 1.6012 3.7160 -7.3344 1.8704 25.5194 -2.6589 0.2246
