Pedestrian -1 -1 -1.6197 1052.5555 138.7229 1067.0225 178.5262 1.7241 0.4622 1.5339 19.9229 0.2461 32.0342 -1.0673 0.1240
Cyclist -1 -1 -1.6197 1052.5555 138.7229 1067.0225 178.5262 1.7241 0.4622 1.5339 19.9229 0.2461 32.0342 -1.0673 0.4004
Car -1 -1 2.0253 92.6678 202.0798 329.5253 327.0838 1.4550 1.5926 3.9967 -6.0007 1.9970 11.3541 1.5481 0.8959
Car -1 -1 1.7973 365.8127 193.1120 452.3287 247.2324 1.3856 1.6351 4.2637 -6.1137 2.0714 22.2510 1.5316 0.8587
Car -1 -1 -0.4420 879.8405 148.8095 1080.1510 214.5588 1.5690 1.6820 4.1530 9.1088 0.9956 18.0933 0.0177 0.8570
Car -1 -1 1.9082 273.4531 194.7082 402.3268 272.7911 1.4419 1.5459 3.6895 -5.9999 1.9896 16.2136 1.5584 0.8506
Car -1 -1 -1.6905 676.9904 174.2297 740.0280 223.8127 1.5101 1.5956 3.9117 3.1522 1.5601 24.0442 -1.5624 0.8023
Car -1 -1 1.7778 434.0599 187.8992 496.8802 226.6245 1.3886 1.6671 4.3972 -5.9149 2.0563 29.7939 1.5829 0.7923
Car -1 -1 -1.6602 663.3421 174.1509 711.8629 216.1785 1.6005 1.6185 3.8056 3.0676 1.6574 29.5066 -1.5582 0.6957
Car -1 -1 2.7316 774.5558 164.3346 898.8091 206.9776 1.4726 1.5944 3.9524 8.0534 1.1788 25.9279 3.0292 0.6252
Car -1 -1 2.6178 820.5986 159.8258 959.8406 209.8713 1.5285 1.6309 3.8723 8.8986 1.1309 23.1506 2.9802 0.5934
Car -1 -1 2.5883 863.6316 146.1243 1014.7277 202.5417 1.5337 1.5869 3.6491 9.3154 0.8074 20.6437 3.0067 0.5832
Car -1 -1 1.7293 468.6569 184.6019 513.0010 219.4739 1.5703 1.5860 3.7610 -5.8673 2.1817 35.6416 1.5667 0.5627
Car -1 -1 2.3477 0.0000 205.4609 153.8210 375.0000 1.5421 1.5800 3.8721 -5.9131 1.9032 6.0261 1.5938 0.5468
Car -1 -1 -0.8893 1192.9109 130.0270 1242.0000 172.4068 1.4512 1.5953 3.9786 23.2993 -0.0163 25.8340 -0.1607 0.5073
