Pedestrian -1 -1 -1.6357 538.7892 163.9199 564.0117 226.1748 1.7834 0.6918 0.6298 -1.7596 1.5278 21.0289 -1.7189 0.3191
Pedestrian -1 -1 -1.8004 915.3022 130.5540 940.6326 183.6151 1.8513 0.7029 0.5836 11.1979 0.3758 25.5221 -1.3911 0.2864
Pedestrian -1 -1 -0.6895 0.0000 245.7958 149.7705 375.0000 1.6563 0.5275 0.7190 -3.2992 2.1291 4.2569 -1.3198 0.2144
Car -1 -1 -1.4207 501.0058 176.4803 614.7321 266.1791 1.5192 1.6545 4.1730 -0.9435 1.6035 14.5410 -1.4853 0.9362
Car -1 -1 -1.7596 781.8414 177.9253 949.8961 301.9279 1.5525 1.6618 3.7999 3.6810 1.6454 11.1791 -1.4504 0.9187
Car -1 -1 -1.4151 557.6884 177.3623 641.4834 241.6093 1.5299 1.6441 4.2273 -0.2176 1.6672 19.6991 -1.4269 0.8790
Car -1 -1 -1.6634 739.3087 177.3247 784.7971 213.2098 1.4826 1.6234 3.8235 6.7028 1.6954 32.2918 -1.4611 0.7958
Car -1 -1 -1.7261 765.1467 179.7348 868.0750 255.1499 1.4855 1.6184 4.0571 4.5822 1.6651 16.6969 -1.4636 0.6901
Car -1 -1 -1.5438 648.8370 177.0601 675.3698 201.4635 1.4822 1.6076 3.9982 3.3693 1.7663 46.6040 -1.4725 0.4733
Car -1 -1 -1.7412 728.1589 175.0651 764.7955 200.9889 1.5230 1.5747 3.9098 8.3704 1.6663 44.6865 -1.5577 0.1645
