Car -1 -1 -2.1659 144.8432 214.7681 443.1321 375.0000 1.4495 1.5494 3.5196 -3.8808 2.0421 8.6000 -2.5793 0.9131
Car -1 -1 -1.5252 870.0472 178.1309 973.1094 270.1372 1.5336 1.6583 4.1503 6.2749 1.6564 14.5098 -1.1252 0.8954
Car -1 -1 -2.0239 0.0000 229.2328 228.7679 367.4951 1.5235 1.6185 3.8509 -7.7853 2.5073 10.9369 -2.6315 0.8436
Car -1 -1 -1.7424 1134.7960 168.2669 1242.0000 247.5209 1.5507 1.6391 4.1313 13.1627 1.4613 16.3214 -1.0729 0.8200
Car -1 -1 -1.7149 1086.8331 157.5609 1163.2346 216.6058 1.9209 1.6304 3.8481 18.0892 1.4237 25.5560 -1.1047 0.6398
Car -1 -1 -1.9179 1188.2985 173.7426 1242.0000 291.9787 1.4764 1.5665 3.7501 10.4505 1.4928 11.0693 -1.1749 0.5274
Car -1 -1 -1.5824 929.1129 177.8010 977.2968 223.0427 1.5342 1.5183 3.2905 12.5991 1.7299 26.6737 -1.1459 0.4269
Car -1 -1 -1.2477 676.9408 183.5547 711.9801 204.5681 1.5461 1.6018 3.9490 6.7274 2.4290 57.3808 -1.1322 0.4247
Car -1 -1 -1.6563 1069.3513 162.8881 1120.8079 204.9961 1.9139 1.6913 4.2292 23.4495 1.4613 35.0546 -1.0709 0.3614
Car -1 -1 -1.7829 1121.5457 168.0998 1222.6064 225.4425 1.5113 1.5465 3.6363 16.1671 1.3864 20.9889 -1.1336 0.3561
Car -1 -1 1.4986 885.2704 177.2999 969.5760 242.4263 1.4293 1.6140 3.9711 7.8626 1.5554 18.2646 1.8987 0.3311
Car -1 -1 -1.4616 929.0679 176.7298 979.7509 215.3895 1.5061 1.5547 3.7023 14.5545 1.6809 30.4890 -1.0204 0.3003
