Pedestrian -1 -1 1.4867 150.0188 138.1211 190.9113 234.5284 1.8205 0.6230 0.7949 -8.6624 1.1650 14.1269 0.9448 0.6727
Pedestrian -1 -1 1.1544 339.8376 181.9023 368.7127 246.3181 1.6457 0.5300 0.5681 -6.7583 1.8883 18.9283 0.8153 0.1755
Pedestrian -1 -1 -1.1095 834.4842 145.8709 870.5687 219.4123 1.7293 0.6425 0.5637 5.7964 1.0952 17.3903 -0.7932 0.1482
Pedestrian -1 -1 2.4869 1031.3242 159.3363 1227.0946 349.1023 1.7297 0.6358 1.4527 4.8996 1.6068 6.9351 3.0813 0.1086
Cyclist -1 -1 2.4363 1026.5028 160.2561 1242.0000 350.1436 1.7153 0.6126 1.7214 4.9467 1.6019 6.9100 3.0367 0.2127
Car -1 -1 1.8169 353.3565 186.3306 482.0950 270.2030 1.5157 1.7138 4.2201 -4.0802 1.8512 15.8279 1.5678 0.9162
Car -1 -1 1.7068 481.6047 175.7873 534.5045 216.9652 1.6382 1.7131 4.0660 -4.3506 1.7730 31.0277 1.5682 0.8570
Car -1 -1 -1.5787 618.5717 174.0866 668.9070 223.0510 1.5241 1.5727 3.1951 1.0640 1.5685 24.1614 -1.5359 0.8456
Car -1 -1 2.1892 0.0000 198.7247 247.5922 375.0000 1.4680 1.5998 4.0752 -3.8721 1.6968 4.2660 1.4826 0.7476
Car -1 -1 1.2878 0.0000 0.0000 1242.0000 375.0000 1.4474 1.5978 3.9664 2.7360 1.0992 1.8443 2.1955 0.2787
