Pedestrian -1 -1 -0.0154 1151.3334 124.0587 1234.3138 306.4460 1.7808 0.6270 0.6443 5.9682 1.3047 7.4859 0.6383 0.1271
Pedestrian -1 -1 -1.7884 941.0405 141.8040 957.1010 176.5152 1.8637 0.6514 0.6958 18.3577 0.1969 39.1483 -1.3527 0.1243
Cyclist -1 -1 1.8891 621.0876 173.6500 634.8280 196.9106 1.7846 0.5432 1.7866 1.3843 1.8481 56.3511 1.9131 0.4299
Cyclist -1 -1 2.5200 810.4694 172.2818 884.8818 233.6298 1.6343 0.7854 1.8361 6.4948 1.6194 19.8736 2.8308 0.1171
Car -1 -1 -1.6421 573.1053 179.0217 603.1995 204.8279 1.5260 1.6153 4.0138 -1.4568 1.9352 45.7385 -1.6743 0.5319
Car -1 -1 -0.7829 788.4886 171.6857 923.0842 228.1599 1.4998 1.5641 3.6047 7.0016 1.4692 20.6621 -0.4611 0.1914
Car -1 -1 1.6121 484.8113 184.5904 514.1330 212.0630 1.5195 1.5947 3.8518 -6.6744 2.2619 43.6172 1.4607 0.1842
Car -1 -1 1.0248 169.0560 187.2700 214.1182 205.6793 1.5271 1.6086 4.0320 -37.2263 2.8425 64.1429 0.5005 0.1471
Car -1 -1 -0.4209 885.7070 157.0065 1114.3926 236.2322 1.4973 1.5997 3.7260 7.6653 1.1981 14.5358 0.0557 0.1322
Car -1 -1 1.7678 408.0267 188.8585 436.1995 208.3277 1.5463 1.6155 4.0106 -16.3141 2.9833 62.7186 1.5139 0.1238
