Pedestrian -1 -1 -1.7136 772.9159 152.9763 803.7972 227.1591 1.8256 0.6075 1.0668 4.4668 1.3368 18.3127 -1.4787 0.7762
Cyclist -1 -1 1.9146 284.0960 166.4172 394.2201 336.4085 1.8210 0.6358 1.8493 -3.2329 1.7524 8.6527 1.5660 0.8908
Cyclist -1 -1 -1.7114 784.7121 161.3065 808.1122 221.2367 1.6942 0.4304 1.6369 5.4255 1.3681 21.2313 -1.4651 0.1650
Cyclist -1 -1 -1.7372 772.4777 153.4689 804.3533 228.3480 1.8436 0.5985 1.1386 4.4767 1.3667 18.3510 -1.5022 0.1402
Car -1 -1 1.8125 460.1646 181.5805 528.1777 224.8556 1.5217 1.6820 4.1912 -4.5069 1.8917 28.3993 1.6559 0.8938
Car -1 -1 2.0313 67.1403 188.2623 354.4735 339.1025 1.5313 1.6543 4.1087 -5.0685 1.7850 9.8025 1.5645 0.8676
Car -1 -1 -1.5947 671.5824 176.0598 711.6827 215.2793 1.5309 1.5702 3.4306 3.3295 1.6735 30.2279 -1.4866 0.5282
Car -1 -1 1.7446 685.6563 171.9514 726.9288 201.5104 1.5666 1.6201 4.0606 5.4074 1.5191 40.4169 1.8762 0.2538
Car -1 -1 1.6519 636.6360 172.9943 656.6401 189.5237 1.5288 1.5875 4.0602 3.5067 1.5430 68.8869 1.7023 0.2053
Car -1 -1 -3.5809 872.5151 159.1302 1100.3745 243.6675 1.6054 1.6210 3.7435 7.4084 1.3452 14.5530 -3.1187 0.1971
Car -1 -1 0.9278 1076.9656 172.5453 1242.0000 235.7956 1.4371 1.5875 3.8803 13.8738 1.4304 18.3340 1.5675 0.1592
