Pedestrian -1 -1 -1.4443 822.0334 165.3029 839.6306 207.6816 1.7024 0.6019 0.7346 8.9717 1.3994 29.4395 -1.1518 0.3575
Pedestrian -1 -1 2.0591 659.0499 172.4447 683.2934 204.3876 1.6432 0.5529 1.6753 3.1919 1.6225 37.9686 2.1418 0.1796
Cyclist -1 -1 2.0478 660.7295 172.5458 684.3762 204.0957 1.6277 0.5071 1.7348 3.2758 1.6122 38.0914 2.1324 0.4112
Car -1 -1 -1.3260 453.7512 176.6520 599.3696 279.3069 1.4496 1.5842 3.6649 -1.2978 1.5246 12.2538 -1.4303 0.9112
Car -1 -1 2.1342 0.0000 180.8098 474.6613 375.0000 1.4597 1.5858 3.7957 -2.4683 1.5416 5.3971 1.7224 0.9014
Car -1 -1 -1.6907 769.3079 179.5730 844.2272 245.2103 1.5548 1.5181 3.0668 5.0613 1.7476 19.0423 -1.4356 0.8403
Car -1 -1 1.7673 618.3969 167.0096 672.6840 207.9905 1.6783 1.6429 3.9499 1.5837 1.4393 31.6616 1.8163 0.7689
Car -1 -1 -1.9590 884.1284 198.5424 1242.0000 375.0000 1.5203 1.4601 3.2841 2.7810 1.7403 4.4393 -1.4303 0.7278
Car -1 -1 -1.6881 759.0817 180.2221 820.8171 232.1312 1.5469 1.5586 3.4021 5.8112 1.8083 23.7856 -1.4520 0.6576
Car -1 -1 0.2881 464.9943 162.2844 578.1774 204.1472 1.4506 1.5669 3.7725 -3.2046 1.0847 26.0852 0.1667 0.6006
Car -1 -1 1.5961 739.0974 172.2028 761.3428 192.4094 1.4937 1.5852 3.9981 10.7793 1.4459 55.4570 1.7867 0.2896
