Car -1 -1 -2.4070 794.4500 180.6460 964.9568 249.7045 1.4278 1.5860 3.7240 6.3011 1.6377 17.3854 -2.0654 0.9021
Car -1 -1 -1.8014 635.0751 180.9433 692.1075 220.1464 1.4719 1.5867 3.3928 2.0983 1.8248 29.6338 -1.7321 0.8600
Car -1 -1 -2.3328 0.0000 188.0942 222.2087 337.7832 1.5682 1.6436 3.7777 -7.0995 1.7791 8.8706 -2.9933 0.7478
Car -1 -1 -2.5446 0.0000 189.4088 306.8834 304.2580 1.5170 1.6138 3.7208 -6.7363 1.7827 10.6735 -3.0968 0.7264
Car -1 -1 1.4535 616.8918 177.0345 655.5648 206.9564 1.5153 1.6126 4.1705 1.3384 1.7558 39.2836 1.4867 0.6101
Car -1 -1 -2.7840 393.8930 183.8404 491.7035 221.0685 1.5788 1.6484 3.9392 -7.4888 2.0874 32.3046 -3.0105 0.5211
Car -1 -1 0.3496 263.1592 182.5889 425.5164 240.6767 1.5474 1.6366 3.9703 -7.4375 1.8330 20.3171 0.0024 0.4395
Car -1 -1 1.6666 421.8377 181.5241 476.5395 227.3377 1.5002 1.5779 3.9799 -5.8673 1.8437 26.4794 1.4501 0.4059
Car -1 -1 1.4517 486.9638 180.9415 523.0505 209.2911 1.5870 1.6688 4.3202 -6.4834 2.1064 44.0056 1.3058 0.3621
Car -1 -1 -2.6490 73.6286 149.3746 391.5465 284.3968 2.2578 1.8777 4.7957 -6.6946 1.8655 13.0651 -3.1148 0.3348
Car -1 -1 0.1180 416.6489 180.4538 498.3677 210.5346 1.4897 1.5925 3.9608 -7.8424 1.8920 37.1888 -0.0889 0.2975
