Car -1 -1 -1.8437 729.6834 191.8161 949.2300 345.6383 1.5311 1.6290 4.0972 2.7343 1.8416 9.7416 -1.5794 0.9204
Car -1 -1 -1.4396 484.4481 189.7137 552.1027 244.7523 1.4896 1.6092 3.8567 -2.8349 2.0643 22.6442 -1.5636 0.9136
Car -1 -1 -1.7944 692.4968 191.0024 815.9067 277.3354 1.4466 1.5720 4.1853 2.7934 1.8804 15.1071 -1.6162 0.8988
Car -1 -1 -1.2709 240.7480 197.6769 473.0980 348.8652 1.4406 1.6203 4.4496 -3.1443 1.8559 9.8308 -1.5738 0.8818
Car -1 -1 -1.7797 663.6631 189.5379 749.0295 250.7373 1.4575 1.5770 3.8192 2.5452 1.9712 20.2266 -1.6574 0.8452
Car -1 -1 -1.7429 656.9888 179.8131 722.2266 227.6257 1.4756 1.5702 3.8230 2.6078 1.7341 24.7979 -1.6401 0.7981
Car -1 -1 1.6127 526.9696 183.8655 566.5663 223.1662 1.6424 1.6562 4.4223 -2.9273 2.1907 33.6559 1.5259 0.7825
Car -1 -1 2.0032 0.0000 214.6127 367.2568 375.0000 1.4301 1.5348 3.7738 -2.7435 1.7954 4.3463 1.4661 0.7692
Car -1 -1 -1.6178 635.4548 185.9984 665.0256 213.8624 1.5259 1.5785 3.8454 2.3396 2.3494 43.2549 -1.5648 0.7006
Car -1 -1 1.6969 560.6006 184.5775 586.1111 205.1065 1.5829 1.6316 4.0123 -3.0387 2.5925 60.0493 1.6460 0.5153
