Pedestrian -1 -1 1.3868 1027.6272 116.7279 1109.5626 266.6426 1.8003 0.6982 0.9951 5.7938 1.1267 9.2509 1.9319 0.2758
Pedestrian -1 -1 -2.5233 920.4359 164.2368 978.3253 267.8258 1.7262 0.6366 0.6602 5.8075 1.5829 12.4659 -2.0971 0.1875
Pedestrian -1 -1 1.6555 793.0936 135.3139 811.8115 185.1089 1.8597 0.6177 0.9117 7.2908 0.4580 27.4772 1.9122 0.1760
Pedestrian -1 -1 -0.7951 771.2373 172.7160 800.2049 223.4357 1.7554 0.6376 0.7681 6.1515 1.7510 25.4435 -0.5612 0.1638
Pedestrian -1 -1 -2.8707 503.8062 180.2134 519.3979 212.5165 1.6435 0.4756 0.6932 -5.0974 2.0253 37.1179 -3.0068 0.1493
Pedestrian -1 -1 1.2315 352.6191 138.7224 381.1077 198.8822 1.8157 0.5542 0.9409 -7.5709 0.7859 22.3158 0.9079 0.1454
Pedestrian -1 -1 -1.1787 63.0856 146.6730 88.7568 191.1951 1.9172 0.6938 0.6762 -23.3359 0.7902 31.4789 -1.8127 0.1331
Pedestrian -1 -1 -1.9494 771.6848 172.8748 790.2899 212.3336 1.7959 0.6494 0.6165 7.8232 1.7972 33.1908 -1.7205 0.1208
Pedestrian -1 -1 -1.6733 803.0365 166.2533 821.4851 210.2983 1.7870 0.6651 0.6372 8.2632 1.5196 29.6409 -1.4045 0.1017
Car -1 -1 1.6086 673.4152 172.1819 706.6500 202.4449 1.5254 1.6154 4.1443 4.2826 1.4919 38.5338 1.7180 0.2621
Car -1 -1 1.5881 308.0800 166.6680 357.7912 211.1585 1.4481 1.5278 3.7482 -9.7894 1.2471 25.5040 1.2248 0.1322
