Pedestrian -1 -1 -0.2032 640.2488 177.3986 656.1547 205.8570 1.7312 0.5472 0.8829 2.3124 2.0129 44.3349 -0.1520 0.5242
Cyclist -1 -1 -0.2069 641.0374 177.5713 657.3746 205.9755 1.7267 0.5582 0.9059 2.3733 2.0191 44.3203 -0.1543 0.1079
Car -1 -1 -1.9705 765.7360 186.7849 1102.0809 375.0000 1.5459 1.6645 3.8697 2.9208 1.7313 7.6095 -1.6183 0.9345
Car -1 -1 -1.7472 677.3102 183.4637 759.5388 243.9899 1.4436 1.5748 3.5965 2.8081 1.7601 19.6730 -1.6084 0.9223
Car -1 -1 -2.5268 14.3668 173.2149 342.6475 291.9484 1.5663 1.6538 3.8847 -6.2029 1.5724 10.5250 -3.0487 0.8761
Car -1 -1 0.4496 265.6354 177.8065 445.7539 243.1382 1.5431 1.6428 3.9796 -6.4068 1.6759 18.2444 0.1159 0.8719
Car -1 -1 -2.8475 342.8089 168.3127 486.1136 225.2724 1.7570 1.7289 4.1202 -6.2509 1.6173 23.1860 -3.1085 0.8678
Car -1 -1 -1.6382 653.8232 177.5466 698.3218 218.4101 1.5979 1.6104 3.6655 2.6936 1.8086 30.4844 -1.5515 0.7225
Car -1 -1 0.7582 0.0000 182.6289 266.7537 345.8013 1.5623 1.6092 3.8816 -6.1827 1.6858 8.0593 0.1195 0.5324
Car -1 -1 3.2865 414.8000 179.3224 514.6390 218.4786 1.5983 1.6498 3.9648 -6.1554 1.8821 30.6824 3.0897 0.4626
Car -1 -1 3.6198 80.2839 179.5180 344.5089 270.5375 1.5230 1.6235 3.8723 -7.0792 1.6514 13.0268 3.1301 0.4089
Car -1 -1 2.4021 0.0000 123.1622 104.5533 375.0000 1.5231 1.6134 4.0002 -5.4848 1.3436 4.6186 1.5597 0.3690
Car -1 -1 0.3340 513.9318 178.4692 565.4963 198.5108 1.5360 1.6132 3.7477 -5.5852 1.9910 57.2038 0.2367 0.3194
Car -1 -1 -2.3176 1043.5967 209.3476 1242.0000 375.0000 1.5108 1.5787 3.7496 3.0061 1.7228 2.2218 -1.4459 0.3175
