Pedestrian -1 -1 -1.7533 947.8171 166.8693 998.5946 273.9886 1.6914 0.6118 0.7222 5.9231 1.4028 11.7769 -1.2972 0.2875
Car -1 -1 -1.3087 324.0571 184.8292 449.7238 260.7214 1.4667 1.6031 4.1909 -4.7805 1.4603 16.0026 -1.5947 0.9188
Car -1 -1 -1.3852 443.1913 180.4907 505.2505 223.4417 1.4024 1.5282 3.4100 -4.6442 1.2492 25.1761 -1.5661 0.8794
Car -1 -1 -1.0579 80.1830 179.3027 271.8707 262.2133 1.4332 1.5577 3.8267 -8.4092 1.3321 14.3433 -1.5802 0.8431
Car -1 -1 -1.2118 283.7719 181.7801 380.9943 230.7916 1.4401 1.6003 3.9910 -8.7625 1.3403 23.1135 -1.5706 0.8417
Car -1 -1 -1.1101 188.8770 177.9131 294.5944 224.2498 1.4353 1.5801 3.9174 -12.2331 1.2103 24.2246 -1.5735 0.8058
Car -1 -1 -0.9733 0.0000 194.8043 309.3517 376.0000 1.4551 1.5571 3.8425 -4.2410 1.5651 6.2161 -1.5522 0.7788
Car -1 -1 -1.4391 465.8448 178.1802 510.1681 213.0272 1.5259 1.5588 3.6495 -5.5285 1.2190 33.3231 -1.6026 0.7098
Car -1 -1 -1.6181 573.7323 176.4554 609.6796 207.6783 1.4875 1.6182 3.8823 -0.8876 1.0712 36.2366 -1.6428 0.6082
Car -1 -1 -1.3608 385.6755 178.4909 437.6216 212.4308 1.4873 1.5668 3.8028 -9.0867 1.1937 33.4379 -1.6244 0.3960
