Pedestrian -1 -1 0.1616 1019.2877 183.8141 1051.7244 214.9371 1.6695 0.5706 1.4728 23.4758 2.2860 39.8752 0.6898 0.1587
Pedestrian -1 -1 0.4007 946.1301 148.6163 991.6987 218.6871 1.8023 0.5839 0.9271 9.4478 1.1792 19.0974 0.8537 0.1511
Cyclist -1 -1 -1.9824 946.5648 150.3035 1056.9725 292.0294 1.8198 0.6185 1.9425 5.4382 1.5306 10.2511 -1.5073 0.9260
Cyclist -1 -1 -0.1079 1018.2070 183.8918 1052.5210 214.9882 1.6754 0.5724 1.5786 23.4565 2.2947 39.8699 0.4201 0.3026
Cyclist -1 -1 1.3363 1061.3821 158.6955 1114.3243 244.5993 1.6998 0.5851 1.4405 9.8902 1.4200 15.0506 1.9083 0.1652
Cyclist -1 -1 1.4431 947.3072 155.1367 980.0228 223.4239 1.6649 0.5197 1.7338 8.9971 1.2333 18.4938 1.8892 0.1443
Car -1 -1 -1.6820 576.5226 179.8510 625.7489 219.4629 1.5869 1.6772 4.5220 -0.5073 1.9211 32.0814 -1.6984 0.8732
Car -1 -1 1.8549 386.1035 188.2931 427.6741 212.8325 1.4784 1.5751 4.1204 -13.5232 2.5532 48.1394 1.5821 0.5110
Car -1 -1 1.6763 351.5508 195.4881 379.0394 216.8925 1.4754 1.6194 3.9958 -19.0991 3.3105 56.3573 1.3506 0.1765
Car -1 -1 -1.5425 656.5946 181.8358 678.2211 202.0731 1.5379 1.6485 3.9871 4.6779 2.2952 58.7363 -1.4640 0.1743
