Pedestrian -1 -1 1.2164 559.5530 138.8188 601.5204 221.2497 1.8939 0.6756 1.0534 -0.6326 0.9379 16.8554 1.1817 0.8019
Pedestrian -1 -1 1.1133 697.8270 135.0859 782.1575 292.2606 1.8280 0.6559 0.9796 1.6055 1.3015 8.7796 1.2899 0.7899
Pedestrian -1 -1 1.3896 493.2758 139.5539 526.1966 216.9317 1.8504 0.6538 0.9002 -2.3948 0.8728 17.4324 1.2577 0.7787
Pedestrian -1 -1 0.8826 623.1010 138.8138 708.3906 299.1615 1.7944 0.6115 0.8485 0.6648 1.3296 8.4302 0.9604 0.7045
Pedestrian -1 -1 1.3852 412.7068 140.6272 445.2220 216.7309 1.8210 0.6680 0.6476 -4.3614 0.8685 17.3460 1.1454 0.6977
Pedestrian -1 -1 1.1392 519.3843 141.6450 558.4861 216.5200 1.8798 0.6524 0.9986 -1.7583 0.9059 18.3417 1.0473 0.6926
Pedestrian -1 -1 1.3630 529.7745 145.6125 567.5056 225.6190 1.8150 0.7125 0.8911 -1.3683 1.0252 16.5631 1.2842 0.6776
Pedestrian -1 -1 1.5021 436.0346 137.9838 463.3521 204.8795 1.9196 0.7243 0.9745 -4.6220 0.7012 20.8529 1.2894 0.5766
Pedestrian -1 -1 0.7952 232.1779 142.0590 294.1024 245.7045 1.7171 0.5524 0.8038 -5.8957 1.0819 12.1071 0.3545 0.5297
Pedestrian -1 -1 1.1581 107.9814 147.3704 173.3810 260.7731 1.8153 0.6359 0.8406 -7.8030 1.2866 11.8106 0.5886 0.4863
Pedestrian -1 -1 1.3902 556.1418 141.3485 579.4293 196.5480 1.9330 0.6648 0.9966 -1.3670 0.5635 25.3164 1.3390 0.4403
Pedestrian -1 -1 0.7492 439.0330 147.4169 481.6513 221.3038 1.8076 0.6172 0.8611 -3.6752 0.9999 17.7812 0.5510 0.4121
Cyclist -1 -1 1.1008 687.1772 132.7444 772.4169 288.1305 1.8417 0.6526 1.0509 1.5119 1.2773 8.9745 1.2640 0.1320
Cyclist -1 -1 1.1970 560.1485 140.0934 603.1831 221.5717 1.8779 0.6824 1.0771 -0.6080 0.9482 16.9208 1.1639 0.1152
Cyclist -1 -1 1.3249 485.8504 139.0100 524.2529 217.2522 1.8650 0.7023 1.0665 -2.5185 0.8776 17.4745 1.1865 0.1113
