Pedestrian -1 -1 -1.5889 591.6106 166.0194 608.4712 206.6049 1.7310 0.7123 0.8010 -0.4758 1.4398 31.1833 -1.6046 0.3720
Pedestrian -1 -1 2.4704 61.2820 184.5651 100.1050 222.4811 1.7410 0.5827 1.4410 -25.2432 2.3119 34.3779 1.8406 0.1492
Cyclist -1 -1 2.2134 60.4707 184.5276 101.0337 223.2052 1.7636 0.5597 1.8489 -25.2368 2.3353 34.3856 1.5838 0.5379
Cyclist -1 -1 2.2290 203.2430 180.9310 226.4306 205.5860 1.7397 0.5407 1.7131 -28.7035 2.3364 52.3803 1.7296 0.2687
Cyclist -1 -1 -1.6417 590.4805 165.1671 608.5619 206.0110 1.7396 0.7168 0.9196 -0.4995 1.4125 31.2175 -1.6581 0.1913
Car -1 -1 2.7127 407.2704 173.1235 472.4940 196.7773 1.5457 1.6322 4.0008 -11.5712 1.5651 49.0601 2.4820 0.6435
Car -1 -1 2.3042 243.1984 180.0237 323.6835 210.6495 1.5297 1.6351 4.1448 -17.7284 1.9427 39.3015 1.8827 0.6122
Car -1 -1 2.8057 353.1338 174.2071 420.3370 199.0792 1.7896 1.7255 4.5033 -16.7574 1.8953 54.1631 2.5067 0.3431
Car -1 -1 1.1621 1004.2013 168.1965 1042.9985 185.2410 1.5842 1.6593 4.2715 39.6341 1.1517 69.2745 1.6798 0.2250
Car -1 -1 2.0012 85.5357 187.7629 144.8814 217.2112 1.7289 1.6412 3.9821 -31.8928 2.7353 46.5856 1.4033 0.1978
Car -1 -1 2.0243 443.7905 177.1720 502.2161 206.7225 1.4877 1.5661 3.8623 -7.3735 1.7338 38.9957 1.8383 0.1727
Car -1 -1 1.3518 545.1426 172.8432 574.7915 191.9591 1.5129 1.5867 4.0268 -4.1680 1.5124 59.2594 1.2816 0.1604
Car -1 -1 -1.5955 590.9663 165.5475 627.0242 200.7582 1.5144 1.5404 3.6597 -0.1307 1.2005 32.8825 -1.5999 0.1565
