Pedestrian -1 -1 -3.3191 838.3484 176.6212 857.2022 216.5658 1.7171 0.5545 0.6898 10.3025 1.8831 31.3968 -3.0054 0.1531
Pedestrian -1 -1 -1.7433 894.6962 143.0621 909.8450 177.5672 1.8506 0.6563 0.6511 15.7916 0.2531 39.0812 -1.3618 0.1439
Pedestrian -1 -1 -3.2388 1086.0964 166.5460 1104.9894 201.0190 1.7573 0.5769 0.7532 24.9995 1.4361 37.2111 -2.6512 0.1096
Cyclist -1 -1 1.7979 696.0016 182.8089 716.0661 217.5390 1.7545 0.6672 1.7786 5.0235 2.2914 37.9414 1.9279 0.1196
Car -1 -1 1.9071 280.8879 186.6330 381.0888 248.7169 1.6633 1.6538 3.9186 -8.4893 2.1252 22.1868 1.5451 0.9315
Car -1 -1 2.1547 0.0000 191.7738 200.4687 332.3219 1.6353 1.6515 4.0973 -8.2327 1.9799 11.0380 1.5251 0.9228
Car -1 -1 -1.5716 572.5859 184.0898 610.0920 222.5241 1.6202 1.6516 4.5538 -0.9268 2.1867 34.0569 -1.5993 0.9190
Car -1 -1 1.5721 406.8092 189.4191 443.5568 224.5201 1.4970 1.6301 4.0970 -9.0014 2.3516 35.0188 1.3218 0.6636
Car -1 -1 1.7381 459.5897 189.2999 507.9575 224.0094 1.4306 1.5760 3.9827 -5.8548 2.2429 33.6221 1.5664 0.1650
Car -1 -1 -1.6448 1232.8306 90.6954 1242.0000 230.9169 1.5365 1.5361 3.3797 9.4054 0.6366 9.7001 -0.8894 0.1207
