Pedestrian -1 -1 -0.2149 710.5090 122.3391 741.4085 194.7730 1.7225 0.5479 0.6330 2.7499 0.5216 17.4480 -0.0613 0.5771
Pedestrian -1 -1 2.3738 1087.1760 110.4762 1242.0000 279.4874 1.7137 0.5286 1.6436 5.9785 1.0816 7.6779 3.0169 0.1365
Cyclist -1 -1 2.3597 1089.6219 108.4478 1242.0000 279.6304 1.7348 0.5260 1.6153 5.9879 1.0824 7.6811 3.0034 0.3847
Car -1 -1 -1.8239 682.2175 185.1466 806.0325 271.4820 1.4763 1.5883 3.5410 2.5349 1.7582 14.6901 -1.6575 0.9422
Car -1 -1 -1.4396 410.3539 190.2568 482.2670 248.8955 1.4634 1.5765 3.4887 -4.6953 2.0111 20.8831 -1.6587 0.9111
Car -1 -1 -1.4117 457.0140 184.3058 512.1658 226.9042 1.5866 1.6414 3.9722 -5.1696 2.0939 29.9394 -1.5818 0.8546
Car -1 -1 -1.6707 645.8484 184.5732 700.2499 230.2056 1.4185 1.5307 3.3181 2.0747 1.8515 24.9598 -1.5896 0.8528
Car -1 -1 2.2213 0.0000 207.6476 223.4718 375.0000 1.4486 1.5968 3.9510 -4.5631 1.7924 5.1049 1.5174 0.8162
Car -1 -1 1.5784 499.1071 183.3370 526.4839 213.1314 1.6757 1.5821 3.7795 -5.9383 2.3432 43.9416 1.4443 0.6326
Car -1 -1 -1.6354 628.2629 180.1106 660.6812 209.2737 1.5352 1.5810 3.7332 1.8728 1.9648 40.7984 -1.5904 0.6205
Car -1 -1 1.3444 689.9510 174.6540 739.1144 206.3365 1.5342 1.6326 4.0248 5.2937 1.6326 37.2479 1.4840 0.4777
