Pedestrian -1 -1 -2.3287 350.7026 163.1995 405.3020 248.9934 1.6862 0.6091 0.8975 -4.5787 1.3277 14.5999 -2.6329 0.8272
Pedestrian -1 -1 1.9931 195.7220 153.9272 282.5916 324.3264 1.6773 0.6263 0.5429 -3.7411 1.4073 7.3521 1.5307 0.8223
Pedestrian -1 -1 2.2950 632.7386 171.6989 665.2503 233.6427 1.7100 0.6742 0.6209 1.3126 1.4406 20.2849 2.3535 0.7393
Pedestrian -1 -1 -0.9482 501.8850 170.5628 538.1405 237.4941 1.6739 0.5351 0.8471 -2.1198 1.4016 18.4630 -1.0662 0.6443
Pedestrian -1 -1 1.5913 618.4812 165.6881 630.3192 203.7811 1.8595 0.5730 0.8885 1.1312 1.0886 35.5206 1.6179 0.5598
Pedestrian -1 -1 -1.5683 626.1695 164.9841 643.9897 215.9380 1.8403 0.6432 1.0156 1.2154 1.2448 26.4622 -1.5280 0.4453
Pedestrian -1 -1 0.3810 555.7598 167.3218 589.0322 222.4649 1.7762 0.5691 0.9482 -0.9754 1.3206 23.5605 0.3349 0.4294
Pedestrian -1 -1 1.3808 649.3994 168.7643 663.1981 203.6742 1.7775 0.5780 0.7205 2.8144 1.1299 36.9653 1.4512 0.4172
Pedestrian -1 -1 -1.5730 578.7446 175.1882 594.9982 221.9990 1.7337 0.6021 0.7678 -0.5714 1.5010 26.9945 -1.5992 0.2618
Pedestrian -1 -1 0.3451 1135.7083 186.7357 1238.0000 374.0000 1.5515 0.3920 0.6642 4.1313 1.5921 4.9850 1.0059 0.2560
Pedestrian -1 -1 0.9278 654.2065 167.6271 672.2843 202.3430 1.8182 0.5774 0.8197 3.2737 1.0925 38.1201 1.0079 0.2337
Pedestrian -1 -1 -1.1471 667.5027 167.8926 684.1650 203.0614 1.7956 0.5745 0.8212 3.8471 1.1017 37.1721 -1.0497 0.2120
Cyclist -1 -1 -2.7404 552.8243 168.0484 587.3134 223.4883 1.7838 0.5732 0.9851 -1.0514 1.3521 23.5483 -2.7897 0.1186
