Car -1 -1 -1.7450 581.1864 178.9396 678.6287 252.0165 1.5703 1.6816 3.8959 0.3713 1.4366 17.4969 -1.7246 0.9533
Car -1 -1 -1.3289 252.2512 189.1272 371.4746 259.5345 1.4002 1.6023 3.9844 -6.7114 1.5031 16.6067 -1.7077 0.9242
Car -1 -1 -1.5844 480.1759 181.5426 528.9703 226.2059 1.5328 1.6667 3.4930 -3.8697 1.4078 26.5217 -1.7282 0.9068
Car -1 -1 -1.1818 36.1138 194.6768 277.5030 318.7083 1.3718 1.5348 3.6628 -6.1058 1.5320 10.1607 -1.7114 0.8786
Car -1 -1 -1.4094 332.5614 183.6497 404.1114 228.2656 1.4089 1.6529 4.4280 -8.2565 1.3606 25.0110 -1.7254 0.8649
Car -1 -1 -1.3116 228.0682 183.3804 309.9218 230.7942 1.5167 1.5882 4.0305 -11.7561 1.4591 25.1139 -1.7457 0.7305
Car -1 -1 -1.0340 0.0000 157.3389 199.0628 254.8631 1.7974 1.7722 4.6271 -10.9968 1.2848 15.6140 -1.6396 0.6885
Car -1 -1 -1.3546 288.0994 170.3482 343.4160 209.2278 1.7557 1.6397 3.9746 -13.9896 1.0855 34.5541 -1.7368 0.6865
Car -1 -1 -1.4702 396.0287 183.3503 435.3132 213.6488 1.4650 1.5702 3.7041 -9.7871 1.3759 36.7062 -1.7294 0.6584
Car -1 -1 -1.6585 473.0293 184.0813 511.9348 216.9574 1.5413 1.5844 3.6620 -5.7949 1.4893 35.6674 -1.8188 0.5008
Car -1 -1 -1.6935 529.0894 182.0981 555.0240 200.8752 1.4640 1.6096 3.9728 -5.3618 1.2221 58.1568 -1.7855 0.3601
