Car -1 -1 1.9298 187.3056 188.1110 396.3913 318.1361 1.5699 1.6115 3.9108 -4.6851 1.8480 11.1528 1.5398 0.9378
Car -1 -1 1.8591 352.0260 182.0841 469.7347 262.9088 1.6168 1.5955 3.8241 -4.5343 1.8570 16.8064 1.5988 0.9003
Car -1 -1 -1.8591 771.1733 182.0244 944.6493 292.0404 1.4703 1.5984 3.7538 3.7902 1.6452 11.8420 -1.5576 0.8981
Car -1 -1 -1.8047 717.3134 180.6900 830.5537 253.0826 1.4492 1.6165 4.1803 3.6534 1.6572 17.0090 -1.5975 0.8908
Car -1 -1 -2.0598 880.8297 184.4703 1242.0000 375.0000 1.4621 1.5899 4.0470 3.8145 1.5972 6.3170 -1.5380 0.8872
Car -1 -1 1.7971 419.3986 183.5692 503.3395 237.2664 1.4321 1.6153 4.1911 -4.4999 1.7936 22.2027 1.5988 0.8611
Car -1 -1 -1.7442 702.9128 179.0748 779.5690 236.1191 1.5567 1.6210 3.9057 3.8648 1.7643 22.0700 -1.5739 0.7392
Car -1 -1 1.7574 514.3361 177.8910 556.5638 209.8049 1.5813 1.5866 3.5807 -3.9317 1.8612 38.1837 1.6550 0.7266
Car -1 -1 -1.6919 695.4623 177.8734 749.1855 221.1487 1.5154 1.5731 3.6511 4.1755 1.7201 27.5375 -1.5437 0.6481
Car -1 -1 1.7239 532.4734 176.3867 569.0779 203.8900 1.5343 1.5851 3.9174 -3.4969 1.7539 42.7755 1.6423 0.5324
Car -1 -1 1.3711 684.4126 175.9144 737.2366 211.4292 1.5172 1.6090 4.1121 4.5394 1.6677 33.2895 1.5049 0.3944
