Pedestrian -1 -1 -1.6606 861.8163 171.9000 884.1608 223.1114 1.8172 0.6804 0.8532 9.4619 1.7837 26.0987 -1.3171 0.3524
Pedestrian -1 -1 0.8336 895.4561 168.2849 918.4384 203.1283 1.8940 0.6867 0.9856 16.3395 1.6460 39.7996 1.2202 0.2183
Pedestrian -1 -1 -0.3651 1165.3794 134.3194 1238.6034 257.4633 1.6068 0.4690 0.6337 7.9153 1.1043 9.7301 0.3030 0.2098
Pedestrian -1 -1 0.2634 883.7906 163.6263 941.4639 305.4459 1.7044 0.6042 0.5379 3.7549 1.5938 9.0717 0.6433 0.1733
Pedestrian -1 -1 -2.7558 397.8099 134.5511 435.2581 216.7640 1.7252 0.5440 0.6149 -4.1867 0.9218 15.4462 -3.0166 0.1654
Pedestrian -1 -1 1.9416 507.0497 195.8784 535.7981 247.6589 1.6164 0.5346 1.2234 -2.9526 2.3962 23.7656 1.8184 0.1572
Pedestrian -1 -1 -2.5008 503.3136 190.5749 525.4249 234.4677 1.7922 0.6757 0.6439 -4.0521 2.5472 30.2744 -2.6335 0.1514
Pedestrian -1 -1 -2.4791 1075.0446 195.6544 1178.4852 375.0000 1.6499 0.6278 0.5461 4.9237 1.8818 6.9659 -1.8849 0.1445
Pedestrian -1 -1 1.8140 490.2678 166.4686 522.4167 241.8197 1.7732 0.5868 0.8301 -2.5435 1.6233 17.4187 1.6704 0.1306
Pedestrian -1 -1 -1.8820 1131.6265 175.8263 1186.7919 265.9442 1.7470 0.6583 0.8098 10.9740 1.8092 14.5062 -1.2448 0.1268
Cyclist -1 -1 1.7983 507.9967 196.6392 533.7013 249.1633 1.6227 0.5198 1.4876 -2.9675 2.4314 23.7503 1.6744 0.3136
Cyclist -1 -1 -0.2330 1138.6713 147.0030 1242.0000 259.8000 1.7611 0.6222 1.5760 9.6865 1.3579 11.8791 0.4387 0.1776
Cyclist -1 -1 2.3388 1090.7042 179.6386 1179.6143 259.9248 1.6966 0.6731 1.5812 11.4414 1.8500 15.8017 2.9559 0.1691
Cyclist -1 -1 -1.4146 985.1742 155.9664 1049.4325 312.3147 1.6183 0.4321 1.5266 4.5988 1.4438 8.2035 -0.9196 0.1323
Car -1 -1 1.7251 591.9971 197.8797 631.3967 231.1820 1.6674 1.6660 4.0407 0.1139 3.1790 41.4440 1.7270 0.4812
Car -1 -1 2.7421 0.0000 186.9622 213.7880 375.0000 1.5692 1.6205 4.0429 -4.6282 1.6913 4.0504 1.9228 0.1506
