Car -1 -1 1.7229 412.5191 184.5930 497.6728 248.1340 1.5240 1.7087 4.0883 -4.2534 1.8864 20.1619 1.5169 0.9070
Car -1 -1 -1.8589 684.4805 184.2021 807.0343 271.0479 1.5050 1.5227 3.3345 2.5831 1.7641 14.7032 -1.6895 0.8891
Car -1 -1 -2.0023 767.8111 188.8651 1048.5950 374.2917 1.5413 1.5188 3.2920 2.9466 1.7571 7.9987 -1.6627 0.8676
Car -1 -1 -1.7916 650.7130 180.8064 742.7251 249.0486 1.5943 1.6214 3.7376 2.1539 1.8284 19.2559 -1.6828 0.8610
Car -1 -1 2.1682 0.0000 203.2752 289.6444 375.0000 1.4435 1.5618 3.7912 -3.3753 1.6969 4.0546 1.5053 0.8388
Car -1 -1 -1.7021 633.6786 181.8911 696.6120 228.7679 1.4497 1.6296 4.2522 1.8008 1.7945 25.3217 -1.6327 0.7699
Car -1 -1 1.7362 451.7975 184.2711 512.1038 228.7950 1.4317 1.5524 3.6442 -4.5760 1.8719 25.9646 1.5629 0.7630
Car -1 -1 -2.3586 939.0685 212.1485 1242.0000 375.0000 1.4826 1.5766 3.8410 3.0798 1.7566 3.0652 -1.6190 0.6824
Car -1 -1 1.7334 486.5879 181.1170 531.0984 215.3294 1.5729 1.5918 3.9115 -5.0392 2.0093 36.0973 1.5951 0.3397
Car -1 -1 -3.3321 757.7614 166.3522 826.9747 191.8957 1.5396 1.6237 3.8884 11.1463 1.1480 44.4005 -3.0880 0.2997
