Car -1 -1 1.9656 109.6944 199.1284 434.7972 375.0000 1.5558 1.5623 3.5816 -3.0415 1.8852 7.2350 1.5794 0.9140
Car -1 -1 1.7174 459.5247 173.7147 555.5608 262.2849 2.0005 1.7784 4.6220 -2.5455 2.0259 18.6606 1.5828 0.9137
Car -1 -1 -1.8548 789.7276 188.7268 1014.4769 349.2781 1.6645 1.6713 3.9706 3.6427 1.9276 9.9090 -1.5136 0.8888
Car -1 -1 -1.7325 699.1379 194.6892 774.3527 249.9020 1.4364 1.6170 4.2093 3.8041 2.1827 22.5406 -1.5685 0.8762
Car -1 -1 1.3620 735.6415 195.5253 845.3051 274.4210 1.4634 1.5901 3.9518 3.9307 2.0453 16.5161 1.5904 0.8337
Car -1 -1 1.5535 553.9423 186.2834 586.5897 220.6182 1.7360 1.7270 4.1563 -2.2943 2.5260 40.2868 1.4963 0.7698
Car -1 -1 -1.7044 694.2877 189.9830 746.1123 234.2920 1.5090 1.5035 3.3411 4.1045 2.2033 27.5480 -1.5589 0.7241
Car -1 -1 -1.6974 670.4759 189.9518 708.8726 221.0087 1.5064 1.5852 3.7486 4.2176 2.4750 38.9663 -1.5912 0.6796
Car -1 -1 -1.7412 677.3643 190.6583 722.8098 226.1896 1.5182 1.5602 3.5267 4.2063 2.4126 34.4317 -1.6215 0.6582
Car -1 -1 0.8724 961.8470 216.7909 1242.0000 375.0000 1.4899 1.5967 3.9216 4.0065 1.8947 4.6633 1.5499 0.4949
