Pedestrian -1 -1 -2.0407 68.6904 167.3701 120.2033 253.1037 1.6795 0.5703 0.7511 -10.4532 1.5724 14.5595 -2.6549 0.3313
Pedestrian -1 -1 0.1023 847.4585 216.5688 925.2274 375.0000 1.6418 0.5463 0.5415 2.1623 2.0140 5.7717 0.4417 0.1929
Pedestrian -1 -1 2.8140 300.3722 163.8101 326.3487 207.5589 1.8273 0.5464 0.8922 -12.6348 1.4499 30.6335 2.4256 0.1371
Pedestrian -1 -1 0.6299 1084.5001 123.9903 1195.8647 269.1086 1.7325 0.5673 0.9955 6.6596 1.1495 9.1741 1.2425 0.1335
Pedestrian -1 -1 1.5147 16.7669 177.0878 43.4440 235.6223 1.7913 0.6187 0.6402 -18.2024 1.9269 22.5876 0.8420 0.1326
Pedestrian -1 -1 1.4517 508.0969 172.7860 517.5853 198.4893 1.8269 0.5896 0.7412 -6.9940 1.8224 51.7133 1.3176 0.1238
Cyclist -1 -1 2.3574 122.8569 193.7511 178.1181 249.8906 1.6325 0.5756 1.4611 -14.2462 2.3023 22.3334 1.7947 0.1186
Cyclist -1 -1 0.6887 1066.6504 122.1561 1207.7660 262.7878 1.6781 0.5669 1.4372 6.7382 1.0735 9.3756 1.2970 0.1182
Car -1 -1 1.7301 472.3391 180.3250 540.4834 230.1627 1.5199 1.6723 4.0837 -3.4922 1.7971 24.6762 1.5903 0.9077
Car -1 -1 1.8406 426.4922 181.6764 466.7838 206.3384 1.5436 1.6179 4.1009 -11.0093 2.1654 48.7381 1.6192 0.1217
Car -1 -1 -0.4151 0.0000 183.5187 178.9296 247.3205 1.6110 1.6645 4.2515 -15.3656 1.9584 21.2229 -1.0360 0.1187
Car -1 -1 1.9443 487.7477 170.4821 522.0591 188.6760 1.5057 1.5747 3.9542 -8.9849 1.3098 61.8160 1.8003 0.1123
Car -1 -1 1.1946 681.7968 175.8527 713.2853 193.0066 1.5692 1.5936 4.0743 8.3073 1.8650 68.9323 1.3137 0.1089
Car -1 -1 -2.0100 529.0148 176.6946 568.1324 196.9001 1.5406 1.6227 3.8908 -4.9881 1.8602 57.8954 -2.0960 0.1062
