Pedestrian -1 -1 1.9366 906.3012 158.1318 970.5629 246.8452 1.7529 0.6961 1.6368 6.8294 1.4623 15.0794 2.3539 0.1531
Pedestrian -1 -1 1.3236 718.3600 199.4723 737.3623 242.6004 1.7946 0.6163 0.8403 5.0210 2.9558 31.0177 1.4816 0.1483
Pedestrian -1 -1 1.2811 969.6621 200.0540 1046.9523 375.0000 1.6250 0.4707 0.6631 3.7766 1.9023 6.9751 1.7582 0.1368
Pedestrian -1 -1 2.2028 447.0907 184.1214 475.8784 237.8650 1.8477 0.6408 0.8135 -5.2924 2.2544 25.5173 1.9996 0.1256
Pedestrian -1 -1 -3.5855 1126.4642 173.8282 1242.0000 375.0000 1.6770 0.6319 0.5849 3.6977 1.6841 4.5636 -2.9367 0.1186
Cyclist -1 -1 1.7514 905.0510 157.5146 959.4173 245.5946 1.7337 0.7507 1.7801 6.7355 1.4321 15.1478 2.1620 0.3319
Cyclist -1 -1 -2.0518 996.9182 154.7347 1242.0000 375.0000 1.7066 0.4322 1.6972 2.6888 1.6287 3.9771 -1.4922 0.1979
Cyclist -1 -1 2.2155 437.3116 201.5837 496.9603 275.6039 1.8260 0.8126 1.5294 -3.8556 2.6308 19.3342 2.0202 0.1381
Cyclist -1 -1 1.5492 1093.8859 180.9705 1126.7292 242.8306 1.7526 0.7537 1.8442 14.9624 2.0078 21.6752 2.1464 0.1078
Car -1 -1 1.6180 557.3209 202.2801 594.3522 241.3318 1.7250 1.7082 4.0390 -1.7343 3.3141 36.9335 1.5705 0.7420
Car -1 -1 -0.4472 832.7755 189.1328 924.9828 222.0759 1.5826 1.6586 4.0783 13.5952 2.4338 36.6887 -0.0956 0.1637
Car -1 -1 1.6310 586.9524 195.1299 610.3428 216.5964 1.5572 1.6644 4.1726 -0.9168 3.4403 58.8608 1.6148 0.1505
Car -1 -1 -2.2867 991.9860 180.5602 1242.0000 375.0000 1.6061 1.4768 2.9964 3.3932 1.6611 3.6146 -1.5738 0.1484
Car -1 -1 -0.0463 773.0004 161.0575 824.7130 179.3056 1.5389 1.6220 4.2291 16.1828 0.5444 62.0766 0.2075 0.1089
