Pedestrian -1 -1 0.2181 444.8024 170.7034 463.0290 201.5476 1.8397 0.5079 0.9828 -9.0689 1.2567 42.4259 0.0107 0.6340
Pedestrian -1 -1 -1.7985 936.7878 135.3964 966.2134 194.7066 1.7882 0.6837 0.6273 10.5939 0.4299 21.6943 -1.3481 0.6148
Pedestrian -1 -1 2.9595 560.5195 167.7698 576.4962 197.8137 1.8483 0.5252 0.9099 -2.2687 1.0665 43.8519 2.9099 0.4847
Pedestrian -1 -1 3.0279 357.7579 182.2106 371.4688 208.7123 1.7660 0.4973 0.8235 -16.1713 1.8834 47.5622 2.7037 0.3407
Pedestrian -1 -1 -2.8380 450.9285 174.3850 467.8589 204.3202 1.8302 0.5015 0.9125 -8.9648 1.4577 43.5197 -3.0381 0.3038
Pedestrian -1 -1 0.0388 369.5910 180.3430 383.7475 207.7291 1.8552 0.5796 0.8974 -15.5899 1.8458 48.2901 -0.2700 0.2465
Pedestrian -1 -1 3.0128 648.2551 166.0802 678.1774 195.8156 1.7899 0.5527 1.7516 3.5205 0.9233 42.8708 3.0959 0.1672
Cyclist -1 -1 -0.0933 592.9160 169.6966 621.3809 196.7279 1.7372 0.7017 1.7891 0.1331 1.0442 45.8626 -0.0887 0.6409
Cyclist -1 -1 -0.0612 647.5471 166.0326 677.2960 195.6013 1.7801 0.5418 1.7670 3.4694 0.9105 42.8489 0.0207 0.5624
Cyclist -1 -1 -1.1031 379.7457 179.7226 407.7471 216.0991 1.7484 0.5608 1.8219 -10.4348 1.7125 34.9250 -1.3893 0.5452
Cyclist -1 -1 0.2693 445.4368 170.7610 464.6172 201.5809 1.8357 0.5324 1.0204 -8.9979 1.2570 42.4053 0.0635 0.1427
Car -1 -1 2.5445 939.8478 139.0621 1082.5479 188.4562 1.5978 1.6417 3.9366 13.6071 0.2589 23.8469 3.0592 0.8536
Car -1 -1 -1.5684 518.0770 175.3869 549.6105 204.2255 1.4687 1.6015 3.6105 -3.8155 1.2097 37.8772 -1.6663 0.7379
