Pedestrian -1 -1 1.1181 717.5207 156.6462 741.5449 204.3471 1.7618 0.5733 0.8530 4.5365 0.7077 27.0365 1.2823 0.1712
Cyclist -1 -1 0.6434 715.3458 156.8015 743.0676 204.2321 1.7512 0.5772 0.8523 4.5290 0.7032 27.0449 0.8073 0.1006
Car -1 -1 -1.6015 557.2216 173.5865 627.1927 240.3754 1.5712 1.6515 3.3972 -0.5096 1.2987 18.6505 -1.6288 0.8930
Car -1 -1 -1.4000 431.9155 181.5301 521.2330 244.2001 1.4744 1.6088 4.2305 -3.3862 1.3888 19.0261 -1.5741 0.7587
Car -1 -1 -1.4514 478.1660 178.4997 537.8029 223.6551 1.4847 1.6311 4.0548 -3.5188 1.2650 25.6718 -1.5866 0.6880
Car -1 -1 -1.4672 503.1426 171.9973 547.7981 211.5345 1.7039 1.6387 3.8698 -3.7423 1.1354 32.9184 -1.5799 0.6343
Car -1 -1 -1.4811 524.0465 175.5360 558.2147 203.9774 1.5449 1.6011 3.8553 -3.7797 1.0202 40.9716 -1.5729 0.2432
Car -1 -1 -1.4674 465.4090 176.9094 493.3832 199.0854 1.5034 1.5587 3.7864 -9.0317 0.9414 50.6752 -1.6432 0.2197
Car -1 -1 1.1997 644.0962 176.1734 689.0600 201.1488 1.5759 1.6129 3.9922 3.8116 1.0065 47.4972 1.2789 0.1741
Car -1 -1 1.4344 623.8214 175.9165 669.8015 209.8032 1.5322 1.6423 4.1851 1.7858 1.1129 34.6547 1.4850 0.1460
