Car -1 -1 -2.0024 804.0124 190.3960 1242.0000 375.0000 1.4775 1.6500 4.3739 2.7847 1.6637 5.4391 -1.5524 0.8646
Car -1 -1 -0.3734 787.8276 184.6619 1038.5516 267.9366 1.5861 1.7260 4.4383 6.0435 1.8440 14.8620 0.0050 0.8201
Car -1 -1 0.3139 380.3320 174.3989 507.1881 220.4691 1.4783 1.5972 3.8378 -5.5624 1.5325 24.1821 0.0897 0.8117
Car -1 -1 -0.4260 933.1964 183.7581 1242.0000 304.5572 1.5324 1.5425 3.3837 6.5849 1.7035 10.3095 0.1286 0.8110
Car -1 -1 3.4914 232.7988 173.3176 432.8684 242.1052 1.5500 1.6644 4.1097 -6.5079 1.5619 17.1174 3.1327 0.8099
Car -1 -1 -0.3341 761.7509 183.6872 889.2057 233.5051 1.4540 1.5306 3.4581 6.5498 1.8018 22.2837 -0.0526 0.7924
Car -1 -1 -0.2072 692.7887 178.9160 784.2762 214.7848 1.6451 1.6930 4.0171 6.0256 1.9415 34.3171 -0.0355 0.7543
Car -1 -1 -2.7825 305.9681 175.7418 471.2589 234.2708 1.5020 1.6188 3.9653 -5.9680 1.5843 19.5446 -3.0756 0.5962
Car -1 -1 -0.3360 745.0651 178.3353 869.2722 227.3683 1.5968 1.6456 3.7628 6.6408 1.7920 24.6759 -0.0769 0.5803
Car -1 -1 -1.7064 635.3864 178.9932 666.7900 202.4728 1.4891 1.5899 3.9765 2.7115 1.9227 48.8732 -1.6518 0.5485
Car -1 -1 0.8985 0.0000 176.1847 258.8388 351.3295 1.4550 1.5542 3.6889 -5.7069 1.4944 7.2445 0.2488 0.5028
Car -1 -1 3.2298 400.9513 167.5714 508.0243 206.4326 1.5099 1.6247 4.0906 -6.2335 1.3051 29.0867 3.0201 0.4928
Car -1 -1 -2.6036 402.7322 182.3400 511.3237 223.6976 1.4192 1.5473 3.6529 -5.6913 1.7878 26.6868 -2.8122 0.4747
