Pedestrian -1 -1 1.0664 890.3085 153.5461 982.3621 290.3449 1.6890 0.7226 0.9174 4.2897 1.3452 9.3557 1.4803 0.9222
Pedestrian -1 -1 2.2812 382.9967 150.7312 418.6336 218.5172 1.7987 0.5820 0.7559 -5.4795 0.9834 19.5243 2.0060 0.6428
Pedestrian -1 -1 -1.9502 762.3970 154.9387 799.2100 231.5907 1.8384 0.7062 0.5773 4.3458 1.2025 17.5622 -1.7163 0.6249
Pedestrian -1 -1 -1.4492 515.9565 169.9444 534.8988 214.4281 1.7849 0.6958 0.6350 -3.0969 1.3222 29.1412 -1.5593 0.4394
Pedestrian -1 -1 -1.5868 1045.9904 146.1317 1104.7709 282.8241 1.6938 0.6126 0.5933 6.0817 1.2569 9.3107 -1.0263 0.4277
Pedestrian -1 -1 -2.1568 717.7845 157.6520 736.1078 195.6393 1.8839 0.6276 0.6897 6.2920 0.7021 36.0636 -1.9902 0.3471
Pedestrian -1 -1 -0.1482 904.5676 101.9340 965.6793 212.9992 1.7104 0.5344 0.8035 5.2494 0.4864 11.4241 0.2691 0.2764
Pedestrian -1 -1 0.3453 697.3326 167.0996 750.4651 255.0721 1.7669 0.6300 0.9335 2.5090 1.4789 14.9262 0.5035 0.2513
Pedestrian -1 -1 3.2200 169.8681 153.7347 421.9960 374.0000 1.6776 0.5832 1.5240 -2.0983 1.5064 4.9714 2.8323 0.1360
Cyclist -1 -1 1.9555 189.4210 157.0932 381.8827 374.0000 1.7083 0.5638 1.7731 -2.1164 1.5712 4.9630 1.5641 0.8559
Cyclist -1 -1 -0.1482 904.5676 101.9340 965.6793 212.9992 1.7104 0.5344 0.8035 5.2494 0.4864 11.4241 0.2691 0.1007
Car -1 -1 1.6169 604.4973 165.1046 641.0261 198.0805 1.5819 1.6879 4.4023 1.1380 0.7963 36.7122 1.6427 0.6196
Car -1 -1 -1.0309 1074.8754 164.6212 1238.0000 278.2102 1.4991 1.6064 3.8137 9.2679 1.2777 10.8743 -0.3421 0.3543
