Pedestrian -1 -1 -0.5349 878.6203 125.4844 927.0595 216.0060 1.6606 0.4405 0.7156 5.4266 0.7920 13.5084 -0.1605 0.5209
Pedestrian -1 -1 0.1099 735.4639 131.8425 768.7015 206.8570 1.6217 0.4308 0.6781 3.0840 0.7354 15.9010 0.2977 0.3741
Pedestrian -1 -1 1.8207 260.7907 132.8369 300.8846 217.9406 1.8291 0.6105 0.8672 -7.3304 0.9694 15.9852 1.3967 0.2141
Car -1 -1 1.9042 245.0700 191.1230 430.5965 305.3440 1.5310 1.6800 4.0161 -4.4439 1.8945 12.3261 1.5642 0.9209
Car -1 -1 1.8011 376.0747 176.7337 479.2343 257.4639 1.7569 1.6006 3.9130 -4.4210 1.8639 17.8531 1.5611 0.9193
Car -1 -1 1.7596 442.3716 179.4675 516.2202 236.3180 1.6406 1.6104 4.0264 -4.1669 1.8732 23.3141 1.5840 0.9019
Car -1 -1 -1.8170 727.9311 173.5598 891.1625 284.6447 1.5168 1.6018 3.7701 2.9881 1.5305 11.7618 -1.5752 0.8851
Car -1 -1 -2.0042 807.9736 177.0087 1242.0000 375.0000 1.4920 1.6283 4.2066 2.8254 1.5365 5.5361 -1.5547 0.8661
Car -1 -1 -1.7323 680.1624 176.8580 761.1776 235.7233 1.4744 1.6090 3.8894 2.9577 1.5982 20.2958 -1.5905 0.8340
Car -1 -1 -1.7270 668.6644 173.7149 731.1622 220.4619 1.5680 1.6196 4.0964 3.1535 1.6023 26.3548 -1.6099 0.5908
Car -1 -1 -1.6129 627.9757 176.7270 650.0516 197.0265 1.4999 1.5459 3.6986 2.1927 1.8101 55.8704 -1.5743 0.3219
Car -1 -1 1.5571 649.3712 176.6593 678.3848 205.0288 1.5256 1.5803 4.0760 3.0242 1.7555 41.4376 1.6289 0.2111
