Pedestrian -1 -1 -1.5831 197.6613 169.8628 206.5025 191.8410 1.8265 0.6367 0.7113 -34.1882 1.5783 60.4282 -2.0963 0.1533
Pedestrian -1 -1 0.3170 1113.3433 108.2068 1223.9991 222.2666 1.7388 0.6000 1.2994 8.9818 0.7536 11.7012 0.9597 0.1371
Cyclist -1 -1 -1.9262 730.3895 171.4966 750.2225 204.9452 1.6458 0.4279 1.6581 6.5176 1.5794 36.3546 -1.7507 0.3101
Cyclist -1 -1 0.7157 1113.6370 108.5073 1228.0627 223.7298 1.7458 0.5841 1.4195 8.9817 0.7712 11.6846 1.3591 0.2226
Car -1 -1 1.7984 389.1747 179.5052 443.7661 213.0774 1.5021 1.6711 4.1634 -9.4071 1.8467 35.2240 1.5389 0.8664
Car -1 -1 -1.5280 588.5432 173.5666 615.6836 198.0077 1.5471 1.6324 3.9846 -0.5162 1.5967 47.8059 -1.5391 0.4830
Car -1 -1 1.9711 461.8393 176.2584 502.1700 197.3057 1.5322 1.6090 4.0132 -9.7955 1.8038 55.3496 1.7964 0.3370
Car -1 -1 1.7946 444.7704 172.3471 490.0360 202.2968 1.4741 1.5168 3.6906 -7.3676 1.4495 37.3791 1.6009 0.1719
Car -1 -1 1.8762 188.5725 182.2195 232.1145 205.1906 1.5112 1.5886 3.9414 -28.3575 2.2040 51.2560 1.3728 0.1680
Car -1 -1 -1.1178 190.2905 168.8804 233.0072 187.8086 1.5804 1.6378 4.0022 -34.3469 1.2490 62.2800 -1.6202 0.1455
