Car -1 -1 -1.3124 276.4041 175.6581 475.3609 310.6138 1.6180 1.7018 4.3015 -3.2315 1.5045 10.7869 -1.5970 0.9275
Car -1 -1 -1.0246 0.0000 186.0974 173.5682 252.1880 1.4158 1.5697 4.3604 -12.7061 1.4414 17.6852 -1.6406 0.9046
Car -1 -1 -1.4326 456.0720 181.6769 518.6183 229.1924 1.4954 1.6039 3.6619 -4.0597 1.3851 24.4697 -1.5956 0.8833
Car -1 -1 -1.1437 191.9749 186.7105 337.8804 257.6149 1.5018 1.6553 3.9204 -8.0847 1.5429 17.2692 -1.5759 0.8832
Car -1 -1 -1.5592 563.5837 179.5866 607.0298 220.1509 1.5289 1.6379 3.5922 -0.9216 1.3179 28.9037 -1.5912 0.8429
Car -1 -1 -1.4795 507.9259 178.9770 545.4243 209.9430 1.4910 1.5581 3.7262 -4.0983 1.1918 36.4878 -1.5909 0.6148
Car -1 -1 2.3653 0.0000 199.4732 92.9148 376.0000 1.4402 1.6211 3.7902 -7.6557 1.6290 7.5496 1.5906 0.5966
Car -1 -1 -1.0962 184.5244 181.5970 289.1997 228.0534 1.4659 1.5819 3.8536 -12.6000 1.3528 24.6097 -1.5652 0.5386
Car -1 -1 1.7961 419.9383 180.4628 469.0526 211.2829 1.4814 1.5853 3.9587 -8.2613 1.2541 36.5311 1.5749 0.5080
Car -1 -1 -1.3228 368.6696 178.8078 430.9910 217.7746 1.4984 1.5762 3.7661 -8.5007 1.2531 29.5441 -1.6009 0.4283
Car -1 -1 1.6073 473.7110 179.2744 497.8288 200.8544 1.5204 1.6038 3.8045 -8.9176 1.1030 52.6337 1.4399 0.3144
