Cyclist -1 -1 1.2964 454.3783 179.1628 478.5342 221.2904 1.8368 0.6019 1.8170 -6.5544 2.1313 32.6864 1.0995 0.7533
Car -1 -1 -3.2998 836.8234 180.7819 1034.8082 260.0786 1.5597 1.6212 3.6903 6.8584 1.7458 15.6725 -2.8951 0.8770
Car -1 -1 -1.9231 638.9962 178.9307 727.0361 231.9371 1.5463 1.6330 3.7669 2.2388 1.7620 23.5412 -1.8303 0.8736
Car -1 -1 -3.6018 1059.6658 176.5788 1242.0000 258.4690 1.5433 1.6425 3.9477 11.7530 1.6268 14.8968 -2.9440 0.8225
Car -1 -1 -1.9007 569.0063 181.6367 621.0496 213.4813 1.5409 1.6296 3.6747 -0.8776 2.0285 38.0225 -1.9242 0.7429
Car -1 -1 2.4989 526.4635 178.8886 582.0835 203.7672 1.7348 1.6512 3.8658 -4.1055 2.1954 53.1256 2.4217 0.5475
Car -1 -1 -2.4125 0.0000 0.0000 1242.0000 375.0000 1.5256 1.6014 3.8762 2.9752 1.6393 1.8924 -1.4772 0.3927
Car -1 -1 2.1261 657.4868 172.8071 702.6677 193.6521 1.4713 1.5495 3.7611 5.1415 1.4683 52.8891 2.2222 0.3074
Car -1 -1 2.1503 611.8841 177.6609 663.2996 200.8420 1.5070 1.6111 4.0304 1.9205 1.8538 49.8897 2.1881 0.2939
Car -1 -1 2.3325 700.3555 175.0513 747.8723 195.2738 1.5132 1.5782 3.6363 8.8625 1.6897 56.0966 2.4880 0.2784
