Car -1 -1 -1.7232 676.0606 187.2644 762.6669 251.5914 1.4247 1.6079 3.9925 2.6953 1.8424 18.8846 -1.5846 0.9327
Car -1 -1 1.7784 383.3842 191.3762 518.3911 289.9939 1.4592 1.6265 3.9595 -2.8224 1.8546 13.4006 1.5738 0.8986
Car -1 -1 -1.5271 521.5601 188.5824 561.6304 225.4251 1.4361 1.5878 3.5392 -2.9744 2.1619 31.4719 -1.6212 0.8674
Car -1 -1 -1.4049 440.0032 188.9413 532.0488 256.7401 1.4749 1.6670 4.2626 -3.1497 1.9429 18.8383 -1.5691 0.8470
Car -1 -1 -1.7604 646.5466 186.1561 702.3298 226.7919 1.4726 1.5764 3.6481 2.5067 2.0479 29.2848 -1.6767 0.7992
Car -1 -1 -1.7170 662.6235 186.9614 729.7292 237.1679 1.4625 1.6231 4.1618 2.7633 1.9794 24.3088 -1.6060 0.7172
Car -1 -1 -1.7006 645.6732 176.4940 690.6632 211.7578 1.5434 1.6024 3.9103 2.6413 1.7253 33.9844 -1.6242 0.5988
Car -1 -1 -1.5596 631.1073 182.9649 653.5410 204.9574 1.4839 1.5693 3.8300 2.3391 2.2464 52.4337 -1.5158 0.4203
Car -1 -1 1.5578 570.3176 182.9896 588.3817 200.4712 1.5751 1.6801 4.1113 -2.9966 2.5818 69.5405 1.5144 0.3388
Car -1 -1 1.5247 551.7635 184.9364 582.8035 213.1268 1.5096 1.6316 4.0685 -2.5949 2.2579 42.5539 1.4636 0.2750
