Car -1 -1 -1.9929 766.0510 174.4288 1142.8777 375.0000 1.7045 1.6656 4.2137 2.9490 1.7257 7.4141 -1.6294 0.9511
Car -1 -1 -2.2773 710.2460 179.4563 789.4136 213.7791 1.4222 1.5583 3.5633 6.2092 1.7383 32.5718 -2.0911 0.8094
Car -1 -1 0.4173 208.5895 183.0927 434.6583 268.5491 1.5502 1.6304 3.8004 -5.6159 1.7650 14.2051 0.0466 0.7207
Car -1 -1 -1.7400 626.2618 177.7962 661.3224 204.0430 1.5413 1.5976 3.5396 2.0314 1.8621 44.9227 -1.6956 0.7097
Car -1 -1 -2.5114 58.6675 174.2958 339.4303 282.4484 1.5931 1.6412 3.7158 -6.6049 1.6189 11.7001 -3.0161 0.6877
Car -1 -1 -2.8092 329.7213 176.0845 455.1281 223.9649 1.5140 1.5786 3.6445 -7.1599 1.6248 23.7961 -3.0989 0.6702
Car -1 -1 -2.6767 230.8369 181.5749 416.6015 248.2882 1.4312 1.5479 3.6889 -6.5860 1.6444 16.6656 -3.0481 0.5553
Car -1 -1 1.5647 493.4723 177.9767 520.5705 205.6280 1.4892 1.4735 3.3832 -5.9395 1.7954 41.2980 1.4224 0.5137
Car -1 -1 -2.3719 0.0000 173.0147 247.6311 307.0503 1.4990 1.6022 3.9726 -6.9793 1.5016 9.1219 -3.0111 0.4520
Car -1 -1 0.2047 376.5965 166.2110 507.8917 221.0987 2.0802 1.8751 4.7378 -6.5400 1.8288 28.3294 -0.0207 0.4264
Car -1 -1 3.3617 354.4978 180.2372 476.6027 224.7562 1.5178 1.6301 3.9521 -6.9185 1.7912 25.7863 3.1016 0.2886
