Cyclist -1 -1 1.4660 593.0794 167.7277 609.0604 206.5722 1.8212 0.5788 1.8166 -0.4785 1.5812 34.7628 1.4518 0.8439
Cyclist -1 -1 1.6727 0.0000 134.9592 61.3300 290.5585 1.6807 0.5053 1.7979 -7.0708 1.2717 8.6848 1.0043 0.3955
Cyclist -1 -1 -1.7832 684.0754 179.0529 793.4261 271.6302 1.5553 1.4372 2.9166 2.3062 1.6872 13.8124 -1.6223 0.1819
Car -1 -1 -1.7492 687.8210 180.5879 795.2209 273.5355 1.5429 1.4614 2.9686 2.3399 1.7064 13.7181 -1.5849 0.8723
Car -1 -1 1.7262 492.3429 169.3876 557.5707 219.1506 1.6439 1.6988 4.1634 -3.0101 1.5298 25.9475 1.6113 0.8693
Car -1 -1 -1.1631 11.3630 184.6832 421.9301 375.0000 1.4990 1.5592 3.7454 -2.9247 1.6326 6.2428 -1.5861 0.8462
Car -1 -1 -2.7657 272.7798 171.2296 435.5034 227.1627 1.4582 1.6086 3.8656 -6.9490 1.4162 19.6897 -3.1011 0.7909
Car -1 -1 -1.6678 672.5870 180.3676 746.7897 247.0414 1.5251 1.5380 3.4263 2.4363 1.7375 18.6280 -1.5407 0.7577
Car -1 -1 -1.4389 529.5372 175.4404 574.6969 210.5507 1.5397 1.6148 3.9266 -2.7018 1.6689 33.9375 -1.5182 0.6790
Car -1 -1 1.5543 636.4597 172.7817 660.3413 195.2442 1.5196 1.6045 4.0312 2.6440 1.5151 50.8535 1.6056 0.5202
