Pedestrian -1 -1 2.2185 423.7332 172.1342 478.3160 258.3708 1.8208 0.7297 0.9825 -3.3270 1.6243 15.7637 2.0083 0.9248
Pedestrian -1 -1 -1.1405 682.7269 174.7907 743.2766 285.9980 1.7256 0.6226 1.0078 1.7912 1.6228 11.7359 -0.9981 0.8081
Pedestrian -1 -1 -1.8657 746.2466 171.7679 786.0417 250.2101 1.6843 0.6140 0.9006 3.5969 1.4766 15.8951 -1.6521 0.7746
Pedestrian -1 -1 -1.9363 1.2298 172.9608 83.3898 296.0000 1.7312 0.7200 0.8077 -8.3088 1.6124 10.6223 -2.5938 0.7504
Pedestrian -1 -1 -1.6821 642.3300 168.9649 670.4520 236.0193 1.8718 0.6739 1.1288 1.5378 1.5230 20.6274 -1.6140 0.7442
Pedestrian -1 -1 0.3659 765.9547 166.1413 812.1689 235.5791 1.7945 0.7548 0.9918 4.9730 1.3988 19.1556 0.6113 0.7102
Pedestrian -1 -1 1.7239 395.9820 168.6812 424.5231 242.4846 1.6392 0.5349 0.6578 -4.3700 1.3557 16.3081 1.4607 0.6561
Pedestrian -1 -1 1.1232 777.6249 167.5561 816.4268 245.4711 1.7424 0.5872 0.7491 4.4451 1.4318 16.4850 1.3773 0.6551
Pedestrian -1 -1 -1.7007 677.9202 175.2086 695.0695 219.3167 1.7972 0.5915 0.8575 3.4956 1.5418 29.7002 -1.5898 0.5639
Pedestrian -1 -1 -1.9914 699.2320 177.5958 736.4633 253.6781 1.6744 0.6051 0.6676 2.5848 1.5897 16.2090 -1.8413 0.5392
Pedestrian -1 -1 -2.3458 700.9832 170.2015 757.1350 263.6462 1.6988 0.6062 0.8717 2.3673 1.4946 13.5871 -2.1821 0.5135
Cyclist -1 -1 -1.8922 638.5221 174.9416 679.7718 241.4680 1.7995 0.6079 1.8174 1.5847 1.6233 20.3837 -1.8210 0.4962
Cyclist -1 -1 0.7921 1076.9719 139.7541 1238.0000 326.6609 1.7405 0.5116 1.6136 5.8065 1.3532 7.5219 1.4273 0.4783
Cyclist -1 -1 -1.1723 684.6022 171.5337 744.7817 285.1160 1.7730 0.6315 1.0455 1.8335 1.6187 11.8211 -1.0275 0.1738
Car -1 -1 1.7120 562.6827 182.0456 605.0494 212.6206 1.4527 1.6109 4.0056 -0.8384 1.4827 36.2819 1.6839 0.7334
