Pedestrian -1 -1 -0.3085 569.1360 173.1296 582.7476 197.2075 1.7616 0.5140 0.8879 -2.5390 1.7824 53.1902 -0.3564 0.4544
Cyclist -1 -1 -0.3085 569.1360 173.1296 582.7476 197.2075 1.7616 0.5140 0.8879 -2.5390 1.7824 53.1902 -0.3564 0.1535
Car -1 -1 -1.7288 686.6983 182.0671 770.8692 246.5848 1.4463 1.5496 3.5236 2.8857 1.7048 18.4435 -1.5769 0.9088
Car -1 -1 -0.1548 746.9598 173.3267 873.7347 224.8382 1.6010 1.6217 3.7546 6.3775 1.6174 23.4480 0.1069 0.8567
Car -1 -1 0.3934 257.7184 181.5618 455.5910 251.3416 1.4456 1.5964 3.8470 -5.6080 1.6512 16.0907 0.0626 0.8557
Car -1 -1 0.3887 176.5512 184.9902 409.4263 265.9318 1.4447 1.5719 3.8070 -6.0428 1.6932 13.9327 -0.0141 0.7852
Car -1 -1 -2.1275 845.2460 176.4424 1242.0000 375.0000 1.4958 1.5163 3.5029 2.8227 1.5278 4.5924 -1.6055 0.7821
Car -1 -1 0.3540 326.8979 178.4462 485.2227 233.5198 1.5028 1.6433 4.0926 -5.8764 1.6726 20.8737 0.0824 0.7652
Car -1 -1 0.5666 0.0000 181.9700 305.4916 290.4319 1.5198 1.6448 3.9803 -7.0709 1.6709 11.0900 0.0095 0.7240
Car -1 -1 3.7526 0.0000 144.8353 226.9003 311.6872 1.7323 1.6899 3.8624 -6.9277 1.4417 8.4485 3.0811 0.6273
Car -1 -1 -2.9474 418.4977 168.1488 520.7148 204.3960 1.7367 1.7412 4.6814 -6.8749 1.5116 35.4478 -3.1380 0.5460
Car -1 -1 0.5660 297.7085 177.9956 457.3535 238.9591 1.4555 1.5662 3.6622 -6.0268 1.5975 18.6530 0.2571 0.5205
Car -1 -1 -2.7870 330.8739 174.2816 460.9776 221.0942 1.4630 1.5710 3.7540 -6.9644 1.5117 23.5162 -3.0723 0.4848
Car -1 -1 0.9924 0.0000 193.4720 197.5881 375.0000 1.4589 1.5808 3.8265 -5.9670 1.6812 6.4921 0.2694 0.4733
Car -1 -1 -2.8415 369.1236 178.1907 491.3924 221.5387 1.4838 1.6099 3.9501 -6.4236 1.6821 25.8408 -3.0833 0.4671
