Car -1 -1 1.8657 318.9243 185.2746 459.6211 273.9114 1.5695 1.7181 4.0862 -4.5643 1.8703 15.4008 1.5815 0.9391
Car -1 -1 -1.8984 791.9985 186.2787 1006.6827 320.8276 1.5175 1.5876 3.9747 3.8740 1.7511 10.5328 -1.5562 0.9064
Car -1 -1 1.7717 416.1949 181.8469 498.3319 243.1127 1.5816 1.5972 3.8883 -4.4121 1.8698 21.1421 1.5677 0.8861
Car -1 -1 -1.8008 737.3239 180.9722 854.5711 262.2168 1.5416 1.6150 3.8992 3.9235 1.7443 16.0318 -1.5660 0.8835
Car -1 -1 1.7653 455.9404 183.5950 525.3892 228.9561 1.4549 1.6822 4.3872 -4.3085 1.8816 26.4129 1.6046 0.8517
Car -1 -1 -1.7757 703.6873 181.1355 790.0546 237.7721 1.4472 1.6305 4.1697 3.8436 1.7146 21.1572 -1.5992 0.8391
Car -1 -1 -2.2249 917.8968 190.6662 1242.0000 375.0000 1.4600 1.5930 3.8940 3.8597 1.6377 5.1992 -1.6141 0.7806
Car -1 -1 1.7193 531.9490 178.1086 568.6135 207.0020 1.5923 1.6064 3.7866 -3.4976 1.9156 42.4090 1.6370 0.5875
Car -1 -1 0.6775 1116.5518 128.9246 1242.0000 180.1793 1.7745 1.6781 4.0086 21.5067 0.2540 27.1195 1.3429 0.5077
Car -1 -1 -1.7067 693.6287 178.5626 752.1348 225.9703 1.5700 1.5752 3.8185 3.9892 1.7934 26.2736 -1.5584 0.4412
Car -1 -1 -1.6796 690.9880 176.8992 734.7958 213.0670 1.4743 1.5029 3.5776 4.4144 1.6621 31.6227 -1.5427 0.4098
Car -1 -1 1.4887 684.3926 177.0960 721.9391 208.6783 1.5188 1.5801 4.0644 4.7278 1.7507 37.3152 1.6132 0.2724
