Pedestrian -1 -1 -2.0136 651.2624 190.5215 690.0768 234.8818 1.5949 0.7836 1.7267 2.3076 1.8024 27.0133 -1.9298 0.1137
Cyclist -1 -1 -1.9602 651.7010 190.2944 689.9377 235.3820 1.6171 0.7964 1.8097 2.3088 1.8158 26.9821 -1.8763 0.2806
Car -1 -1 -1.3194 312.2181 188.3990 443.2255 271.7834 1.4308 1.5722 3.7708 -4.4820 1.5042 14.3970 -1.6163 0.9206
Car -1 -1 -1.3604 396.0866 180.4086 474.5583 231.9926 1.4657 1.5898 3.8580 -5.3023 1.3303 22.3667 -1.5909 0.9168
Car -1 -1 -1.0078 0.0000 189.1452 241.6562 289.2519 1.4714 1.5899 4.1818 -8.4262 1.5541 12.8246 -1.5797 0.8523
Car -1 -1 -1.2706 268.9693 183.1047 362.7538 235.6634 1.4960 1.6062 3.9330 -9.0402 1.4370 22.4806 -1.6492 0.8150
Car -1 -1 -1.6118 573.5709 175.9248 612.9545 212.5360 1.6330 1.6964 3.7602 -0.7686 1.2197 33.9912 -1.6347 0.8132
Car -1 -1 -0.8940 0.0000 202.2436 244.6785 376.0000 1.4830 1.6140 4.0058 -4.5806 1.6590 5.3728 -1.5757 0.7064
Car -1 -1 -1.3748 383.4485 175.4754 436.1194 212.1506 1.5558 1.5879 3.7251 -8.8897 1.1438 32.4047 -1.6408 0.4447
Car -1 -1 -1.0163 0.0000 189.0592 98.4760 275.5755 1.4570 1.5907 3.8795 -12.1474 1.5456 14.3147 -1.7109 0.2140
Car -1 -1 -1.4908 533.2316 176.3455 561.1568 199.4765 1.5365 1.6130 4.0002 -4.1736 0.9484 49.7496 -1.5745 0.2021
