Pedestrian -1 -1 -3.1840 624.3977 139.4469 714.6121 287.1890 1.7826 0.7267 1.0881 0.7441 1.2890 8.9110 -3.1016 0.9282
Pedestrian -1 -1 -1.9404 835.3999 178.4923 871.6714 249.9071 1.7668 0.6919 0.5918 6.2126 1.7187 17.7959 -1.6086 0.2681
Pedestrian -1 -1 0.5754 834.8084 138.5070 923.9835 241.1416 1.6697 0.5300 1.3620 4.6683 0.9882 12.2025 0.9342 0.1224
Pedestrian -1 -1 -2.0348 415.5177 152.9669 457.3352 235.3431 1.6487 0.5135 0.8605 -3.5383 1.0993 14.6411 -2.2649 0.1213
Pedestrian -1 -1 -2.5455 665.0283 175.7600 711.1840 273.0377 1.7376 0.6238 0.6012 1.4932 1.6546 13.0573 -2.4328 0.1187
Pedestrian -1 -1 1.6236 62.2625 192.9566 93.9693 257.9250 1.8275 0.7027 0.6082 -15.3053 2.1982 20.5020 0.9911 0.1121
Cyclist -1 -1 0.8729 833.0737 139.5883 923.1003 243.4551 1.6704 0.5068 1.6347 4.6340 1.0141 12.2212 1.2287 0.2336
Cyclist -1 -1 -3.2006 629.1475 143.4734 721.1434 291.8149 1.7941 0.7167 1.1085 0.8123 1.3480 8.9214 -3.1110 0.1217
Car -1 -1 0.7241 229.5145 220.9236 392.1781 288.3776 1.4222 1.5702 3.6909 -7.4583 2.5228 17.8694 0.3361 0.1131
Car -1 -1 1.0363 659.2670 172.5857 744.3245 212.5196 1.4711 1.5770 3.8955 3.7402 1.1810 28.1417 1.1686 0.1120
