Pedestrian -1 -1 -0.9490 959.0797 153.0486 1000.4445 217.7473 1.8073 0.6484 0.9091 10.5350 1.2544 20.6512 -0.4834 0.2418
Pedestrian -1 -1 1.8236 765.3557 151.5435 778.4417 184.1189 1.8949 0.5389 0.9299 9.5068 0.6556 42.5056 2.0420 0.1564
Pedestrian -1 -1 -1.6686 794.6046 173.1138 808.3380 204.7390 1.8034 0.7090 0.5704 10.9718 1.8188 41.4855 -1.4123 0.1537
Pedestrian -1 -1 -0.0324 970.6008 141.2068 1003.0478 175.6082 1.8209 0.5616 1.5255 20.2004 0.1461 38.7709 0.4449 0.1366
Pedestrian -1 -1 -2.9809 526.1474 166.0849 537.9810 187.4490 1.8759 0.5629 0.9607 -6.8953 1.2819 63.6599 -3.0886 0.1083
Cyclist -1 -1 2.1938 959.5814 154.6479 1000.4512 218.7995 1.7930 0.6369 0.9028 10.5442 1.2845 20.6547 2.6597 0.1015
Car -1 -1 -1.5241 589.7257 179.8941 621.4028 208.9412 1.5227 1.6121 3.9622 -0.2431 1.9409 40.8086 -1.5306 0.7180
Car -1 -1 -2.4015 828.8994 146.7237 911.1312 182.7569 1.8296 1.7038 4.0702 13.8782 0.5032 38.8299 -2.0607 0.3681
Car -1 -1 1.8589 224.7549 186.7311 258.8460 205.5457 1.5366 1.6194 4.0309 -32.7303 2.8126 64.1949 1.3889 0.1523
Car -1 -1 -1.2246 288.9786 171.6304 343.1730 202.3080 1.5431 1.5379 3.5268 -15.4834 1.4819 38.0819 -1.6086 0.1264
Car -1 -1 1.7091 410.9143 175.2893 463.2107 215.1554 1.4956 1.5409 3.8638 -6.9943 1.6016 29.3059 1.4764 0.1218
Car -1 -1 -2.4892 107.7593 156.6069 230.8982 202.5233 1.5877 1.5786 3.5520 -15.8280 1.0263 25.9240 -3.0329 0.1110
