Pedestrian -1 -1 -3.1902 938.5785 137.5904 1109.6404 375.0000 1.6333 0.6669 0.8695 2.4805 1.4363 4.5185 -2.7161 0.6684
Pedestrian -1 -1 -1.7969 449.6271 178.0461 499.9264 271.2650 1.6522 0.7548 0.7969 -2.5634 1.7524 13.3597 -1.9839 0.1700
Pedestrian -1 -1 1.2646 515.0519 183.4781 543.5389 251.2938 1.6863 0.5148 0.7806 -2.1280 1.9665 18.5443 1.1510 0.1169
Pedestrian -1 -1 0.9737 907.7875 154.1183 930.8825 191.6828 1.8664 0.6668 0.9184 15.5468 0.9359 36.3630 1.3746 0.1154
Pedestrian -1 -1 -3.1917 652.2490 183.5078 670.3690 228.8709 1.6531 0.4935 0.6422 1.8494 2.0509 26.6616 -3.1241 0.1136
Cyclist -1 -1 -3.2748 945.2455 143.5860 1123.4636 375.0000 1.6562 0.6735 0.8625 2.5639 1.4906 4.5514 -2.7900 0.1122
Car -1 -1 -1.6660 847.1311 176.5406 920.3121 229.7060 1.4087 1.6141 4.1987 8.0582 1.5311 21.6605 -1.3148 0.8720
Car -1 -1 -2.4248 337.1531 183.5349 532.9628 269.0454 1.5185 1.5974 3.7774 -3.6569 1.7610 14.7815 -2.6640 0.5300
Car -1 -1 -1.5889 827.9916 161.5452 866.2380 203.5535 2.0553 1.7909 4.3963 12.2790 1.5023 37.6619 -1.2764 0.4419
Car -1 -1 -0.5198 1035.4163 189.9596 1242.0000 375.0000 1.5090 1.6053 3.8168 3.9935 1.6126 2.9073 0.3739 0.1490
Car -1 -1 1.8608 669.1892 172.3785 702.6118 191.5772 1.5282 1.6446 4.1122 6.2876 1.4907 59.6440 1.9650 0.1108
