Pedestrian -1 -1 1.2815 668.4926 169.8372 686.6398 208.0800 1.8816 0.7284 0.7003 3.3218 1.7335 35.9125 1.3725 0.4349
Pedestrian -1 -1 -1.2143 721.5000 169.2547 736.4916 202.9656 1.7874 0.5195 0.8880 6.3608 1.5969 38.7693 -1.0533 0.2582
Cyclist -1 -1 -1.3594 722.4046 169.1477 735.4997 203.1964 1.8049 0.5158 0.9165 6.3581 1.6088 38.7654 -1.1985 0.1162
Car -1 -1 1.9397 181.8365 183.7070 369.4760 288.9266 1.4945 1.6057 3.9751 -5.6678 1.7160 12.6834 1.5266 0.9028
Car -1 -1 -1.9405 768.0878 179.8435 1005.7945 330.5757 1.5002 1.5568 3.3999 3.1555 1.6052 9.0733 -1.6170 0.8959
Car -1 -1 2.1520 0.0000 190.4090 254.4107 371.7976 1.5073 1.4863 3.2990 -5.5266 1.7420 7.9705 1.5608 0.8905
Car -1 -1 1.0753 469.2877 178.3171 526.4905 205.6130 1.4484 1.5557 3.8851 -6.4652 1.7753 41.1091 0.9198 0.6116
Car -1 -1 -2.3305 900.6978 181.7046 1242.0000 375.0000 1.5079 1.6250 4.1436 3.2139 1.5796 3.6846 -1.6528 0.6052
Car -1 -1 1.8435 222.5008 178.3486 294.0742 218.6634 1.5309 1.6215 4.1340 -14.6397 1.7776 30.1671 1.3949 0.4907
Car -1 -1 -0.3221 674.9970 171.8809 729.1144 191.1402 1.5401 1.6154 4.0788 7.4745 1.4626 58.8856 -0.1968 0.3421
Car -1 -1 1.2490 376.3947 177.3962 420.1831 201.9655 1.5049 1.5823 3.9042 -13.8591 1.8141 47.0056 0.9635 0.2633
