Car -1 -1 1.8273 404.6515 187.9780 476.4117 233.6308 1.4840 1.6288 3.9812 -6.2409 2.0884 26.7998 1.6000 0.8812
Car -1 -1 1.7755 442.1667 184.4734 498.6187 225.6245 1.6561 1.6724 4.1155 -6.2055 2.2096 32.2752 1.5865 0.8200
Car -1 -1 2.1119 69.8615 201.2234 157.7144 237.4430 1.4661 1.6472 3.9315 -23.5477 2.8965 34.3592 1.5144 0.7482
Car -1 -1 -1.7375 652.2072 176.1247 705.1466 215.5967 1.5330 1.6004 3.6829 2.7712 1.6790 30.2313 -1.6476 0.7356
Car -1 -1 -0.9481 15.1967 205.5983 109.2893 244.3993 1.5621 1.6371 3.7945 -25.8735 3.2012 34.1924 -1.5924 0.6762
Car -1 -1 -1.0189 113.2658 201.3924 203.5434 240.9541 1.5661 1.6647 4.0563 -20.8932 2.9727 33.5195 -1.5730 0.6694
Car -1 -1 1.6493 479.2432 179.5562 514.7144 210.2637 1.5928 1.6491 4.0610 -6.3159 1.9880 40.4216 1.4948 0.3432
Car -1 -1 -2.2472 1011.8767 134.3361 1103.3684 178.4566 2.2851 1.7986 4.5735 24.4891 0.2905 39.7495 -1.6983 0.2632
Car -1 -1 1.4882 644.0207 177.1145 671.3387 199.7328 1.5399 1.6290 3.9413 3.3615 1.8581 51.8534 1.5521 0.2631
Car -1 -1 1.2699 830.7468 161.3152 868.2236 182.5610 1.5702 1.6094 3.9742 18.2849 0.7177 55.3222 1.5873 0.2452
Car -1 -1 -0.9616 173.5340 197.8452 260.9126 235.0909 1.4882 1.6228 3.9029 -18.2116 2.7223 33.5852 -1.4556 0.2344
Car -1 -1 1.5085 524.9172 184.2453 548.6665 206.5490 1.4909 1.4763 3.6570 -5.3442 2.3446 52.1208 1.4063 0.2072
