Pedestrian -1 -1 1.2857 784.2892 174.0919 833.6672 299.6656 1.5872 0.4301 0.7273 2.5528 1.6045 9.4946 1.5393 0.3696
Pedestrian -1 -1 -2.3883 1027.1973 144.6228 1094.8702 244.3172 1.6872 0.5751 0.8412 7.8674 1.2098 12.6909 -1.8440 0.1400
Pedestrian -1 -1 -1.1777 984.8480 141.9597 1049.9835 235.6333 1.7085 0.5430 1.5737 7.7895 1.1454 13.8611 -0.6751 0.1094
Cyclist -1 -1 -0.9787 975.8761 142.3174 1059.3617 236.4170 1.7215 0.5486 1.7051 7.7726 1.1632 13.8317 -0.4761 0.3229
Cyclist -1 -1 -1.0058 62.5414 187.6880 92.5802 224.5932 1.6452 0.3397 1.5606 -24.8106 2.3524 33.5885 -1.6384 0.3013
Cyclist -1 -1 -1.6538 777.0677 160.7918 788.3121 196.0981 1.7059 0.3956 1.6982 8.5071 1.1234 35.7289 -1.4222 0.1642
Cyclist -1 -1 1.1483 1020.6183 143.5721 1091.3816 240.7261 1.6387 0.6003 1.2392 7.8406 1.1451 12.8174 1.6869 0.1527
Car -1 -1 2.0003 238.8098 186.0698 306.7080 218.5269 1.4438 1.5691 3.8389 -16.5796 2.1311 35.5817 1.5668 0.7232
Car -1 -1 1.8497 380.9167 181.2346 422.8596 205.8687 1.5339 1.6494 4.0308 -13.9069 2.1188 48.3113 1.5705 0.6162
Car -1 -1 1.9589 342.7625 179.3698 376.8523 196.1751 1.4698 1.5758 4.0138 -23.1153 2.0913 66.7386 1.6264 0.1486
