Pedestrian -1 -1 0.1896 300.9837 183.3657 333.0811 260.9446 1.7232 0.5754 0.5793 -6.7240 1.9682 16.4533 -0.1933 0.3755
Pedestrian -1 -1 -0.4761 235.5316 188.3023 285.2445 279.2666 1.6510 0.5012 0.6960 -6.6709 1.9532 13.6676 -0.9231 0.2968
Pedestrian -1 -1 0.4614 157.2296 198.5027 216.1495 308.9691 1.6423 0.3969 0.6715 -6.5256 2.0431 11.0449 -0.0623 0.1931
Pedestrian -1 -1 -0.0893 226.0030 168.2039 246.4265 213.0503 1.7310 0.6012 0.6610 -14.6945 1.5519 28.2785 -0.5649 0.1836
Pedestrian -1 -1 1.5653 108.4017 138.4359 142.9242 222.9374 1.8222 0.6252 0.5593 -10.7634 1.0804 15.9633 0.9797 0.1817
Pedestrian -1 -1 -1.5686 259.5728 196.5396 290.5533 271.6363 1.7527 0.6701 0.4666 -8.1282 2.3362 17.4105 -2.0001 0.1680
Pedestrian -1 -1 1.5736 429.3558 178.7693 441.3758 216.9423 1.7648 0.5434 0.7554 -8.2479 2.0468 33.9195 1.3364 0.1562
Pedestrian -1 -1 1.2189 134.8299 148.5242 178.1604 234.0075 1.7784 0.6323 0.5594 -9.7477 1.2726 15.4295 0.6631 0.1534
Car -1 -1 3.3562 226.7702 177.9312 386.3873 239.1770 1.8715 1.7741 4.5200 -9.7993 2.0464 23.5260 2.9651 0.8344
Car -1 -1 -1.5002 463.8719 186.4115 508.2266 227.1140 1.5239 1.5797 3.3061 -5.1225 2.1182 29.8820 -1.6692 0.8109
Car -1 -1 1.6905 482.5565 184.3843 523.7461 218.1986 1.5514 1.5870 4.0881 -5.3950 2.1693 36.5737 1.5445 0.6173
