Pedestrian -1 -1 1.6878 126.2674 125.5090 160.2399 195.9585 1.8492 0.6921 0.6575 -12.5780 0.6068 19.3835 1.1184 0.5649
Cyclist -1 -1 -1.1391 1058.0404 179.4314 1098.8108 228.6891 1.7270 0.5364 1.8279 16.9787 1.9729 26.2063 -0.5700 0.5715
Car -1 -1 -2.3924 1119.9407 183.1557 1216.9471 212.6562 1.4083 1.6241 3.9933 29.2660 1.9815 38.0167 -1.7405 0.8276
Car -1 -1 -1.7874 466.8271 174.0479 509.0807 205.1396 1.7571 1.6843 3.8879 -7.3602 1.8322 43.0552 -1.9561 0.7976
Car -1 -1 3.6121 0.0000 164.0364 229.1823 293.1581 1.6201 1.6870 4.0203 -7.9099 1.5098 10.2313 2.9664 0.7913
Car -1 -1 2.4755 926.6716 188.5527 1242.0000 375.0000 1.4643 1.6071 3.8797 4.8282 1.6108 5.9025 3.1361 0.7459
Car -1 -1 0.4928 39.6239 165.8370 295.7385 255.5939 1.5006 1.5692 3.6034 -7.8219 1.3837 12.9213 -0.0427 0.6918
Car -1 -1 3.8405 0.0000 172.1777 121.9484 329.7731 1.4969 1.6336 3.8799 -7.8583 1.4908 7.8061 3.0689 0.5705
Car -1 -1 3.3728 149.2770 159.5177 330.2326 235.1924 1.8530 1.7173 3.9350 -9.6141 1.5268 18.9543 2.9087 0.5302
Car -1 -1 -1.8640 331.2300 167.7301 382.6297 196.5393 1.5261 1.6061 4.0576 -14.2234 1.2550 40.3314 -2.2012 0.3881
Car -1 -1 -0.9073 1077.2451 193.8640 1242.0000 375.0000 1.5169 1.6442 4.0338 4.8436 1.6486 3.6446 -0.0205 0.3475
