Car -1 -1 -1.3304 393.9509 185.2434 485.7675 244.4608 1.4480 1.5784 3.6315 -4.4627 1.4499 19.4045 -1.5538 0.9270
Car -1 -1 -1.2926 345.2094 178.4042 419.9383 223.2311 1.6149 1.6797 4.1870 -8.7017 1.3707 28.0038 -1.5915 0.9028
Car -1 -1 -1.1467 48.9624 191.0481 380.6178 363.8322 1.4596 1.6189 4.2331 -4.1262 1.5459 8.3474 -1.5934 0.8985
Car -1 -1 -1.4457 458.6900 181.3167 510.6152 219.0977 1.4424 1.5973 4.0992 -5.0178 1.2947 29.5216 -1.6130 0.8766
Car -1 -1 -1.5823 577.6022 176.2641 609.8225 206.6718 1.5601 1.6542 4.0270 -0.8174 1.1020 38.9180 -1.6035 0.7529
Car -1 -1 -0.8014 0.0000 189.7549 103.0755 355.4873 1.5014 1.6040 3.8266 -8.2215 1.5686 8.5419 -1.5521 0.6715
Car -1 -1 -1.4447 497.5974 180.9723 535.9117 209.0925 1.4474 1.5957 3.7559 -4.9012 1.2301 38.8747 -1.5697 0.6587
Car -1 -1 2.1634 157.1572 195.0613 312.6732 269.9907 1.4657 1.4666 3.3872 -8.3293 1.7143 16.2957 1.6971 0.5899
Car -1 -1 -1.3302 338.9258 178.7802 389.3403 210.3606 1.5635 1.6066 3.9073 -12.7037 1.2460 37.5994 -1.6542 0.5519
Car -1 -1 -1.1183 184.2089 168.3578 297.0709 220.1900 1.6298 1.6731 4.4455 -12.5486 1.1008 24.8316 -1.5821 0.5327
Car -1 -1 -0.8768 0.0000 188.6939 98.5554 270.3586 1.4601 1.5765 3.6846 -12.6581 1.5420 14.8505 -1.5739 0.4574
Car -1 -1 2.6459 0.0000 222.3121 162.6989 376.0000 1.4987 1.6158 3.9509 -4.5429 1.7915 3.5492 1.7745 0.3488
