Car -1 -1 -1.4987 408.0387 178.5862 480.7107 241.0577 1.5648 1.6912 3.6780 -4.4802 1.3999 19.9454 -1.7172 0.9464
Car -1 -1 -1.6351 520.3748 179.5550 581.5426 233.9935 1.5696 1.6761 3.5275 -1.8964 1.4075 22.5902 -1.7183 0.9278
Car -1 -1 -1.3443 292.1040 184.7579 366.9559 229.0391 1.4614 1.6162 4.0958 -9.9384 1.4474 25.8593 -1.7081 0.9123
Car -1 -1 -1.1624 81.4866 189.2256 275.6209 277.8766 1.4823 1.6616 4.4793 -8.4205 1.5775 14.5420 -1.6796 0.9051
Car -1 -1 -1.1658 149.2150 168.3599 257.0569 217.5760 1.5998 1.7007 4.4921 -14.3239 1.0530 25.6828 -1.6703 0.8490
Car -1 -1 -1.1119 0.0000 188.6511 165.9667 262.2758 1.4757 1.6271 4.0793 -12.1342 1.5671 16.7478 -1.7316 0.8219
Car -1 -1 -1.4591 351.0775 183.4542 395.1173 215.6635 1.4712 1.5918 4.0078 -11.3786 1.3919 34.9531 -1.7719 0.7816
Car -1 -1 -1.2784 262.6116 182.5605 319.5641 212.7516 1.4755 1.6030 4.0059 -16.3420 1.3468 37.2111 -1.6899 0.4167
Car -1 -1 1.7521 390.3730 173.2886 428.4137 199.9886 1.5174 1.5333 3.7178 -11.7784 0.8407 42.7687 1.4847 0.3140
Car -1 -1 -1.4844 455.1440 170.6062 489.7133 199.5559 1.6634 1.6994 4.1537 -8.1546 0.8251 43.4506 -1.6691 0.3048
Car -1 -1 1.4885 506.8821 180.2196 530.0866 199.5128 1.5353 1.5823 3.8453 -7.3989 1.1388 59.2430 1.3644 0.2341
Car -1 -1 1.7976 322.0731 174.7156 359.8290 197.8290 1.4884 1.5538 3.8225 -17.8904 0.8133 48.2801 1.4442 0.2275
