Pedestrian -1 -1 2.0123 361.1502 184.7206 449.9705 340.8069 1.6447 0.6622 0.8546 -2.2253 1.6844 8.0645 1.7450 0.9221
Pedestrian -1 -1 1.6667 581.9871 173.6212 606.3101 237.3829 1.6948 0.5896 0.8439 -0.2228 1.4865 19.5345 1.6501 0.8160
Pedestrian -1 -1 1.9111 544.4799 171.6432 570.9927 229.7002 1.8021 0.6192 0.7739 -1.4054 1.4972 22.7504 1.8448 0.7558
Pedestrian -1 -1 -1.9225 777.3275 169.8888 822.0968 252.9635 1.7234 0.6878 0.7767 4.1805 1.4837 15.3184 -1.6658 0.7354
Pedestrian -1 -1 0.2964 310.2428 175.9846 384.4122 301.7526 1.6677 0.4400 0.8602 -3.4872 1.5959 9.7615 -0.0443 0.7249
Pedestrian -1 -1 -1.1360 883.6345 166.7831 940.3768 275.6012 1.6803 0.6481 0.6009 4.9422 1.4543 11.5311 -0.7448 0.7140
Pedestrian -1 -1 -1.7700 600.2308 174.6592 617.3370 216.3482 1.7491 0.5989 0.6868 0.2937 1.4631 30.5311 -1.7657 0.6290
Pedestrian -1 -1 1.7987 466.5051 170.1785 516.2198 273.7091 1.8357 0.6881 1.0857 -2.0610 1.6362 13.3003 1.6422 0.6141
Pedestrian -1 -1 1.4899 560.0283 172.5647 582.2215 225.5105 1.8771 0.7159 1.0226 -1.1270 1.5614 26.0183 1.4418 0.5803
Pedestrian -1 -1 1.6774 692.5380 164.4977 714.3362 219.7326 1.8740 0.6565 0.9760 3.5217 1.2983 24.9215 1.8111 0.5699
Pedestrian -1 -1 -1.6814 611.5544 174.8707 626.3881 216.1779 1.7977 0.5603 0.8326 0.7563 1.5102 31.7005 -1.6629 0.5380
Cyclist -1 -1 2.0220 0.2119 143.5051 129.5522 302.4025 1.6535 0.5210 1.6532 -6.1957 1.2595 8.3320 1.3921 0.4164
Cyclist -1 -1 1.8409 463.4252 168.4947 516.0509 272.5068 1.8480 0.6985 1.1217 -2.0986 1.6182 13.3567 1.6823 0.1589
Cyclist -1 -1 0.2964 310.2428 175.9846 384.4122 301.7526 1.6677 0.4400 0.8602 -3.4872 1.5959 9.7615 -0.0443 0.1112
