Pedestrian -1 -1 -1.9468 858.2985 193.1628 997.2894 375.0000 1.6850 0.6482 1.8362 3.1644 1.9227 7.5086 -1.5636 0.1003
Cyclist -1 -1 -1.9468 858.2985 193.1628 997.2894 375.0000 1.6850 0.6482 1.8362 3.1644 1.9227 7.5086 -1.5636 0.3560
Car -1 -1 -1.7483 689.9956 178.3506 812.1026 263.4142 1.4732 1.6531 4.4315 2.6949 1.6048 14.9997 -1.5749 0.9542
Car -1 -1 -0.2002 780.0540 174.5576 919.6415 234.4168 1.5572 1.5524 3.3796 6.4352 1.6065 19.7781 0.1093 0.8644
Car -1 -1 3.4743 105.8121 168.6159 339.9751 250.3611 1.4484 1.5659 3.6386 -7.2991 1.3737 13.8206 2.9960 0.7081
Car -1 -1 0.6317 61.9017 171.3014 343.4439 272.4940 1.4961 1.5963 3.7759 -6.5537 1.4735 11.7017 0.1304 0.6526
Car -1 -1 0.7292 0.0000 175.0165 259.4386 354.8604 1.5198 1.6178 3.9106 -5.8113 1.5440 7.0359 0.0572 0.6132
Car -1 -1 -2.4795 0.0000 174.7877 237.3636 296.2016 1.4280 1.5570 3.7158 -7.1294 1.4556 9.3313 -3.1184 0.5721
Car -1 -1 -0.1998 671.4217 172.0631 737.9424 197.5835 1.5138 1.5894 3.7533 5.6745 1.4672 43.7241 -0.0720 0.4606
Car -1 -1 0.2739 250.0091 172.8579 445.3507 243.5266 1.4999 1.6042 3.8382 -5.8290 1.5003 16.2383 -0.0660 0.4396
Car -1 -1 -2.8594 403.9770 169.6688 513.3926 210.0787 1.5680 1.6382 4.0014 -6.0669 1.4448 28.9655 -3.0645 0.3489
Car -1 -1 -0.3665 755.5970 173.4598 884.4701 220.1064 1.5046 1.6118 3.8389 6.9655 1.5262 24.2735 -0.0909 0.3035
Car -1 -1 -1.5416 497.3600 158.4679 528.6135 187.3998 1.5106 1.5888 4.0338 -5.3363 0.7598 39.7577 -1.6744 0.2842
Car -1 -1 3.2962 439.0080 170.1279 527.9715 202.9835 1.4853 1.5793 3.8639 -5.8520 1.3624 33.4385 3.1239 0.2692
