Pedestrian -1 -1 -3.5635 1111.5356 132.1092 1198.6248 267.0972 1.7525 0.6110 0.7487 7.2838 1.2239 9.7403 -2.9361 0.3203
Car -1 -1 -1.8737 741.7145 181.3103 969.3230 334.4018 1.5785 1.6190 4.0277 2.9291 1.7163 9.6901 -1.5898 0.9129
Car -1 -1 -1.7430 670.9712 177.0947 747.1906 231.8964 1.4795 1.6205 3.7286 2.8329 1.6184 21.6693 -1.6155 0.9005
Car -1 -1 -2.6273 114.5036 173.5813 379.1367 265.9840 1.4813 1.6140 3.8003 -6.2184 1.4952 12.4992 -3.0810 0.8429
Car -1 -1 0.3964 297.4260 176.4167 462.2288 232.1919 1.4766 1.6224 4.0931 -6.4285 1.5817 20.2221 0.0919 0.8289
Car -1 -1 -2.8336 368.6671 164.0836 495.0214 212.1968 1.6128 1.6552 3.9599 -6.1935 1.3192 25.1456 -3.0730 0.8030
Car -1 -1 -2.2256 872.0013 187.8886 1242.0000 375.0000 1.4926 1.5942 3.9759 2.9768 1.6176 3.9567 -1.6167 0.7660
Car -1 -1 -1.6665 650.7472 173.2653 695.1509 211.5995 1.6245 1.6212 3.7931 2.7396 1.6445 32.5224 -1.5838 0.6834
Car -1 -1 -2.3693 0.0000 162.8671 234.2005 326.4415 1.5999 1.6528 3.9400 -6.6299 1.5026 8.0751 -3.0408 0.5966
Car -1 -1 0.9566 0.0000 192.3080 182.8593 375.0000 1.5062 1.6278 3.9646 -5.8343 1.6942 5.7851 0.1899 0.5571
Car -1 -1 0.7156 0.0000 183.2308 327.6913 305.1233 1.4861 1.6111 3.9159 -6.2588 1.6482 10.1169 0.1729 0.4582
Car -1 -1 -1.6009 643.1999 171.2629 669.3481 195.5453 1.5457 1.6057 3.8576 3.0049 1.4448 47.8813 -1.5390 0.4385
Car -1 -1 -2.9268 432.5152 176.3391 520.1284 209.8646 1.4742 1.5680 3.6596 -6.0627 1.6368 32.7430 -3.1089 0.3612
Car -1 -1 1.4047 642.0310 172.0335 683.9664 201.6637 1.5022 1.5870 3.9931 2.7467 1.4609 38.6410 1.4747 0.3012
