Pedestrian -1 -1 2.6357 598.5206 167.1090 618.3149 201.6030 1.8131 0.4771 0.9389 -0.1203 1.5115 38.3599 2.6321 0.5104
Pedestrian -1 -1 -0.3904 652.1152 163.1434 670.6764 195.5543 1.8346 0.4781 0.9467 2.9004 1.2853 41.2157 -0.3210 0.3366
Pedestrian -1 -1 1.7493 156.9421 180.9497 170.5907 209.1067 1.7720 0.5544 1.1237 -28.7158 2.2998 46.3879 1.1973 0.1935
Cyclist -1 -1 1.9069 154.6703 181.5620 173.5093 209.5483 1.7492 0.5452 1.5610 -28.7140 2.3198 46.4264 1.3553 0.2820
Cyclist -1 -1 2.7486 598.6135 167.2624 618.3660 201.3764 1.7950 0.4778 0.9387 -0.1173 1.5012 38.3648 2.7450 0.1575
Cyclist -1 -1 -0.2205 652.0912 163.3221 670.3779 195.3934 1.8183 0.4828 0.9590 2.8900 1.2782 41.2159 -0.1513 0.1336
Car -1 -1 2.2820 160.6497 181.9708 262.0309 217.3696 1.4633 1.6074 4.4012 -18.3228 1.9143 33.3404 1.7826 0.8468
Car -1 -1 2.7809 296.0020 179.6136 369.5920 204.2371 1.5541 1.6770 4.3277 -18.7127 2.0304 48.7339 2.4159 0.5913
Car -1 -1 2.5478 346.7230 176.1719 424.5038 204.5605 1.6122 1.6749 4.2944 -13.5575 1.8236 43.6852 2.2483 0.4827
Car -1 -1 -2.0280 828.1934 168.1553 863.4050 185.1466 1.5590 1.6151 3.8679 22.2358 1.1282 68.2278 -1.7144 0.3654
Car -1 -1 1.5826 489.1163 165.3826 508.9403 184.4008 1.5522 1.6025 3.9872 -9.3754 0.9428 60.9730 1.4305 0.2533
Car -1 -1 1.2596 866.5639 164.2708 898.0524 181.1424 1.5206 1.5581 4.0684 25.2591 0.7474 67.0961 1.6180 0.2057
Car -1 -1 -0.5300 931.5941 166.2903 995.5449 187.0655 1.5496 1.6433 4.0933 26.7957 1.0604 54.7935 -0.0775 0.1932
