Pedestrian -1 -1 1.3181 850.0328 103.6050 909.0179 257.0608 1.6415 0.4431 0.7170 2.9534 0.9011 8.0917 1.6562 0.3076
Pedestrian -1 -1 -2.3539 741.1492 136.3482 767.8018 188.4185 1.8904 0.6677 0.6982 5.2948 0.5654 26.6677 -2.1601 0.2718
Cyclist -1 -1 1.9479 554.0357 173.0523 575.9110 203.1602 1.7771 0.6776 1.8768 -2.7420 1.7897 43.5952 1.8850 0.4039
Cyclist -1 -1 -1.9894 886.5942 171.0091 938.8823 248.3283 1.6273 0.4756 1.5185 6.6160 1.5889 15.9499 -1.6034 0.2149
Cyclist -1 -1 1.3181 850.0328 103.6050 909.0179 257.0608 1.6415 0.4431 0.7170 2.9534 0.9011 8.0917 1.6562 0.1093
Car -1 -1 -1.1660 143.8053 178.2552 402.3596 327.5525 1.6644 1.7122 4.2371 -4.4924 1.7579 10.3155 -1.5681 0.9582
Car -1 -1 -1.7373 665.3329 175.7345 743.0978 235.0464 1.5365 1.6048 3.6091 2.5619 1.6269 20.7074 -1.6167 0.9085
Car -1 -1 1.7836 421.1931 178.7984 496.5177 234.2208 1.6733 1.6659 3.9393 -5.0092 1.8892 24.1837 1.5809 0.8979
Car -1 -1 -2.0098 824.4865 186.4553 1242.0000 375.0000 1.4437 1.4921 3.3525 2.6373 1.5700 4.9821 -1.5483 0.8253
Car -1 -1 1.7367 493.0171 179.1343 533.9541 210.4424 1.6148 1.6118 4.0110 -5.3382 1.9816 40.0600 1.6046 0.5591
Car -1 -1 1.7336 534.0398 179.6374 561.1089 199.3689 1.5093 1.5714 3.9636 -5.0604 2.0800 58.6249 1.6475 0.2924
