Pedestrian -1 -1 0.7527 617.0202 153.7889 680.2625 243.0388 1.7624 0.8238 1.0154 0.8567 1.2366 14.6091 0.8119 0.9165
Pedestrian -1 -1 0.4052 380.1444 154.8165 450.0103 261.5771 1.7853 0.7602 0.9467 -3.3252 1.3575 12.2647 0.1488 0.8882
Pedestrian -1 -1 -1.9470 0.0000 178.7181 61.8744 276.3586 1.7847 0.7102 1.0127 -11.0595 1.7538 13.4786 -2.6210 0.8067
Pedestrian -1 -1 0.0532 176.6897 162.9164 215.3999 247.5133 1.7444 0.6706 0.6727 -8.7218 1.3835 15.0248 -0.4618 0.7173
Pedestrian -1 -1 -2.2423 53.4677 182.3959 117.2202 265.7622 1.7206 0.6827 0.9056 -11.1042 1.7639 15.0604 -2.8660 0.6976
Pedestrian -1 -1 0.4260 261.9674 122.3074 326.6052 216.4645 1.8553 0.6008 1.0361 -6.2879 0.7103 14.2382 0.0208 0.5749
Pedestrian -1 -1 0.9541 134.4639 176.3077 181.0827 253.5144 1.7871 0.5960 0.7821 -10.6565 1.6917 16.7879 0.3987 0.5149
Pedestrian -1 -1 0.0760 956.6872 149.9193 1006.3373 196.8557 1.7323 0.6341 1.6189 14.2368 0.6051 26.7891 0.5613 0.1659
Cyclist -1 -1 -0.4424 954.3813 149.3802 1009.5056 196.5806 1.7637 0.6325 1.7384 14.2338 0.6024 26.7680 0.0431 0.8030
Cyclist -1 -1 -1.4335 921.2026 149.2630 949.9388 206.3875 1.7676 0.5961 1.8926 10.6585 0.8026 22.8304 -1.0002 0.7156
Cyclist -1 -1 0.4308 256.0767 119.4153 321.2184 213.8678 1.8595 0.6137 1.0352 -6.3981 0.6586 14.2316 0.0191 0.1260
Car -1 -1 -1.1833 120.6699 188.5666 431.0298 370.0000 1.4568 1.5928 3.8115 -3.2235 1.5682 7.7068 -1.5633 0.9077
Car -1 -1 1.7625 458.5273 168.2531 494.1213 192.1404 1.5619 1.6363 4.0686 -8.7330 0.7625 48.2733 1.5865 0.5525
