Pedestrian -1 -1 -2.1120 1105.9028 123.3500 1242.0000 339.2047 1.6936 0.6828 0.9335 4.8136 1.3056 6.1568 -1.4718 0.8468
Pedestrian -1 -1 -2.9898 513.3406 174.3001 528.0862 205.7131 1.7676 0.5399 0.7572 -5.0942 1.8505 40.9035 -3.1134 0.3034
Pedestrian -1 -1 -0.9042 503.0678 168.2173 522.8467 206.5198 1.8204 0.7309 0.5973 -4.7094 1.6004 34.7326 -1.0384 0.2523
Pedestrian -1 -1 -3.2667 773.7331 171.4297 822.9736 217.8497 1.7355 0.6905 1.7354 7.1010 1.6826 27.4235 -3.0166 0.1073
Cyclist -1 -1 -3.2943 771.3401 170.8295 821.0862 216.6565 1.7137 0.7413 1.7358 7.0210 1.6383 27.4296 -3.0469 0.3120
Car -1 -1 -2.6320 130.0959 180.9473 303.0341 244.7368 2.0061 1.8506 4.7333 -12.9712 2.2853 23.8974 -3.1250 0.8538
Car -1 -1 -3.5037 844.6039 168.4127 967.1950 212.2010 1.4457 1.5388 3.5539 9.9852 1.2994 24.6212 -3.1230 0.7949
Car -1 -1 2.4626 975.5934 164.5714 1120.0779 211.2233 1.5213 1.6338 4.1132 14.8487 1.2516 24.6266 2.9996 0.6128
Car -1 -1 -2.3668 0.0000 205.4961 60.8901 255.6207 1.5142 1.5982 3.8384 -20.7300 2.6387 23.9216 -3.0754 0.4214
Car -1 -1 1.3625 675.6536 166.4317 714.8821 192.5508 1.5031 1.5577 3.9401 5.0628 1.1339 43.5546 1.4771 0.3755
Car -1 -1 1.2801 280.0995 184.5901 340.1566 219.5027 1.4548 1.5414 3.7874 -13.9345 2.0292 33.3325 0.8866 0.3706
Car -1 -1 1.3941 136.2601 193.3559 191.3337 229.3259 1.4392 1.5278 3.5962 -20.3735 2.4250 32.8267 0.8420 0.3464
Car -1 -1 0.7609 315.9607 179.7328 396.3768 209.3263 1.4888 1.6086 4.0737 -13.6214 1.8722 38.5978 0.4235 0.2696
