Pedestrian -1 -1 1.0203 839.0529 150.5129 864.6249 188.0187 1.7692 0.5542 1.3212 11.5955 0.7157 34.7390 1.3397 0.1592
Cyclist -1 -1 1.1289 839.4151 150.7180 863.7913 188.5176 1.7811 0.5433 1.4426 11.5846 0.7384 34.7441 1.4480 0.2795
Car -1 -1 2.1500 31.2861 192.2153 344.9461 337.1523 1.5011 1.6999 4.2511 -5.6039 1.8354 10.2486 1.6599 0.9183
Car -1 -1 -1.7636 689.1260 173.5284 775.1837 233.3517 1.4322 1.5472 3.6356 3.0890 1.4522 19.1578 -1.6069 0.9064
Car -1 -1 1.8202 409.4989 177.0921 481.5160 224.6698 1.5183 1.5845 3.6881 -5.7040 1.6778 25.2212 1.5995 0.8917
Car -1 -1 -1.9366 745.3883 181.0092 969.5602 307.0204 1.4309 1.6157 4.1080 3.2650 1.5746 10.5726 -1.6460 0.8779
Car -1 -1 0.9893 894.1062 185.9755 1242.0000 375.0000 1.4783 1.5831 3.7619 3.3831 1.6009 4.8379 1.5704 0.8130
Car -1 -1 1.7739 450.5124 176.8744 504.9918 215.7305 1.5224 1.5536 3.6689 -5.5640 1.7031 30.5035 1.5945 0.7128
Car -1 -1 -1.8105 672.4492 173.0925 739.4205 220.0771 1.4814 1.4708 3.3989 3.1435 1.4905 24.5376 -1.6852 0.5598
Car -1 -1 -1.7411 669.1673 174.7018 723.3389 213.4077 1.4929 1.5838 3.8550 3.4727 1.5751 29.9850 -1.6275 0.2973
