Pedestrian -1 -1 0.4370 957.5606 156.3956 1104.2509 306.4791 1.5477 0.5029 1.3345 4.6750 1.2516 8.0976 0.9455 0.1248
Cyclist -1 -1 0.1307 958.4161 157.2545 1102.7328 303.8545 1.5267 0.5067 1.3533 4.6869 1.2367 8.0902 0.6406 0.3387
Cyclist -1 -1 -1.6581 601.6493 67.2280 661.9239 255.3228 1.8277 0.4992 1.5610 0.1743 0.6823 7.7763 -1.6362 0.1833
Car -1 -1 -1.1163 179.5419 182.7006 319.1320 257.5424 1.4973 1.5016 3.2007 -7.8622 1.4481 15.9809 -1.5671 0.8867
Car -1 -1 -1.5401 576.3818 177.0182 617.6601 215.4164 1.5377 1.6492 3.6728 -0.4411 1.2106 30.6329 -1.5548 0.7746
Car -1 -1 2.2471 0.0000 187.4132 143.6325 346.9970 1.5094 1.6283 3.9131 -7.7869 1.5436 8.8310 1.5394 0.7101
Car -1 -1 -1.1051 181.1336 183.5699 286.8248 232.4105 1.4790 1.5739 3.6928 -12.1864 1.4303 23.6155 -1.5772 0.4234
Car -1 -1 1.7353 433.9309 185.1379 511.8820 239.0910 1.3830 1.5468 3.8474 -3.7589 1.3822 20.3590 1.5547 0.3712
Car -1 -1 1.2591 658.5768 180.5901 706.4247 208.8836 1.5239 1.5874 3.8299 4.1529 1.2759 40.7520 1.3595 0.2275
Car -1 -1 1.6897 553.4082 174.7493 578.3911 193.8114 1.5090 1.5812 4.0274 -3.4128 0.6816 58.9588 1.6318 0.1805
