Pedestrian -1 -1 2.5115 160.6579 175.9912 201.7029 214.4839 1.7525 0.6401 1.5808 -20.1346 1.9037 33.8388 1.9780 0.1666
Pedestrian -1 -1 1.3845 1193.4535 151.1171 1242.0000 249.9076 1.8275 0.6518 1.0912 11.7915 1.4258 13.9799 2.0745 0.1659
Pedestrian -1 -1 -3.2833 1103.1183 194.1429 1137.3337 253.8228 1.7506 0.6036 0.7665 15.4449 2.4108 21.9192 -2.6766 0.1576
Pedestrian -1 -1 1.5441 0.0000 187.0691 16.0830 236.3560 1.5820 0.5245 1.3806 -20.3739 2.0737 24.2474 0.8506 0.1176
Cyclist -1 -1 2.3965 159.6828 176.0764 201.9083 215.2245 1.7765 0.6158 1.7443 -20.1348 1.9321 33.8167 1.8627 0.5299
Cyclist -1 -1 1.7771 0.0000 187.9731 20.6155 239.1738 1.6230 0.5295 1.6495 -20.3786 2.1489 24.2249 1.0831 0.4541
Cyclist -1 -1 1.7086 916.1579 158.0120 945.1807 220.1603 1.6761 0.5399 1.6226 8.9821 1.2762 20.2897 2.1195 0.1813
Cyclist -1 -1 1.3608 1193.2930 155.7436 1242.0000 254.1400 1.8031 0.6431 1.3326 11.8101 1.4899 13.9590 2.0522 0.1306
Car -1 -1 2.2017 43.6465 185.1978 164.5764 237.0667 1.4779 1.4753 3.3185 -16.0596 1.9010 23.0333 1.5980 0.8392
Car -1 -1 2.0511 258.7364 173.5750 324.6783 208.0702 2.0457 1.8120 4.7024 -19.9105 2.0938 45.2960 1.6388 0.7525
Car -1 -1 2.2039 0.0000 177.5264 80.7390 219.5720 1.5082 1.5729 3.9478 -22.9952 1.7050 28.3312 1.5266 0.1450
Car -1 -1 1.8242 368.6598 177.2646 399.8883 195.5997 1.5694 1.6790 4.2071 -20.2875 1.9798 64.9304 1.5222 0.1425
