Pedestrian -1 -1 0.7730 699.9116 176.6655 726.6584 228.7531 1.6655 0.4538 0.7644 3.3264 1.7927 23.5736 0.9107 0.2047
Pedestrian -1 -1 2.8779 0.0000 139.4225 41.4602 230.6192 1.7510 0.4770 0.7929 -11.8996 1.1095 14.3121 2.1934 0.1673
Pedestrian -1 -1 0.4651 153.8944 122.6369 205.0101 213.6358 1.7095 0.4890 0.6948 -8.2894 0.7665 13.8189 -0.0668 0.1308
Pedestrian -1 -1 -2.5591 275.4980 131.9357 325.0762 223.4604 1.7603 0.6122 0.6730 -6.1548 0.9737 14.2362 -2.9607 0.1268
Car -1 -1 1.9285 205.0057 187.8640 450.3344 336.1134 1.5618 1.7311 4.2671 -3.6792 1.8188 10.1830 1.5891 0.9444
Car -1 -1 1.7965 398.9070 174.5641 501.5474 249.3134 1.6929 1.6695 4.1046 -4.0000 1.7420 18.4973 1.5858 0.9092
Car -1 -1 1.6798 513.1000 174.5227 554.8205 207.3831 1.5140 1.6101 4.0280 -3.7178 1.6011 35.4644 1.5756 0.6352
Car -1 -1 0.8651 996.1542 191.2131 1242.0000 375.0000 1.4325 1.5762 3.8942 4.2056 1.5986 4.5598 1.5776 0.2655
Car -1 -1 1.9288 557.3333 165.7352 592.0798 185.3984 1.6564 1.6637 4.2102 -3.0628 1.0571 63.0387 1.8802 0.2073
Car -1 -1 -1.3539 384.6258 172.6736 447.6756 214.6858 1.4973 1.5487 3.7659 -7.3821 1.4912 27.6259 -1.6131 0.1419
Car -1 -1 1.7511 546.3181 170.4439 585.3409 198.3111 1.5359 1.5753 3.9534 -2.5442 1.4034 41.8218 1.6903 0.1302
