Pedestrian -1 -1 0.9870 700.7217 128.6345 725.8900 179.6694 1.8236 0.5847 0.7570 3.7108 0.2439 26.2476 1.1259 0.3286
Cyclist -1 -1 0.9328 697.2311 128.0362 724.1717 179.6501 1.8423 0.5993 0.8200 3.6168 0.2429 26.2549 1.0682 0.1046
Car -1 -1 -1.8323 683.9494 165.8830 773.7616 230.5994 1.8238 1.6979 4.2012 3.5383 1.6277 22.5116 -1.6792 0.9136
Car -1 -1 1.9107 69.0871 165.7613 410.4572 375.0000 1.7351 1.7081 4.3698 -3.5186 1.6810 7.7806 1.4978 0.9058
Car -1 -1 1.7936 414.3888 179.0095 522.5087 258.2559 1.5949 1.6230 3.9239 -3.2049 1.7558 16.8184 1.6073 0.9035
Car -1 -1 -1.8248 719.3525 181.1692 833.6096 254.0775 1.4146 1.5704 3.7812 3.5784 1.6257 16.3587 -1.6141 0.9027
Car -1 -1 1.6683 472.0286 175.4187 536.0750 233.6520 1.5915 1.5577 3.5929 -3.1534 1.6756 21.7085 1.5251 0.8231
Car -1 -1 1.6534 493.9886 182.1175 541.4083 221.4451 1.4219 1.5753 3.7998 -3.6795 1.8185 28.9268 1.5275 0.6334
Car -1 -1 2.3873 0.0000 204.7207 243.5383 375.0000 1.4601 1.6177 3.8517 -3.6626 1.6999 3.4605 1.6115 0.6240
Car -1 -1 1.2483 521.4247 177.7773 562.3704 202.1037 1.5420 1.5927 3.8940 -4.6671 1.8889 48.6876 1.1528 0.2553
