Pedestrian -1 -1 1.0453 717.7459 143.2420 778.4622 243.5245 1.6866 0.6732 0.9173 2.4585 1.0616 12.4297 1.2378 0.9065
Pedestrian -1 -1 1.1162 432.5530 139.0969 473.9636 224.8485 1.8128 0.5420 0.9125 -3.3668 0.9391 15.4684 0.9083 0.8392
Pedestrian -1 -1 1.2519 588.5472 148.1474 638.7794 249.5335 1.6159 0.6047 0.8240 0.0882 1.1019 11.7488 1.2613 0.7096
Pedestrian -1 -1 1.3977 504.6389 140.7533 538.2596 221.9509 1.8920 0.6473 0.9697 -2.0598 0.9674 17.0268 1.2816 0.6989
Pedestrian -1 -1 1.5514 527.7054 146.5201 556.2733 228.7786 1.8251 0.6329 0.8371 -1.4853 1.0728 16.1328 1.4634 0.6924
Pedestrian -1 -1 -2.2020 646.6078 138.7345 675.7317 200.0255 1.7800 0.6145 0.6170 1.6296 0.5686 20.9525 -2.1234 0.6798
Pedestrian -1 -1 1.1057 472.1130 148.5274 509.7626 230.1464 1.7948 0.5404 0.8040 -2.6305 1.0934 16.0274 0.9482 0.5921
Pedestrian -1 -1 0.9258 237.1998 139.9734 292.6437 242.0244 1.6893 0.5674 0.6731 -5.8670 1.0201 12.1075 0.4871 0.5723
Pedestrian -1 -1 -1.6944 273.8122 140.4409 323.3989 248.9403 1.7087 0.6659 0.7504 -5.0892 1.0795 11.6216 -2.0949 0.5002
Pedestrian -1 -1 0.8558 103.1542 147.0141 184.5430 259.2270 1.8021 0.6518 0.9926 -7.7375 1.2660 11.8043 0.2899 0.4866
Pedestrian -1 -1 2.0300 422.7354 143.3357 451.8080 203.4431 1.8527 0.6328 0.7237 -5.2963 0.7087 22.2125 1.8013 0.4472
Pedestrian -1 -1 -2.9210 619.0615 140.4623 645.6109 193.9740 1.8498 0.6473 0.8110 0.9368 0.4673 24.8537 -2.8817 0.4285
Cyclist -1 -1 1.3932 508.5527 142.9609 545.6838 227.5899 1.9330 0.6866 1.1362 -1.9000 1.0772 16.7863 1.2846 0.1823
Cyclist -1 -1 1.2210 589.8707 147.6801 640.1622 248.4727 1.6091 0.5811 0.8453 0.1110 1.0868 11.7781 1.2323 0.1369
Cyclist -1 -1 0.8736 104.2032 146.9019 185.0510 258.8136 1.7949 0.6439 0.9991 -7.7183 1.2577 11.7932 0.3084 0.1156
