Pedestrian -1 -1 0.1355 287.9269 182.5048 310.8956 217.9791 1.6862 0.7183 0.9352 -15.1073 2.1613 35.0215 -0.2694 0.5803
Pedestrian -1 -1 0.8425 1073.6295 100.5299 1146.6780 197.1177 1.8402 0.6799 1.0184 9.8358 0.4626 14.2940 1.4359 0.3182
Pedestrian -1 -1 -1.0110 1190.7356 162.4051 1242.0000 260.2580 1.7386 0.6734 0.6383 11.1900 1.5533 13.2373 -0.3206 0.2344
Cyclist -1 -1 3.1503 308.3570 180.6754 344.1834 214.6082 1.7737 0.6467 1.7710 -15.2110 2.1994 38.6156 2.7770 0.6059
Cyclist -1 -1 0.1110 287.5160 182.7295 314.5638 218.6243 1.7052 0.7219 1.1350 -15.0441 2.1925 35.0634 -0.2919 0.3178
Cyclist -1 -1 2.2473 205.1126 184.8659 229.8767 210.0601 1.8014 0.5686 1.8659 -29.1056 2.7082 53.4791 1.7507 0.2773
Cyclist -1 -1 0.8416 1075.0056 99.4124 1151.0857 197.4873 1.8493 0.6799 1.0729 9.8110 0.4649 14.1797 1.4376 0.1610
Car -1 -1 -1.5618 587.1490 172.4167 618.1640 202.8282 1.6222 1.6545 4.3123 -0.4325 1.5993 40.6440 -1.5729 0.8011
Car -1 -1 1.7162 269.7991 188.0455 296.8077 206.7756 1.5245 1.6287 4.0033 -29.1224 2.9252 64.3601 1.2925 0.2498
Car -1 -1 1.9575 341.8592 179.4223 439.1428 230.5159 1.4641 1.5697 4.0776 -7.0088 1.6959 23.3193 1.6682 0.2053
Car -1 -1 -1.7825 753.4666 162.4307 797.1611 201.5033 2.0893 1.6169 3.7713 9.1811 1.5323 40.4733 -1.5614 0.1643
Car -1 -1 -0.0775 288.9747 182.3183 312.6958 218.3718 1.7131 0.7440 1.0082 -15.0982 2.1818 35.1406 -0.4809 0.1148
