Pedestrian -1 -1 2.2770 405.5167 148.7381 425.5291 184.2645 1.8227 0.5494 0.9054 -10.1528 0.5858 37.5436 2.0145 0.3706
Pedestrian -1 -1 2.3125 569.7218 173.4133 583.2814 198.1159 1.8491 0.4943 0.9777 -2.5579 1.8922 54.5669 2.2655 0.3602
Cyclist -1 -1 2.2770 405.5167 148.7381 425.5291 184.2645 1.8227 0.5494 0.9054 -10.1528 0.5858 37.5436 2.0145 0.1811
Cyclist -1 -1 2.3125 569.7218 173.4133 583.2814 198.1159 1.8491 0.4943 0.9777 -2.5579 1.8922 54.5669 2.2655 0.1396
Car -1 -1 -1.7089 682.2471 183.1159 761.1306 243.4947 1.4265 1.5870 3.5797 2.8648 1.7290 19.4478 -1.5657 0.8978
Car -1 -1 -2.0420 808.7600 176.9538 1242.0000 375.0000 1.4607 1.5339 3.7005 2.8198 1.5037 5.6310 -1.5995 0.8636
Car -1 -1 -0.1781 739.8802 172.3443 862.8622 222.5033 1.6357 1.6369 3.7949 6.3676 1.6194 24.4812 0.0728 0.8157
Car -1 -1 0.3748 274.0862 180.6633 464.0812 247.2073 1.4749 1.6071 3.9651 -5.6775 1.6706 17.1238 0.0586 0.7933
Car -1 -1 0.4375 190.4444 185.8013 425.6648 261.3456 1.4358 1.6204 4.2072 -6.1890 1.7207 14.9394 0.0505 0.7682
Car -1 -1 0.3792 333.8542 178.2220 489.5456 233.6577 1.5800 1.6853 4.2233 -5.9875 1.7509 21.8483 0.1143 0.7483
Car -1 -1 0.5469 36.2074 183.5904 324.4804 280.2437 1.4818 1.6179 3.8948 -7.1117 1.6751 12.1072 0.0250 0.7435
Car -1 -1 -2.4996 0.0000 151.3566 266.2873 299.5638 1.7535 1.7270 4.0132 -6.9657 1.4995 9.4363 -3.1222 0.7311
Car -1 -1 0.2809 346.8829 178.7464 467.4734 224.1234 1.4689 1.5601 3.6289 -6.8293 1.6747 24.3590 0.0099 0.5326
Car -1 -1 0.6979 0.0000 183.4736 236.5757 358.4435 1.4894 1.6120 3.9510 -6.0972 1.6055 7.0504 0.0033 0.5207
Car -1 -1 0.4130 313.9716 179.0440 465.1829 235.1874 1.4279 1.5224 3.6090 -5.9598 1.6042 19.5346 0.1201 0.5041
Car -1 -1 1.3914 631.9427 173.9930 663.1774 195.4712 1.5127 1.6052 3.9627 2.6968 1.6002 53.1031 1.4415 0.4729
Car -1 -1 2.8349 681.1187 177.3367 759.8905 207.1089 1.5020 1.5870 3.7752 5.7271 1.7440 37.8054 2.9835 0.3905
Car -1 -1 -0.2449 681.8202 170.9280 757.1948 198.8852 1.5200 1.6293 3.8727 6.0378 1.4157 40.2267 -0.0974 0.3850
Car -1 -1 0.2219 379.2247 178.9982 496.5616 221.2868 1.5027 1.6131 3.9659 -6.3465 1.7375 26.7031 -0.0098 0.3804
