Pedestrian -1 -1 2.2549 431.0845 171.4446 471.5435 250.1045 1.8259 0.7276 0.6007 -3.6073 1.5937 17.1055 2.0446 0.8906
Pedestrian -1 -1 -1.4564 652.6883 169.9013 690.6180 272.0874 1.7046 0.5626 0.9470 1.1914 1.5124 12.5005 -1.3690 0.7424
Pedestrian -1 -1 -1.6933 729.9050 165.8421 761.4290 244.4782 1.7686 0.5839 1.0359 3.3042 1.4176 16.6890 -1.5062 0.7397
Pedestrian -1 -1 -2.0838 79.1268 178.2108 147.9919 285.9497 1.6489 0.6506 0.6959 -7.8068 1.5999 11.4380 -2.6777 0.7371
Pedestrian -1 -1 -1.5613 628.3657 168.2280 651.9913 231.6870 1.8233 0.6784 1.0882 1.1147 1.4431 21.1988 -1.5147 0.7254
Pedestrian -1 -1 -2.3046 752.9300 161.3900 796.4323 230.7629 1.8596 0.6297 1.0414 4.7507 1.3217 19.8613 -2.0780 0.7215
Pedestrian -1 -1 1.5854 400.9746 170.0877 427.7962 246.5676 1.8369 0.6264 0.9331 -4.6578 1.5640 17.7784 1.3273 0.6826
Pedestrian -1 -1 -1.4925 696.1693 168.9519 730.4955 269.1489 1.6929 0.5388 0.8916 1.9351 1.4822 12.6282 -1.3491 0.6688
Pedestrian -1 -1 -2.2913 669.7722 175.4025 716.3842 256.6098 1.7107 0.5374 0.9096 1.9536 1.5835 15.6566 -2.1748 0.6681
Pedestrian -1 -1 1.3067 773.4513 163.1854 809.2982 239.7898 1.8083 0.6338 0.8359 4.5507 1.3771 17.3770 1.5538 0.6381
Pedestrian -1 -1 2.1702 690.3499 159.9876 743.9590 254.8098 1.7913 0.6244 0.9399 2.2415 1.3862 14.1244 2.3193 0.4633
Cyclist -1 -1 -1.7218 726.1412 164.9585 761.0350 244.8273 1.7943 0.6217 1.1209 3.2572 1.4239 16.7060 -1.5376 0.1742
Cyclist -1 -1 -1.5316 696.2242 168.7617 728.6528 269.8007 1.7021 0.5376 0.9522 1.9179 1.4888 12.6152 -1.3894 0.1340
Cyclist -1 -1 2.1702 690.3499 159.9876 743.9590 254.8098 1.7913 0.6244 0.9399 2.2415 1.3862 14.1244 2.3193 0.1195
Cyclist -1 -1 -1.5686 631.6498 170.2253 654.0981 234.1035 1.8240 0.6404 1.1415 1.1838 1.5032 21.0954 -1.5186 0.1084
Cyclist -1 -1 -2.7387 671.1829 175.4205 719.4415 256.4230 1.7201 0.5449 0.9075 2.0174 1.5922 15.7139 -2.6186 0.1074
Cyclist -1 -1 -1.4730 651.7751 167.5567 689.3704 270.3096 1.7206 0.5727 0.9670 1.1781 1.4884 12.5533 -1.3870 0.1033
Car -1 -1 1.6992 549.1200 179.4646 590.5430 210.9272 1.5514 1.6768 4.0296 -1.5989 1.4520 37.4948 1.6518 0.8661
