Pedestrian -1 -1 -1.7055 610.6295 162.8490 664.5073 297.1566 1.6675 0.5722 0.9318 0.4110 1.4373 9.4078 -1.6689 0.8708
Pedestrian -1 -1 -1.3042 247.2138 163.4150 323.3040 307.0294 1.6916 0.6393 0.9616 -3.9729 1.4799 8.9803 -1.7159 0.8396
Pedestrian -1 -1 -1.9195 671.4744 158.8214 743.7260 290.1326 1.6597 0.6488 0.9836 1.3569 1.3744 9.6272 -1.7889 0.8320
Pedestrian -1 -1 -1.4675 722.3300 162.8367 746.4523 225.6662 1.6364 0.5655 0.7434 3.5162 1.1515 19.1414 -1.2935 0.7909
Pedestrian -1 -1 -1.7863 653.0024 162.9136 676.8475 219.4995 1.6320 0.5305 0.8182 1.8350 1.0971 21.1558 -1.7060 0.6850
Pedestrian -1 -1 -1.7983 438.2061 169.5283 464.6576 225.0560 1.8117 0.6956 0.8085 -5.0302 1.4222 23.9477 -2.0084 0.5796
Pedestrian -1 -1 0.2449 445.6534 166.0168 533.9960 254.3798 1.7185 0.6553 1.6377 -2.2554 1.4186 14.3645 0.0865 0.1389
Pedestrian -1 -1 1.6595 462.4806 160.9576 493.4184 237.9431 1.8489 0.6274 1.7393 -3.1333 1.3568 18.1424 1.4855 0.1240
Cyclist -1 -1 1.8679 332.1117 161.1037 425.3867 319.5609 1.7445 0.5975 1.7640 -2.7148 1.5213 8.7878 1.5706 0.8971
Cyclist -1 -1 1.7252 466.2274 165.6639 511.3140 259.1642 1.7530 0.6307 1.7949 -2.2640 1.4574 14.3643 1.5662 0.8809
Cyclist -1 -1 -2.1176 80.3000 169.3615 164.1847 257.8051 1.7605 0.6172 1.7812 -10.0198 1.5201 14.9521 -2.7052 0.7840
Cyclist -1 -1 1.6521 461.5906 161.6110 491.5076 237.3804 1.8244 0.6148 1.7604 -3.1789 1.3467 18.1991 1.4763 0.7646
Cyclist -1 -1 -1.7190 608.2552 159.1117 663.6405 295.7743 1.6962 0.5780 0.9558 0.3897 1.4197 9.4209 -1.6846 0.1565
Cyclist -1 -1 -1.7620 653.3315 162.3658 676.8765 219.2690 1.6407 0.5343 0.8394 1.8400 1.0901 21.1555 -1.6814 0.1446
Cyclist -1 -1 -1.9469 672.1056 156.9894 745.1561 287.4754 1.6588 0.6500 0.9738 1.3792 1.3485 9.6800 -1.8147 0.1258
Car -1 -1 1.6200 494.6845 172.2221 525.9850 199.9240 1.5968 1.6914 4.4731 -5.4886 1.0628 43.7007 1.4908 0.6114
