Pedestrian -1 -1 -2.2060 40.1910 146.8935 68.3291 192.7340 1.8327 0.5840 0.7271 -22.3356 0.4906 28.6446 -2.8608 0.2304
Pedestrian -1 -1 1.1384 773.7431 153.0907 815.0001 239.0089 1.6839 0.5622 0.6900 3.7652 1.1483 14.2414 1.3933 0.2261
Pedestrian -1 -1 -0.3678 222.3709 183.3788 246.3062 226.7658 1.6930 0.5950 0.6756 -14.7541 1.8108 28.0951 -0.8451 0.1254
Pedestrian -1 -1 -1.8273 140.4099 190.8658 166.1354 242.8781 1.6483 0.5391 0.7438 -14.7503 1.9942 23.0329 -2.3892 0.1140
Pedestrian -1 -1 -1.2614 71.0127 147.1232 92.7667 187.7605 1.8890 0.5958 0.8365 -24.6889 0.3390 33.3523 -1.8920 0.1139
Pedestrian -1 -1 -2.3519 181.3763 187.0422 209.7704 234.7718 1.6835 0.5548 0.6955 -14.7306 1.9233 25.3923 -2.8706 0.1136
Pedestrian -1 -1 -2.6656 983.5921 100.9670 1024.8442 173.4906 1.8454 0.6495 0.7280 10.4437 -0.1873 18.5624 -2.1582 0.1109
Pedestrian -1 -1 0.8849 719.0078 163.4914 759.8015 219.0629 1.7592 0.6131 1.3145 4.3495 1.2223 23.1011 1.0703 0.1080
Pedestrian -1 -1 1.4782 886.0516 132.6859 908.7834 188.5715 1.9121 0.6503 0.8905 10.1835 0.2777 24.7069 1.8666 0.1040
Pedestrian -1 -1 -2.1776 1096.5521 175.3442 1224.0000 370.0000 1.7401 0.6056 0.6280 3.4181 1.7132 4.2465 -1.5339 0.1006
Cyclist -1 -1 1.2634 725.6772 164.6436 759.4562 219.4390 1.7243 0.5951 1.6891 4.4492 1.2269 23.1177 1.4527 0.2029
Cyclist -1 -1 2.3679 422.9828 167.5349 446.9654 192.9247 1.7426 0.5187 1.7693 -11.8686 0.8541 49.4086 2.1354 0.1640
Car -1 -1 1.8057 553.4254 160.2173 583.0699 179.7399 1.6174 1.6445 4.0559 -3.1079 -0.0666 60.8869 1.7569 0.3252
Car -1 -1 1.4832 532.4687 165.1915 553.6887 183.2561 1.5643 1.5767 3.6744 -5.5360 0.2399 63.1682 1.3980 0.1042
