Pedestrian -1 -1 -0.8290 541.7621 179.6784 555.4814 205.6374 1.7409 0.4913 0.8421 -4.2071 2.2105 49.1234 -0.9145 0.1850
Pedestrian -1 -1 1.0108 209.8456 167.4242 284.8614 279.3326 1.7516 0.6171 1.0921 -6.0057 1.6670 11.8395 0.5499 0.1750
Cyclist -1 -1 0.9855 207.8738 173.7538 296.7557 281.3710 1.6644 0.5963 1.4638 -5.9074 1.6802 11.7938 0.5296 0.1872
Car -1 -1 -1.8886 735.9237 145.1881 981.2280 324.6242 2.0023 1.7528 4.8510 3.1591 1.6940 10.5032 -1.6054 0.9396
Car -1 -1 1.8455 301.7011 182.7794 509.7960 326.1608 1.6118 1.7246 4.3929 -2.7511 1.7890 10.6342 1.5973 0.9325
Car -1 -1 -1.7615 683.2979 182.0340 780.9855 253.0447 1.5097 1.6093 3.9961 2.8464 1.7635 17.8876 -1.6072 0.8923
Car -1 -1 -1.7433 660.9974 182.8249 731.3581 234.7851 1.5168 1.6262 3.9425 2.7103 1.8747 23.8518 -1.6324 0.8402
Car -1 -1 1.6243 669.3660 176.9094 692.4562 197.3949 1.6017 1.6809 4.1003 5.8466 1.9482 59.4183 1.7215 0.2677
Car -1 -1 -2.8165 445.0910 179.4118 508.1078 203.3541 1.4821 1.5646 3.6664 -8.5634 1.9124 46.2657 -2.9989 0.2590
Car -1 -1 1.5249 573.9276 180.6219 594.9993 199.8586 1.5220 1.5884 3.8897 -2.1987 2.1975 60.7059 1.4884 0.2393
