Pedestrian -1 -1 -1.0096 1015.6766 148.8612 1071.5365 258.2954 1.6013 0.4662 0.6195 6.6386 1.1250 10.8577 -0.4768 0.2171
Car -1 -1 1.9246 99.1490 177.8636 461.1251 374.0000 1.5346 1.6684 4.4462 -2.7260 1.5106 7.2347 1.5698 0.8823
Car -1 -1 -0.6547 413.7473 171.8471 510.3061 207.0526 1.5122 1.6196 4.2507 -6.3418 1.0985 32.9813 -0.8483 0.7576
Car -1 -1 2.0123 380.5296 170.6584 433.4538 195.6456 1.5367 1.6770 4.1994 -12.4787 0.8707 46.3880 1.7460 0.5717
Car -1 -1 1.8732 545.5609 167.9182 590.6539 195.0564 1.4962 1.5751 3.7663 -1.8793 0.7482 41.6215 1.8235 0.5248
Car -1 -1 -2.0487 0.0000 175.9691 23.5314 204.4907 1.4901 1.5885 3.9080 -33.4905 1.2020 38.9915 -2.7599 0.2276
Car -1 -1 1.6953 578.4583 163.9446 605.0838 185.4128 1.5399 1.5456 3.7597 -0.6682 0.2813 53.4745 1.6781 0.1853
Car -1 -1 -2.3151 254.7110 184.8793 370.3558 231.1287 1.4824 1.5830 3.7325 -9.9871 1.6070 24.7543 -2.7002 0.1596
Car -1 -1 1.7879 290.3967 216.0911 419.7273 309.6558 1.4402 1.6472 4.0475 -4.8936 2.2506 14.7043 1.4659 0.1498
Car -1 -1 -0.2916 228.1105 177.0154 287.1860 199.1977 1.5563 1.5696 3.5711 -24.9323 1.2423 52.1806 -0.7403 0.1424
