Pedestrian -1 -1 -0.2555 539.2504 179.8182 555.7426 211.4137 1.7032 0.6822 0.7517 -3.4632 2.0895 39.5381 -0.3429 0.2528
Pedestrian -1 -1 1.1601 751.4003 130.1066 784.8629 196.6379 1.8761 0.6018 0.9773 4.5204 0.6710 20.8827 1.3702 0.1976
Cyclist -1 -1 1.1565 751.2847 130.0655 785.5791 197.0855 1.8843 0.5980 1.0338 4.5211 0.6816 20.8502 1.3669 0.1043
Car -1 -1 -1.7887 634.1119 174.4636 701.7772 221.0499 1.5505 1.6093 3.9598 1.9764 1.6140 26.2297 -1.7150 0.8979
Car -1 -1 -1.5153 491.8629 177.0151 542.4200 223.4128 1.5974 1.6719 3.9926 -3.4796 1.7668 27.2569 -1.6417 0.8953
Car -1 -1 -1.7925 669.2491 179.2761 804.6776 270.2375 1.4241 1.5921 4.0799 2.1700 1.5648 13.6783 -1.6395 0.8906
Car -1 -1 0.5278 127.6023 185.5874 309.1304 253.3820 1.5045 1.5712 3.4871 -9.2866 1.8232 17.1821 0.0384 0.8092
Car -1 -1 2.1237 0.0000 194.6250 319.4030 375.0000 1.4428 1.6141 4.2254 -3.4856 1.6495 4.6764 1.5096 0.7626
Car -1 -1 -1.6331 621.1943 172.0972 653.3165 203.2479 1.7659 1.6557 3.9069 1.5430 1.7233 42.8752 -1.5978 0.5113
Car -1 -1 3.6547 0.0000 189.2164 131.9756 258.2563 1.4718 1.6128 3.8962 -13.8524 1.8833 17.0168 2.9790 0.2713
Car -1 -1 -2.7233 490.9835 179.2905 562.5696 208.3981 1.5541 1.5907 3.6510 -4.6847 1.9265 40.4007 -2.8385 0.2138
Car -1 -1 -1.5066 629.5090 175.6514 670.6834 212.1467 1.5149 1.5985 3.8798 1.8060 1.6482 32.2788 -1.4518 0.2094
Car -1 -1 -1.8617 488.5017 176.9069 546.7443 213.0933 1.4804 1.5484 3.7253 -4.1914 1.6718 31.9842 -1.9915 0.2047
