Pedestrian -1 -1 1.2443 560.1601 178.0015 577.5437 207.2200 1.8220 0.5855 1.7299 -2.6761 2.1586 46.2225 1.1862 0.1137
Cyclist -1 -1 1.2234 560.0499 178.0182 577.9599 207.0870 1.8129 0.5880 1.7348 -2.6671 2.1508 46.2347 1.1656 0.6666
Car -1 -1 -1.8071 707.2141 188.0665 839.1009 278.8893 1.3995 1.5523 3.5931 2.8510 1.7240 13.5483 -1.6052 0.9024
Car -1 -1 -0.2320 776.8755 176.3598 955.6450 242.9211 1.6120 1.6630 4.0593 6.4320 1.7077 18.6001 0.0953 0.8967
Car -1 -1 0.5171 85.1843 188.2128 394.7693 294.9868 1.4875 1.6350 4.0252 -5.6752 1.7473 11.2524 0.0589 0.8425
Car -1 -1 0.5930 0.0000 194.1653 311.0792 326.1242 1.4590 1.6175 4.1731 -6.2279 1.7510 9.0554 0.0039 0.8020
Car -1 -1 0.5827 187.0335 180.3124 403.7537 264.9184 1.4690 1.5407 3.5384 -5.9978 1.6230 13.7877 0.1789 0.7421
Car -1 -1 0.4235 242.9989 180.8296 447.0056 255.0639 1.5380 1.6277 3.9623 -5.8790 1.7273 16.1209 0.0785 0.7348
Car -1 -1 0.3804 254.2157 179.4969 422.3401 239.3631 1.4550 1.5733 3.7294 -6.9508 1.6339 18.5541 0.0262 0.6542
Car -1 -1 2.7585 707.4213 183.0800 819.1654 222.8241 1.5068 1.6343 4.0980 6.1119 1.9365 29.1235 2.9627 0.6249
Car -1 -1 -2.7689 312.8547 180.3944 470.0612 235.4189 1.5068 1.6386 4.0646 -6.3407 1.7370 21.0099 -3.0591 0.5879
Car -1 -1 -2.2793 0.0000 193.8104 107.1439 375.0000 1.4824 1.6131 3.8984 -7.0636 1.6982 6.4995 -3.0858 0.5594
Car -1 -1 -2.7532 346.8946 181.8659 476.8754 231.9712 1.5275 1.5999 3.7358 -6.4165 1.8328 23.3855 -3.0187 0.5280
Car -1 -1 2.8757 694.0491 179.6914 788.8749 215.4196 1.5083 1.5927 3.8237 5.7120 1.8192 31.7938 3.0512 0.4881
Car -1 -1 1.7036 530.6623 174.3714 559.0811 195.2657 1.5654 1.6673 4.2788 -5.0880 1.6893 56.5440 1.6140 0.4725
Car -1 -1 1.4513 637.6361 177.2407 669.4592 201.7506 1.5129 1.6053 4.0106 2.7821 1.8134 47.3202 1.5092 0.4637
Car -1 -1 -2.9013 389.4691 176.8693 506.2524 220.1132 1.7690 1.7664 4.5453 -6.8545 1.9449 30.6178 -3.1202 0.4142
Car -1 -1 0.2376 382.2445 180.8249 492.2012 223.0387 1.5662 1.6406 3.8585 -6.6651 1.8841 27.9107 0.0048 0.4067
Car -1 -1 -0.2497 696.5160 174.9698 786.6498 208.3894 1.5355 1.6413 3.9200 6.1626 1.6391 34.2342 -0.0736 0.4040
