Pedestrian -1 -1 -2.1394 207.3149 197.6476 242.9323 256.5455 1.7244 0.6989 0.6869 -11.7766 2.4969 21.9945 -2.6264 0.4399
Pedestrian -1 -1 0.2484 128.2294 194.3385 163.4638 255.4953 1.7155 0.6437 0.7230 -13.5153 2.3522 20.9499 -0.3191 0.3727
Car -1 -1 -1.8723 670.4295 178.9859 827.1075 284.9339 1.4195 1.4852 3.3521 2.0150 1.5337 11.6295 -1.7061 0.9031
Car -1 -1 2.5043 569.6201 171.4289 678.7686 216.8791 1.5914 1.6387 3.8806 0.5236 1.5419 27.0548 2.5228 0.8822
Car -1 -1 -1.0426 839.3464 165.6780 945.5491 209.7971 1.4590 1.6305 4.2527 10.1153 1.2220 25.8208 -0.6734 0.8324
Car -1 -1 -0.8850 752.5222 171.1424 872.3973 220.6348 1.4508 1.5913 3.8567 6.4220 1.4009 22.9106 -0.6156 0.7973
Car -1 -1 -1.0530 920.7699 164.4363 1003.7114 203.0247 1.4408 1.5120 3.3166 13.8910 1.1268 28.5012 -0.6038 0.7652
Car -1 -1 -1.1838 973.1310 154.6103 1061.9766 200.0672 1.8324 1.7709 4.5583 17.6271 1.0974 31.1972 -0.6737 0.5844
Car -1 -1 2.2941 704.1903 172.3894 794.4867 208.4521 1.4534 1.5890 3.9481 5.9660 1.4351 30.9147 2.4825 0.5620
Car -1 -1 1.9321 1076.2749 158.7136 1142.7373 189.0767 1.4889 1.5824 3.8005 25.6776 0.7959 37.1133 2.5336 0.4345
Car -1 -1 -2.1224 245.5865 170.7395 328.9381 206.9004 1.5859 1.6350 4.0816 -15.0378 1.4935 33.4673 -2.5420 0.4064
Car -1 -1 -1.8995 19.5861 169.5089 112.0139 215.9887 1.5405 1.5782 3.4941 -19.3365 1.4300 25.5479 -2.5425 0.3090
