Pedestrian -1 -1 -0.5236 160.5558 168.5148 230.1783 262.0212 1.7589 0.6552 0.9901 -8.0783 1.5351 13.8875 -1.0388 0.8197
Pedestrian -1 -1 -0.7389 221.0237 171.8215 278.7249 255.3880 1.7640 0.5675 1.0103 -7.8102 1.5825 15.4944 -1.1959 0.7396
Pedestrian -1 -1 -0.3383 242.4371 177.0181 261.8323 206.2246 1.8418 0.6117 0.9609 -22.5301 1.6236 45.1393 -0.7969 0.6240
Pedestrian -1 -1 0.2944 174.7331 177.9713 195.7626 212.2032 1.8704 0.6318 0.8508 -23.1804 1.7337 39.0349 -0.2363 0.4002
Pedestrian -1 -1 -1.3628 331.3410 122.3868 363.5265 191.4769 1.8609 0.6953 0.7209 -7.1107 0.2972 19.4432 -1.7056 0.2043
Pedestrian -1 -1 3.6662 3.1755 185.2848 67.0373 235.6334 1.7487 0.6701 1.6544 -20.2344 1.9231 25.0899 2.9953 0.1335
Cyclist -1 -1 -0.7012 638.4784 166.3911 782.8612 308.4871 1.6693 0.7894 1.7451 1.3251 1.5052 9.0990 -0.5598 0.9212
Cyclist -1 -1 3.6662 3.1755 185.2848 67.0373 235.6334 1.7487 0.6701 1.6544 -20.2344 1.9231 25.0899 2.9953 0.3137
Cyclist -1 -1 -0.7546 216.1410 171.1245 277.9732 256.4561 1.7864 0.5982 1.0861 -7.8268 1.5918 15.4105 -1.2145 0.1580
Car -1 -1 -1.5992 575.7512 93.7939 667.1539 181.4461 1.5035 1.5693 3.6937 0.2197 0.0179 13.9777 -1.5808 0.2992
