Pedestrian -1 -1 1.0496 957.5775 195.7507 1120.3402 375.0000 1.6576 0.6710 0.5290 2.5211 1.8058 4.3824 1.5412 0.5859
Pedestrian -1 -1 -0.2163 1188.3860 158.0785 1242.0000 313.1177 1.7698 0.7299 0.5385 7.3404 1.6015 8.6808 0.4683 0.2985
Pedestrian -1 -1 0.9325 814.1040 162.1599 840.3854 210.2677 1.7494 0.5332 0.8419 7.9974 1.3609 26.7220 1.2198 0.1701
Pedestrian -1 -1 0.8636 1023.5987 136.7804 1124.7421 253.7802 1.7057 0.5358 1.3936 7.1382 1.1802 11.2462 1.4171 0.1189
Pedestrian -1 -1 -1.2028 902.4652 158.9163 945.1815 234.6701 1.7206 0.4573 1.4171 7.3795 1.4044 17.0539 -0.8012 0.1137
Cyclist -1 -1 -1.4733 910.3989 159.6309 937.1357 236.0139 1.7211 0.4412 1.5885 7.3808 1.4235 17.0585 -1.0718 0.2298
Cyclist -1 -1 0.8585 1024.0447 136.0916 1125.2852 253.6278 1.7113 0.5369 1.3854 7.1353 1.1764 11.2293 1.4125 0.1607
Car -1 -1 2.1603 67.7702 199.3767 196.7714 249.1680 1.4360 1.6310 4.3013 -16.5862 2.4448 25.2701 1.5840 0.9227
Car -1 -1 1.9238 317.0632 188.2796 376.2258 220.9819 1.5552 1.6611 3.9811 -13.8945 2.4147 38.1881 1.5767 0.8535
Car -1 -1 1.7476 427.9828 183.4920 455.6031 202.7779 1.5116 1.5939 3.9629 -14.1579 2.4381 60.7971 1.5194 0.4241
Car -1 -1 2.0205 165.5073 196.6705 235.1313 228.1334 1.4562 1.6285 4.0594 -21.8621 2.7998 38.6138 1.5080 0.1995
Car -1 -1 2.1916 238.6520 198.5535 300.0544 224.0545 1.4740 1.6616 4.0402 -22.6856 3.2656 48.1495 1.7530 0.1786
