Pedestrian -1 -1 0.4685 196.6739 171.1430 252.8710 258.0256 1.7156 0.7070 0.7637 -7.7288 1.5324 14.3158 -0.0156 0.8452
Pedestrian -1 -1 -2.0910 241.2088 181.3769 261.8673 208.8410 1.7730 0.6710 1.2701 -23.1559 1.8325 46.3122 -2.5503 0.2347
Pedestrian -1 -1 -0.1309 175.7312 177.6736 194.8149 211.7849 1.8564 0.7233 0.8211 -23.1720 1.7040 39.0121 -0.6616 0.2100
Pedestrian -1 -1 -1.3799 330.4890 123.9548 362.3555 192.9036 1.8574 0.7000 0.7025 -7.1383 0.3357 19.4423 -1.7240 0.1836
Pedestrian -1 -1 0.7634 307.2468 164.1747 370.0503 259.3523 1.8323 0.6573 0.9970 -5.3537 1.5197 14.1071 0.4098 0.1483
Pedestrian -1 -1 -3.3688 754.5407 161.7736 812.0859 265.9128 1.7509 0.5749 0.8497 3.0152 1.4377 12.1751 -3.1304 0.1385
Pedestrian -1 -1 -0.9996 723.5043 168.0056 834.2292 297.1762 1.6631 0.7241 1.6878 2.4244 1.5039 9.9443 -0.7661 0.1226
Pedestrian -1 -1 3.6743 3.5697 184.0903 67.9678 234.0996 1.7392 0.6808 1.6696 -20.2190 1.8704 25.1003 3.0040 0.1049
Cyclist -1 -1 -0.8656 716.8619 171.1148 837.8437 299.5313 1.6597 0.7258 1.7072 2.3929 1.5401 9.9315 -0.6347 0.8792
Cyclist -1 -1 3.6743 3.5697 184.0903 67.9678 234.0996 1.7392 0.6808 1.6696 -20.2190 1.8704 25.1003 3.0040 0.2612
Cyclist -1 -1 -2.1041 241.1027 181.8752 262.7342 209.1874 1.7592 0.6373 1.4183 -23.1043 1.8518 46.2571 -2.5630 0.2311
Car -1 -1 -1.4967 564.0692 90.9121 658.4404 183.2704 1.5664 1.5632 3.6316 0.1962 0.0486 13.8656 -1.4798 0.2003
