Car -1 -1 1.6951 456.9271 173.6471 554.6483 268.4314 1.9869 1.7611 4.5495 -2.4145 2.0089 17.4456 1.5587 0.9128
Car -1 -1 -1.7159 710.3144 196.2919 785.9556 254.9210 1.4197 1.5697 4.0158 3.8917 2.1724 21.1273 -1.5373 0.8932
Car -1 -1 -1.9403 807.1761 185.9155 1104.1010 375.0000 1.7327 1.6876 3.9886 3.6547 1.9253 8.6037 -1.5524 0.8837
Car -1 -1 2.0506 0.0000 201.5235 412.9527 375.0000 1.5496 1.5420 3.5144 -2.9932 1.8590 5.9919 1.6036 0.8762
Car -1 -1 1.3527 750.5366 196.9695 873.3192 284.4582 1.4592 1.5894 3.9838 4.0220 2.0340 15.1634 1.6059 0.8266
Car -1 -1 1.5751 557.0933 186.8287 590.7245 219.3691 1.5851 1.7220 4.1167 -1.9826 2.3823 39.0421 1.5241 0.8157
Car -1 -1 -1.7013 702.7806 190.7446 756.7202 236.7344 1.4853 1.4964 3.3282 4.2576 2.1794 26.2936 -1.5435 0.7414
Car -1 -1 -1.6794 677.4611 188.5236 715.4634 221.4995 1.5597 1.5760 3.5437 4.4211 2.4150 37.5902 -1.5640 0.6483
Car -1 -1 -1.7035 688.5660 191.4614 731.8705 227.9077 1.4997 1.5174 3.3803 4.5080 2.3974 33.1040 -1.5701 0.5834
Car -1 -1 1.7189 494.0805 191.2835 563.6796 245.2453 1.4544 1.6123 3.9981 -2.5213 2.0905 22.8590 1.6094 0.4870
Car -1 -1 -2.3378 1078.3219 227.8097 1242.0000 375.0000 1.5263 1.5968 3.8482 3.9261 1.9186 3.1617 -1.4911 0.4184
