Car -1 -1 2.6314 837.9495 163.3511 1152.0608 281.5038 1.8527 1.7917 4.4325 6.3423 1.7041 12.3059 3.0967 0.8995
Car -1 -1 -2.7710 261.3724 177.2948 442.8064 240.4704 1.5010 1.6352 3.9761 -6.4425 1.6185 18.1486 -3.1080 0.8859
Car -1 -1 -2.5420 0.0000 184.7609 301.3422 289.2940 1.4464 1.5916 3.7290 -6.9891 1.6439 11.0637 -3.0949 0.8420
Car -1 -1 3.3117 334.6035 169.3959 490.2369 230.8606 1.8801 1.8089 4.5785 -6.2737 1.7747 23.1787 3.0497 0.7730
Car -1 -1 -2.4775 0.0000 161.3089 256.8045 317.7272 1.6753 1.7043 4.2343 -6.7968 1.5520 8.5986 -3.1315 0.4619
Car -1 -1 1.6689 625.6584 173.4497 650.3173 193.1564 1.4935 1.5686 3.9283 2.2118 1.5425 56.8559 1.7072 0.2761
Car -1 -1 -2.9706 450.9641 173.5887 527.0521 201.0305 1.5324 1.6017 4.0663 -6.8928 1.5754 41.1438 -3.1360 0.2696
Car -1 -1 -1.6809 660.9374 135.4693 748.3400 229.1984 2.5360 2.0035 5.7360 2.7175 1.5248 22.3959 -1.5624 0.2459
Car -1 -1 1.4778 636.1816 165.8166 672.5696 195.7773 1.5677 1.6086 4.2179 2.3653 1.1998 39.8871 1.5363 0.2065
Car -1 -1 0.5098 436.8289 174.3612 514.6351 203.3984 1.5020 1.5841 3.8306 -7.2541 1.5863 38.8253 0.3260 0.1938
