Car -1 -1 -1.9591 826.1204 187.1690 1128.1829 361.3342 1.4775 1.6128 3.8789 3.8100 1.6833 8.3977 -1.5475 0.9407
Car -1 -1 1.8976 262.7811 185.2506 429.5333 291.8291 1.5977 1.6360 3.9842 -4.6765 1.8605 13.2758 1.5644 0.9375
Car -1 -1 1.8521 385.2048 183.0968 489.0108 253.7585 1.6083 1.6243 3.8686 -4.4578 1.9060 18.9669 1.6236 0.9107
Car -1 -1 -1.8326 750.1664 182.2630 889.6387 274.9352 1.5010 1.5939 3.7852 3.8280 1.7081 13.9612 -1.5713 0.8847
Car -1 -1 1.7796 438.9229 184.0681 515.2885 234.4641 1.4783 1.6713 4.2349 -4.4026 1.8890 24.2572 1.6014 0.8781
Car -1 -1 -1.7854 710.5749 178.8639 808.8327 244.4229 1.5092 1.6311 4.2580 3.7816 1.6869 19.1482 -1.5941 0.8596
Car -1 -1 1.7426 522.3771 177.8333 562.2252 208.8875 1.6207 1.5975 3.7222 -3.7566 1.9116 40.1862 1.6495 0.7037
Car -1 -1 -2.4279 1051.0703 203.1763 1242.0000 375.0000 1.4777 1.6029 3.9085 3.8575 1.6913 3.1092 -1.5817 0.5328
Car -1 -1 -1.7009 692.0275 177.8474 740.4594 216.5318 1.4769 1.5231 3.4216 4.2752 1.6947 29.7065 -1.5599 0.4232
Car -1 -1 -1.7159 698.9747 179.2757 763.1693 228.4280 1.4873 1.5611 3.8309 3.9404 1.7207 24.2590 -1.5575 0.4105
Car -1 -1 -1.6765 686.2719 175.8227 728.1348 209.8271 1.5488 1.5877 4.0818 4.6550 1.7028 35.2792 -1.5469 0.3557
Car -1 -1 -1.8562 1164.8655 172.3306 1242.0000 226.2534 1.5950 1.6096 3.8530 19.5623 1.5799 23.4274 -1.1670 0.2645
