Pedestrian -1 -1 0.3899 96.7668 118.3031 147.1859 208.8480 1.6562 0.4629 0.6529 -9.1652 0.6588 13.4866 -0.1979 0.3031
Pedestrian -1 -1 -2.0294 0.0000 160.9716 63.9486 318.1813 1.7431 0.6209 0.5887 -6.9329 1.6117 8.4034 -2.7038 0.2706
Cyclist -1 -1 0.7971 1115.9946 152.2869 1211.6284 233.1218 1.7392 0.5836 1.8651 12.5460 1.2970 16.4842 1.4388 0.3144
Car -1 -1 -1.7552 728.5836 179.7260 838.1993 261.9030 1.5160 1.5974 3.5563 3.5175 1.6804 15.4151 -1.5360 0.9299
Car -1 -1 0.5378 147.2832 174.1969 427.2972 276.2029 1.5808 1.6684 4.0881 -5.4437 1.6061 12.2969 0.1285 0.8892
Car -1 -1 -1.7362 704.8088 176.5990 786.0721 240.9722 1.6325 1.6063 3.8990 3.6873 1.7493 20.4799 -1.5614 0.8605
Car -1 -1 0.3141 309.7818 179.2782 466.7827 237.9290 1.4748 1.5729 3.6758 -5.8508 1.6530 19.1456 0.0209 0.8470
Car -1 -1 -2.8508 369.9664 177.0654 501.9031 225.7941 1.5925 1.6820 4.0796 -5.9376 1.7426 24.6988 -3.0849 0.7257
Car -1 -1 -1.7238 677.6500 179.2204 722.1940 212.0067 1.4320 1.5439 3.5546 4.1463 1.7484 34.0144 -1.6042 0.6113
Car -1 -1 -2.9162 424.2939 177.3581 526.3596 215.0743 1.4674 1.5840 3.7956 -5.4329 1.6552 29.1491 -3.0993 0.4524
Car -1 -1 -2.9801 528.0869 175.5884 582.6483 195.6673 1.5774 1.6551 4.1592 -4.3885 1.8012 57.9572 -3.0558 0.3050
Car -1 -1 -1.8832 1029.0024 175.8577 1132.9668 231.0984 1.5782 1.6009 3.9116 14.7748 1.6828 22.9333 -1.3172 0.2934
Car -1 -1 0.3894 451.2192 180.3953 548.2365 216.6995 1.5174 1.6155 3.9240 -4.8975 1.8644 31.9208 0.2379 0.2724
Car -1 -1 -1.7455 509.3163 176.2772 550.7048 205.9313 1.5384 1.6220 3.8843 -4.5174 1.7385 40.0041 -1.8577 0.2685
