Pedestrian -1 -1 0.2471 1055.9749 155.2591 1168.7780 246.2552 1.6065 0.6807 1.6279 9.3686 1.2963 13.5696 0.8409 0.1700
Cyclist -1 -1 0.0424 1058.7065 155.3874 1169.2440 245.4665 1.5894 0.7397 1.6612 9.3684 1.2816 13.5202 0.6378 0.5069
Car -1 -1 1.7668 435.4662 183.1684 513.0237 237.4738 1.5100 1.6553 3.9858 -4.2345 1.8653 22.8254 1.5847 0.9061
Car -1 -1 -1.9143 772.3171 181.6405 932.3845 283.7890 1.5002 1.5281 3.4165 4.0066 1.6756 12.6335 -1.6150 0.9045
Car -1 -1 -2.0375 865.9634 189.3058 1242.0000 375.0000 1.5258 1.6165 4.0260 3.9028 1.7317 6.9789 -1.5468 0.8879
Car -1 -1 -1.7570 736.7993 181.1806 831.0344 250.1809 1.4751 1.5455 3.7238 4.1109 1.7023 17.7675 -1.5341 0.8607
Car -1 -1 -1.7447 709.0411 179.0278 779.6296 232.4287 1.5613 1.6047 3.6704 4.2131 1.7772 23.3538 -1.5692 0.7793
Car -1 -1 1.7389 485.5137 182.0163 539.3144 224.4980 1.5353 1.5440 3.5385 -3.8517 1.9222 28.6430 1.6059 0.7776
Car -1 -1 1.6456 553.5592 177.4784 583.2838 203.2740 1.6867 1.7439 4.3689 -2.8754 2.0226 50.1637 1.5881 0.5790
Car -1 -1 -1.6984 687.0989 177.0887 723.2183 206.5983 1.5145 1.5149 3.3829 5.0926 1.7549 39.2048 -1.5707 0.5136
Car -1 -1 1.7601 504.4034 182.9561 553.4446 216.8541 1.4335 1.5773 3.8471 -3.7597 1.9330 33.6687 1.6492 0.5040
Car -1 -1 -1.6796 695.1154 177.4826 746.5135 219.9804 1.5436 1.5784 3.8694 4.2798 1.7400 28.5954 -1.5332 0.4234
Car -1 -1 0.0624 1052.8594 155.4215 1163.3086 245.5495 1.6021 0.7034 1.6816 9.3293 1.2926 13.6133 0.6528 0.1062
