Pedestrian -1 -1 -1.6670 963.7168 162.6538 1022.9273 287.8802 1.6975 0.6703 0.6390 5.3484 1.5596 10.1981 -1.1967 0.7388
Pedestrian -1 -1 -1.0065 0.0000 195.7086 51.5784 265.9533 1.7060 0.7185 1.0152 -15.0277 2.3071 18.4202 -1.6839 0.5514
Pedestrian -1 -1 -0.4817 758.7753 168.5831 788.2380 208.9910 1.7583 0.7495 1.0403 7.1824 1.5728 31.8909 -0.2626 0.4381
Pedestrian -1 -1 -3.5057 918.3360 175.4066 947.7929 234.1395 1.7052 0.5977 0.6179 9.4789 1.7820 21.2866 -3.0926 0.2911
Pedestrian -1 -1 2.0691 943.9157 155.8991 985.0098 226.8516 1.8192 0.6710 0.8069 9.2888 1.3849 19.0056 2.5171 0.1946
Pedestrian -1 -1 0.2988 749.7440 175.4436 768.0824 205.2303 1.8357 0.6865 0.9640 9.2747 1.9998 45.0889 0.4998 0.1744
Cyclist -1 -1 -0.4649 757.0902 169.8608 795.9022 208.4328 1.6768 0.7588 1.4904 7.3187 1.5471 31.9112 -0.2420 0.2301
Cyclist -1 -1 -0.8887 0.0000 194.3674 55.6270 264.4398 1.7156 0.7188 1.0695 -15.0589 2.2845 18.5295 -1.5643 0.1699
Car -1 -1 -1.5960 601.3338 180.6574 628.2124 206.6275 1.5350 1.5977 3.9209 0.2350 2.0522 45.8089 -1.5915 0.4333
Car -1 -1 1.8718 435.6610 185.1354 472.6316 207.1174 1.5365 1.6200 4.0439 -11.8244 2.5060 54.8478 1.6601 0.4183
Car -1 -1 2.1477 260.9126 193.7112 305.8539 213.1812 1.5548 1.6926 4.0930 -29.1056 3.4785 64.3801 1.7243 0.2767
