Pedestrian -1 -1 -2.0711 99.6129 162.1973 211.8539 338.9272 1.7666 0.5963 1.0459 -4.8255 1.5750 7.6963 -2.6220 0.9034
Pedestrian -1 -1 -1.8160 859.2426 162.2841 960.0186 338.3125 1.6269 0.6903 0.9479 2.9840 1.4507 7.1517 -1.4394 0.9017
Pedestrian -1 -1 -2.2797 429.7806 161.8200 498.7215 268.6128 1.8172 0.6781 1.0624 -2.4922 1.4836 12.8160 -2.4736 0.8951
Pedestrian -1 -1 -3.6286 1088.8763 144.8089 1208.1980 281.3839 1.7140 0.7489 1.0115 7.1194 1.2548 9.4536 -3.0017 0.8872
Pedestrian -1 -1 -1.8594 768.8589 171.1235 857.9728 340.7748 1.5527 0.6037 0.8335 1.9905 1.4591 6.9965 -1.5979 0.8753
Pedestrian -1 -1 0.9165 903.2533 151.5092 970.2251 266.3449 1.6649 0.5642 0.7615 5.0067 1.2314 10.8479 1.3344 0.8699
Pedestrian -1 -1 1.0002 680.9183 162.0799 730.2067 241.4031 1.7814 0.6944 1.0116 2.3801 1.3465 16.7348 1.1339 0.8448
Pedestrian -1 -1 1.7468 436.4213 171.0124 462.6494 236.3935 1.7129 0.5632 0.7749 -4.0882 1.4393 19.2144 1.5345 0.7722
Pedestrian -1 -1 2.2925 977.6760 147.6813 1049.5732 255.2803 1.6616 0.5954 0.8430 6.5582 1.1407 11.5134 2.7953 0.7498
Pedestrian -1 -1 -1.4851 421.4743 172.9306 443.3437 223.8023 1.7728 0.6824 0.9598 -6.0283 1.4752 25.5549 -1.7197 0.7204
Cyclist -1 -1 1.7037 468.6847 170.3813 499.3438 241.7952 1.7575 0.5519 1.8608 -3.0559 1.4851 18.6147 1.5379 0.6935
Cyclist -1 -1 -2.0805 96.9695 162.1820 210.1022 337.8212 1.7627 0.5925 1.0622 -4.8660 1.5702 7.7237 -2.6335 0.1307
Cyclist -1 -1 2.2532 973.7272 148.0062 1048.4644 255.8093 1.6585 0.6004 0.9190 6.5117 1.1445 11.5005 2.7534 0.1145
Cyclist -1 -1 -1.8746 764.8450 166.9108 854.7047 339.4825 1.5818 0.5981 0.8573 1.9625 1.4495 7.0240 -1.6176 0.1101
Car -1 -1 1.7480 451.7609 161.8783 522.6168 222.8272 1.9902 1.7541 4.4502 -4.0004 1.3506 25.6947 1.5899 0.8447
Car -1 -1 1.6646 482.7700 166.6737 532.6285 212.3974 1.9022 1.8114 4.5786 -4.1349 1.2864 32.2037 1.5328 0.7290
