Pedestrian -1 -1 0.7524 305.5703 148.9016 341.7321 213.1636 1.7345 0.4945 0.8047 -7.9247 1.0884 19.8506 0.3769 0.2662
Pedestrian -1 -1 1.2261 373.6120 193.2313 406.4238 279.3694 1.5741 0.4344 0.5551 -4.2319 1.9715 13.7021 0.9311 0.1655
Pedestrian -1 -1 0.8172 461.4216 166.8573 491.2496 218.0932 1.8006 0.6476 0.8465 -4.8360 1.5902 25.8659 0.6337 0.1151
Pedestrian -1 -1 1.9000 1108.0475 84.7075 1171.6716 188.1226 1.8383 0.6106 1.1992 9.8101 0.2718 13.4205 2.5213 0.1107
Pedestrian -1 -1 -2.8947 707.8632 171.9193 732.2751 210.8127 1.8432 0.7443 1.0120 5.2624 1.7993 34.7305 -2.7462 0.1088
Cyclist -1 -1 2.2155 1125.5266 227.8522 1242.0000 375.0000 1.6916 0.6487 1.6758 6.4326 2.3207 7.7233 2.8896 0.1514
Cyclist -1 -1 1.6088 1120.0797 78.6576 1160.7560 184.4536 1.8676 0.5746 1.4806 9.8828 0.2051 13.4955 2.2312 0.1512
Car -1 -1 -1.8949 735.0548 191.9030 952.5331 321.7223 1.4181 1.6194 4.4313 3.1183 1.7631 10.7951 -1.6222 0.9167
Car -1 -1 -1.6997 645.4370 167.8718 709.9012 229.9278 2.1582 1.8107 4.8171 2.4339 1.9853 27.5364 -1.6132 0.8873
Car -1 -1 0.2980 424.9776 177.7058 485.0623 202.7365 1.5297 1.5287 3.3939 -9.7488 1.8412 45.3538 0.0871 0.4459
Car -1 -1 -1.9231 429.3281 172.3247 481.9260 201.9301 1.5532 1.6143 3.8419 -8.6176 1.5258 39.9069 -2.1347 0.1499
Car -1 -1 -1.2084 400.3924 153.4071 459.3109 188.3258 1.5768 1.5539 3.5884 -8.5728 0.6990 34.4541 -1.4507 0.1307
Car -1 -1 -3.4220 852.8507 184.2481 988.5540 232.7195 1.4939 1.6030 3.7982 10.0781 1.8850 23.7287 -3.0255 0.1066
