Pedestrian -1 -1 0.6919 831.2375 152.9790 874.9142 197.9960 1.7069 0.6308 1.5707 9.5332 0.4857 28.0871 1.0157 0.1165
Cyclist -1 -1 0.6919 831.2375 152.9790 874.9142 197.9960 1.7069 0.6308 1.5707 9.5332 0.4857 28.0871 1.0157 0.2597
Car -1 -1 -1.2923 220.7340 194.5102 341.5726 268.2851 1.5222 1.5995 3.9868 -7.7951 1.7758 17.4370 -1.7074 0.9542
Car -1 -1 -1.1626 82.0755 201.4654 225.1781 267.1104 1.4373 1.6242 4.2231 -11.8517 1.9186 19.0330 -1.7137 0.9406
Car -1 -1 -1.4878 684.3834 179.5613 745.9458 233.4776 1.5910 1.6741 3.6243 3.4872 1.4253 23.1637 -1.3407 0.8899
Car -1 -1 -1.2007 209.2794 193.5907 278.5347 228.2418 1.5633 1.6250 4.2634 -17.9922 2.0059 35.6895 -1.6651 0.7829
Car -1 -1 -1.0194 0.0000 199.8577 168.7451 376.0000 1.5798 1.6606 4.1262 -6.8070 1.7881 8.0134 -1.7074 0.7564
Car -1 -1 -1.2123 313.6372 191.0967 370.4416 220.3131 1.4712 1.5957 3.9591 -14.3610 1.8075 38.9793 -1.5635 0.5754
Car -1 -1 -1.4257 770.8612 178.9468 802.6467 200.6968 1.4816 1.6323 4.0655 12.7534 1.0557 51.1539 -1.1831 0.5317
Car -1 -1 1.3507 291.9221 189.1385 327.9413 210.6923 1.5199 1.6269 4.0958 -22.2609 1.8253 53.6108 0.9584 0.2940
Car -1 -1 -1.6000 444.7970 183.2481 465.9243 202.2644 1.5171 1.5930 3.8672 -12.6342 1.3612 59.4121 -1.8090 0.2863
Car -1 -1 1.8928 35.0465 201.6734 139.9607 255.2213 1.4355 1.5546 3.6650 -16.1578 1.9963 22.4633 1.2745 0.2758
