Car -1 -1 -1.2980 310.1612 176.6630 489.6546 297.0297 1.6391 1.7078 4.2249 -3.2326 1.5238 11.9087 -1.5578 0.9397
Car -1 -1 -1.4804 462.7002 179.9254 518.1494 225.1739 1.4944 1.6204 3.6695 -4.1500 1.3208 25.6235 -1.6397 0.9084
Car -1 -1 -1.2197 233.0540 186.4735 352.9260 248.4701 1.4574 1.6358 3.8709 -8.1795 1.4951 18.9496 -1.6224 0.8836
Car -1 -1 -1.5788 561.5764 177.0288 606.8143 220.2777 1.6019 1.6770 3.6134 -0.9891 1.2998 28.4622 -1.6137 0.8715
Car -1 -1 -1.0211 41.7697 185.0625 207.4828 245.2649 1.4387 1.6428 4.3469 -12.8134 1.4362 19.3714 -1.5993 0.8410
Car -1 -1 -0.8355 0.0000 182.5244 157.2366 348.6017 1.5820 1.6189 3.8905 -7.6572 1.5575 8.8165 -1.5356 0.7072
Car -1 -1 1.6281 512.2865 157.6177 544.9119 189.6683 1.6243 1.5345 3.2637 -4.1876 0.2268 38.0963 1.5192 0.5872
Car -1 -1 -1.0512 211.6622 184.4205 311.1484 228.4561 1.4868 1.5853 3.7860 -12.5455 1.4610 26.2151 -1.4939 0.4077
Car -1 -1 -1.2852 380.0074 175.2299 442.5710 212.0980 1.5028 1.5920 3.8624 -8.4930 1.0969 31.2462 -1.5487 0.3191
Car -1 -1 -1.4826 429.2670 180.6045 466.5768 210.0840 1.4906 1.5961 4.0278 -8.5241 1.2586 38.4446 -1.6997 0.3021
