Pedestrian -1 -1 -2.1746 241.9687 165.7034 295.2166 256.6054 1.6900 0.6557 0.6805 -6.6099 1.5575 13.8668 -2.6124 0.6292
Pedestrian -1 -1 1.2028 201.7051 120.9741 246.9203 198.1512 1.8558 0.6955 0.9569 -9.6331 0.6087 17.9242 0.7158 0.2449
Pedestrian -1 -1 -1.6934 47.5392 120.4505 99.4552 227.4387 1.8495 0.6704 0.7151 -9.6919 0.9440 12.9605 -2.3258 0.2186
Cyclist -1 -1 1.8937 207.1793 119.6399 250.2984 195.3203 1.8359 0.6799 0.9625 -9.5616 0.5454 18.0301 1.4121 0.1009
Car -1 -1 3.6393 0.0000 145.4868 298.1859 345.9250 1.8602 1.7511 4.1618 -5.8817 1.6065 7.8322 3.0112 0.8418
Car -1 -1 -2.7969 330.7048 173.9965 455.2480 224.0460 1.5309 1.5771 3.4720 -6.9026 1.5691 22.9923 -3.0858 0.8396
Car -1 -1 1.3213 711.4175 181.7767 853.9208 276.2885 1.4667 1.6112 3.9049 3.0019 1.6592 13.5497 1.5337 0.7605
Car -1 -1 -1.5159 640.9684 176.2041 672.2524 204.4529 1.5267 1.5836 4.1226 2.6981 1.7304 41.6416 -1.4522 0.5016
Car -1 -1 0.3593 365.2065 174.5586 492.5823 219.5855 1.5401 1.6397 4.1055 -6.4715 1.6039 25.8078 0.1156 0.2970
Car -1 -1 1.3549 481.5485 174.0513 531.8323 207.2253 1.4867 1.5728 3.9311 -5.0479 1.5480 34.6023 1.2107 0.2391
Car -1 -1 0.0626 478.0440 176.6969 544.2933 203.3611 1.5385 1.5922 3.8046 -5.8579 1.7719 42.8303 -0.0729 0.2387
Car -1 -1 -2.7428 391.1373 177.1614 500.7035 217.5259 1.4878 1.5835 3.8240 -6.3645 1.6616 27.9452 -2.9651 0.2164
