Pedestrian -1 -1 0.9019 900.5941 147.4424 995.9072 296.5686 1.7981 0.7137 0.8531 4.3547 1.3888 9.1582 1.3292 0.8391
Pedestrian -1 -1 1.7749 510.6425 171.9758 538.0340 229.3936 1.8563 0.7085 1.0534 -2.5681 1.5495 23.7786 1.6632 0.7821
Pedestrian -1 -1 -2.0690 19.3686 181.6616 140.6887 368.7716 1.6944 0.6783 0.7547 -5.1010 1.6974 6.9730 -2.6890 0.6262
Pedestrian -1 -1 -1.1959 656.7169 171.2857 685.1516 224.7276 1.8185 0.6900 0.9533 2.4031 1.4720 25.0210 -1.1064 0.5927
Pedestrian -1 -1 -1.7575 588.4269 175.1139 603.6020 207.4079 1.8298 0.6884 1.0212 -0.3157 1.4688 41.2682 -1.7702 0.5240
Pedestrian -1 -1 -1.7105 638.2705 171.4592 660.7148 225.5406 1.8347 0.6365 0.9903 1.6342 1.4952 24.8861 -1.6509 0.5082
Pedestrian -1 -1 -2.2461 863.7610 174.6205 924.5652 267.5909 1.7373 0.6801 0.8923 5.6318 1.6100 13.9480 -1.8743 0.3334
Cyclist -1 -1 0.7185 970.2975 166.6754 1135.5232 295.1504 1.6547 0.8288 1.9137 6.3331 1.4651 10.2878 1.2535 0.2713
Cyclist -1 -1 -1.5708 645.5731 173.0646 665.8231 226.3684 1.8050 0.6844 1.0342 1.8498 1.5204 24.8608 -1.5026 0.1055
Car -1 -1 2.1581 0.0000 193.4765 420.4489 374.0000 1.4576 1.6394 4.1491 -2.9176 1.5838 5.3370 1.6714 0.9062
Car -1 -1 1.7319 610.6346 178.6786 634.2850 195.1860 1.5484 1.6677 4.1441 2.1088 1.2841 69.5700 1.7570 0.3332
