Car -1 -1 -1.7237 507.3478 185.0010 566.5498 229.2668 1.4638 1.6203 3.9133 -2.8572 1.9559 27.1074 -1.8284 0.9160
Car -1 -1 -1.9312 611.2292 192.2446 784.3980 300.4558 1.4117 1.5605 3.9244 1.2371 1.7980 12.2599 -1.8345 0.8814
Car -1 -1 1.7909 32.2990 205.9518 225.5006 339.6327 1.4808 1.5837 3.9146 -7.2028 2.0892 11.1439 1.2276 0.8742
Car -1 -1 1.9701 0.0000 219.4442 144.9324 375.0000 1.4602 1.6272 4.0013 -5.7672 2.0164 6.4512 1.2609 0.7961
Car -1 -1 -2.8836 696.1044 170.6456 804.3140 214.6662 1.6129 1.6341 3.8346 5.3916 1.5323 27.9977 -2.6959 0.7847
Car -1 -1 -1.6698 496.7318 182.6825 541.7848 220.8822 1.5583 1.6133 4.1913 -4.2231 2.0358 32.7991 -1.7974 0.7619
Car -1 -1 -2.3120 823.4348 102.5876 1242.0000 375.0000 1.7990 1.6017 3.9194 3.1699 1.5043 5.1114 -1.7833 0.7443
Car -1 -1 1.6494 328.6389 187.9295 367.7485 221.6539 1.6871 1.7292 4.0979 -14.5873 2.5749 40.2675 1.3036 0.6046
Car -1 -1 -0.1215 687.6841 176.2958 780.2482 211.7940 1.4722 1.5874 3.7440 5.2237 1.6245 30.9659 0.0435 0.3710
Car -1 -1 -2.8586 627.7045 178.8012 717.0065 212.5773 1.5168 1.6016 3.9491 2.9339 1.8124 34.3679 -2.7748 0.3109
