Pedestrian -1 -1 0.7977 590.5833 176.2192 609.4824 209.8130 1.8066 0.5758 0.8877 -0.5818 1.9933 39.4213 0.7825 0.6738
Pedestrian -1 -1 1.0834 417.1233 145.5786 446.3185 201.6957 1.8771 0.6919 0.7623 -6.1366 0.9651 24.6477 0.8416 0.2421
Pedestrian -1 -1 0.9848 669.5876 96.0669 717.8235 185.7263 1.8811 0.6240 0.9399 1.7618 0.2704 15.6958 1.0945 0.1887
Cyclist -1 -1 1.0498 669.9707 95.6794 718.2633 185.6488 1.8800 0.6391 0.9696 1.7635 0.2677 15.6468 1.1599 0.1045
Car -1 -1 1.0639 803.9442 135.6825 1206.8403 372.9901 1.8355 1.7175 4.3139 3.6415 1.5483 7.8005 1.4852 0.9391
Car -1 -1 1.9457 121.1489 198.3507 402.9860 367.5891 1.4831 1.6422 4.1817 -4.0180 1.8790 9.0741 1.5387 0.9205
Car -1 -1 1.7785 387.4309 194.5816 489.5135 267.1548 1.4215 1.5816 3.9200 -4.0196 2.0019 17.2858 1.5525 0.8807
Car -1 -1 1.7542 443.7682 182.1561 517.7099 239.1582 1.6461 1.6437 4.1182 -4.1644 1.9771 23.5759 1.5806 0.8487
Car -1 -1 -1.3165 537.7008 179.8676 574.3329 204.1337 1.6558 1.6831 4.1320 -3.9213 2.1895 52.6783 -1.3909 0.5603
Car -1 -1 -1.5394 604.6132 179.1112 635.3369 207.9289 1.4627 1.5632 3.9014 0.5506 1.8225 39.4653 -1.5261 0.3537
