Pedestrian -1 -1 -3.7198 1170.2043 143.8567 1242.0000 295.0012 1.7593 0.5763 0.7159 7.2946 1.4221 8.7187 -3.0400 0.2938
Car -1 -1 -1.9175 753.1364 184.3111 1025.5685 361.1574 1.5647 1.6325 3.9250 2.9209 1.7336 8.6264 -1.6028 0.9186
Car -1 -1 -1.7549 673.4935 182.6141 753.2585 239.3658 1.4278 1.5757 3.7273 2.8192 1.7340 20.7063 -1.6223 0.8991
Car -1 -1 -2.5682 51.4778 164.1066 363.3290 281.1745 1.7094 1.7204 4.0975 -6.3516 1.5821 11.5546 -3.0615 0.8455
Car -1 -1 -2.8554 351.3110 166.6271 491.8777 220.2521 1.7317 1.7284 4.2530 -6.2967 1.5310 24.2343 -3.1074 0.8328
Car -1 -1 0.4007 281.4483 177.9764 455.3094 237.8594 1.5041 1.6329 4.0924 -6.4246 1.6483 19.2712 0.0825 0.8181
Car -1 -1 -1.6546 652.0732 175.1565 696.9427 213.8866 1.5810 1.6276 3.7502 2.7220 1.6880 31.5496 -1.5699 0.7829
Car -1 -1 -2.3869 929.2388 196.2685 1242.0000 375.0000 1.5248 1.5918 3.8693 3.0471 1.6878 3.0214 -1.6459 0.6466
Car -1 -1 -2.3307 0.0000 151.4172 173.4577 347.3248 1.6151 1.6527 3.8425 -6.6227 1.4387 6.8948 -3.0767 0.5382
Car -1 -1 0.7659 0.0000 176.5161 299.6330 316.2938 1.5233 1.6185 3.7914 -6.1576 1.5754 9.0594 0.1822 0.5367
Car -1 -1 -2.5471 134.3663 179.4271 365.3700 263.0375 1.5026 1.6051 3.8335 -7.0529 1.6420 14.1942 -3.0012 0.3563
Car -1 -1 3.1696 417.9198 178.4402 513.9536 215.3870 1.5397 1.6262 4.0154 -6.2939 1.7932 31.5475 2.9738 0.3323
Car -1 -1 -1.5814 644.0666 175.3967 670.1848 201.2702 1.6022 1.6291 3.7425 3.0106 1.7748 46.9642 -1.5183 0.2872
