Pedestrian -1 -1 2.3623 466.8100 165.9500 520.6072 240.2457 1.9058 0.8390 1.1630 -2.9953 1.5341 18.8485 2.2090 0.7950
Pedestrian -1 -1 2.4442 430.0868 169.0269 454.7428 211.9193 1.8180 0.6454 0.8113 -7.0290 1.3332 30.4818 2.2215 0.4213
Pedestrian -1 -1 -1.8676 235.8160 193.1452 274.2246 268.2219 1.7288 0.6447 0.7214 -8.4189 2.0418 16.9233 -2.3205 0.3462
Pedestrian -1 -1 -1.4732 421.0587 179.7927 436.6024 216.9947 1.8264 0.6950 0.5639 -8.7423 1.7932 35.0365 -1.7141 0.2672
Pedestrian -1 -1 -1.4816 429.4444 166.3999 442.7816 200.2887 1.7367 0.6150 0.6494 -8.7516 1.0155 36.5940 -1.7126 0.1748
Pedestrian -1 -1 1.8507 515.8390 169.4578 527.1337 189.7892 1.7586 0.5479 1.6480 -7.2987 0.8047 62.0096 1.7359 0.1204
Cyclist -1 -1 2.3632 462.9832 165.8655 517.5141 240.5284 1.9026 0.7757 1.2390 -3.0682 1.5313 18.7413 2.2053 0.2800
Cyclist -1 -1 1.8410 514.9858 169.4299 526.0973 189.8400 1.7653 0.5463 1.6453 -7.3811 0.8090 62.0050 1.7248 0.2442
Cyclist -1 -1 1.2359 779.4539 128.0523 852.4103 246.0323 1.7386 0.5600 1.7289 3.2811 0.9673 11.2932 1.5134 0.1878
Car -1 -1 -1.6203 566.7002 163.3939 606.5414 208.3149 2.1054 1.7710 4.4511 -0.9959 1.3051 35.4205 -1.6465 0.4896
Car -1 -1 1.4644 554.1371 172.0291 590.3311 201.6526 1.5941 1.6260 4.1120 -1.9202 1.1397 40.1980 1.4188 0.4807
