Pedestrian -1 -1 -0.4214 1170.3334 139.4822 1242.0000 356.5475 1.7667 0.6257 0.6334 5.3265 1.4955 6.2538 0.2605 0.6103
Pedestrian -1 -1 -1.7053 698.1633 163.9092 716.2944 205.2072 1.8593 0.6962 0.9534 4.3960 1.4569 32.9593 -1.5744 0.5367
Pedestrian -1 -1 1.5053 514.3846 171.4676 536.7479 228.7027 1.8307 0.6167 1.8378 -2.8712 1.7867 24.0354 1.3870 0.1446
Pedestrian -1 -1 1.1233 531.1289 173.1185 555.1531 208.1174 1.8041 0.6257 1.6078 -3.5717 1.8187 38.0532 1.0298 0.1212
Cyclist -1 -1 1.6515 492.2965 174.6008 516.2454 233.2448 1.8172 0.6175 1.9170 -3.4572 1.8766 23.3904 1.5057 0.7769
Cyclist -1 -1 1.6340 536.0687 173.1131 549.7507 208.9044 1.8411 0.6068 1.8221 -3.5657 1.8554 38.0455 1.5406 0.7122
Cyclist -1 -1 1.5053 514.3846 171.4676 536.7479 228.7027 1.8307 0.6167 1.8378 -2.8712 1.7867 24.0354 1.3870 0.4584
Cyclist -1 -1 -2.3364 920.5950 152.9651 1017.5058 261.8578 1.6594 0.3596 1.6556 5.7890 1.3567 11.8348 -1.8919 0.3295
Car -1 -1 1.9652 184.7095 182.0743 395.2608 304.5600 1.6108 1.6593 4.0194 -4.9942 1.7877 11.7998 1.5722 0.9230
Car -1 -1 -1.8687 742.8464 174.3001 994.8064 351.9807 1.5828 1.5740 3.6104 2.5959 1.6034 8.2634 -1.5758 0.9144
Car -1 -1 1.7156 440.6794 181.0879 500.9047 225.7408 1.5272 1.6591 4.2627 -5.2856 1.8677 27.6389 1.5278 0.7774
Car -1 -1 -1.5497 640.7794 176.5005 666.1097 199.8928 1.4894 1.6251 3.7961 2.9225 1.7448 48.5048 -1.4903 0.5182
