Pedestrian -1 -1 0.8776 1094.4601 144.8368 1242.0000 375.0000 1.7711 0.6832 0.7390 4.1802 1.5761 5.4174 1.5079 0.5974
Pedestrian -1 -1 -1.2437 323.8592 160.5149 375.7676 260.2223 1.6867 0.6700 0.6641 -4.5630 1.4783 12.5401 -1.5865 0.5418
Pedestrian -1 -1 0.4004 904.6456 142.9003 988.3237 280.8146 1.8137 0.7063 0.8529 4.6249 1.4201 10.0387 0.8203 0.4743
Pedestrian -1 -1 -1.1908 363.4653 172.7147 407.1385 258.7057 1.7410 0.6676 0.6591 -4.7016 1.7386 14.9612 -1.4909 0.3657
Pedestrian -1 -1 -0.1063 629.8942 174.9500 642.6994 200.7587 1.7908 0.5155 0.8431 1.8058 1.9384 50.3976 -0.0712 0.3492
Car -1 -1 -1.2882 264.2342 181.6937 496.8138 339.3459 1.5359 1.6558 4.2031 -2.6980 1.6769 9.3717 -1.5621 0.9256
Car -1 -1 -1.7152 660.6553 179.5630 730.0464 229.8441 1.4186 1.5918 4.0614 2.5742 1.6516 22.9604 -1.6057 0.9147
Car -1 -1 -1.9103 749.3828 188.0122 1077.7142 375.0000 1.4313 1.5817 3.7886 2.4968 1.6205 7.0822 -1.5857 0.8880
Car -1 -1 -1.6127 536.6885 177.1163 573.5259 211.7702 1.6294 1.6765 4.3569 -2.8857 1.8602 36.7444 -1.6911 0.8402
Car -1 -1 -1.1585 0.0000 185.4432 387.4864 375.0000 1.4743 1.5701 4.1789 -2.6737 1.5905 4.4797 -1.6719 0.7417
Car -1 -1 -1.7871 638.6202 176.3975 689.7683 212.5167 1.6548 1.6665 4.0647 2.5694 1.8405 35.6052 -1.7162 0.7085
Car -1 -1 -1.3642 375.9028 184.4732 499.2436 271.9807 1.4450 1.5921 3.9031 -3.3246 1.7089 14.3983 -1.5879 0.4691
Car -1 -1 -2.2813 0.0000 0.0000 1242.0000 375.0000 1.5232 1.5714 3.7566 2.2818 1.5436 1.8721 -1.4721 0.4439
