Pedestrian -1 -1 2.5664 497.6796 179.4916 511.9639 203.6778 1.8267 0.5040 0.9641 -8.0832 2.3403 55.2789 2.4214 0.4182
Cyclist -1 -1 2.5759 497.8370 179.3666 512.6449 203.5441 1.8255 0.5152 1.0031 -8.0513 2.3296 55.2813 2.4315 0.1075
Car -1 -1 -1.8817 744.7097 183.3673 980.4993 329.1278 1.4850 1.6144 4.3659 3.0470 1.6612 9.8650 -1.5918 0.9257
Car -1 -1 1.8179 361.3417 190.9928 488.5154 282.1151 1.5337 1.5892 3.9768 -3.7060 1.9596 14.9293 1.5778 0.9147
Car -1 -1 -1.7526 709.6779 181.6496 818.7957 266.1095 1.5364 1.5727 3.7001 3.0948 1.7468 15.3690 -1.5586 0.8835
Car -1 -1 1.8757 216.9037 197.1464 416.2561 341.5030 1.5495 1.5383 3.5604 -3.9415 1.9539 10.1762 1.5139 0.8578
Car -1 -1 2.1905 0.0000 214.6171 329.8792 375.0000 1.4434 1.5457 3.7911 -3.5698 1.8471 5.0488 1.5989 0.8033
Car -1 -1 -1.8820 635.9185 182.7067 688.0129 214.7116 1.4999 1.6121 3.6440 2.5696 2.0321 36.9821 -1.8138 0.7532
Car -1 -1 -2.1804 851.1934 201.3341 1242.0000 375.0000 1.4688 1.5730 3.8603 2.7679 1.7036 3.9798 -1.6081 0.7294
Car -1 -1 2.4865 552.4716 182.9890 596.6754 200.3818 1.5110 1.6121 3.9140 -3.2767 2.4755 66.7542 2.4371 0.4924
Car -1 -1 -1.6505 596.0024 183.7406 621.9651 206.2822 1.4948 1.5548 3.7798 -0.1338 2.3043 51.6740 -1.6537 0.4699
Car -1 -1 -3.0828 730.4523 179.1984 827.0926 219.8604 1.5460 1.5886 3.7028 6.7779 1.8137 29.1137 -2.8569 0.3240
Car -1 -1 -0.4003 957.2205 159.7283 1121.8390 214.7658 1.6216 1.6682 4.0489 13.1286 1.2352 22.3357 0.1250 0.3137
