Car -1 -1 -1.1128 93.4184 164.3427 232.1879 238.2215 2.0500 1.7442 4.6815 -13.6463 1.4719 22.3496 -1.6559 0.9471
Car -1 -1 -1.4436 386.1389 179.6633 480.7806 252.8127 1.5252 1.6784 3.7873 -4.0288 1.4106 16.9547 -1.6737 0.9372
Car -1 -1 -1.4021 337.1517 182.5654 394.5406 219.5165 1.4669 1.6415 4.1353 -10.2824 1.3628 30.7019 -1.7230 0.9147
Car -1 -1 -1.6053 528.7735 175.8730 582.2615 227.2319 1.6118 1.6746 3.6117 -1.8807 1.3198 24.4440 -1.6816 0.9131
Car -1 -1 -1.2713 245.9113 186.0565 351.2559 239.8510 1.4341 1.6407 4.3971 -9.1252 1.4631 21.4993 -1.6685 0.8886
Car -1 -1 -1.0288 0.0000 191.9789 185.1550 323.5523 1.4505 1.6264 4.2506 -8.0139 1.5697 10.3460 -1.6754 0.8107
Car -1 -1 -1.4680 319.0719 181.0539 353.4516 206.5700 1.4836 1.5745 3.8061 -16.5329 1.2427 43.8330 -1.8270 0.3516
Car -1 -1 0.1051 396.8087 164.1736 461.6263 189.6134 1.5296 1.6084 3.7258 -10.9739 0.2656 44.2698 -0.1367 0.3065
Car -1 -1 -1.4632 462.2072 168.0690 503.4660 204.9432 1.9625 1.8194 4.4783 -7.0092 1.0511 40.5472 -1.6337 0.3061
Car -1 -1 2.2377 235.1082 177.0324 322.9074 211.2189 1.4758 1.5740 3.9387 -15.0812 1.1237 33.1291 1.8133 0.2982
Car -1 -1 1.5561 518.2231 177.7679 538.5323 196.6245 1.5006 1.6010 3.9798 -6.5858 0.9090 59.2761 1.4455 0.2880
