Car -1 -1 -1.8769 679.7662 186.4072 780.7074 252.5173 1.4246 1.5025 3.4107 2.8552 1.7985 18.0835 -1.7238 0.8926
Car -1 -1 -1.7296 644.8691 181.6764 703.7140 224.7742 1.4843 1.6015 4.1414 2.3566 1.8511 27.8426 -1.6468 0.8700
Car -1 -1 -2.4509 0.0000 191.2261 262.1506 327.2401 1.5332 1.6510 3.9585 -6.9231 1.7959 9.3437 -3.0752 0.8322
Car -1 -1 -2.6501 156.5477 190.6572 399.2871 274.5524 1.4843 1.6317 4.0295 -6.4395 1.8567 14.1232 -3.0714 0.8204
Car -1 -1 -2.7775 307.5994 186.9017 457.0370 242.2352 1.5036 1.6310 3.8202 -6.6059 1.9312 21.0108 -3.0791 0.8021
Car -1 -1 -2.3303 0.0000 192.6866 161.7015 375.0000 1.5462 1.6362 3.8737 -6.8135 1.7640 6.9812 -3.0845 0.7317
Car -1 -1 0.3791 353.4344 182.8179 478.5857 227.3698 1.5066 1.6246 4.0257 -6.9615 1.8792 25.9099 0.1187 0.6119
Car -1 -1 0.5661 273.6471 188.9075 437.8292 249.2466 1.4264 1.5783 3.8061 -6.6706 1.8740 18.8973 0.2306 0.6050
Car -1 -1 3.4018 327.3670 186.2441 464.7349 235.9492 1.5185 1.6410 3.9778 -6.8952 1.9688 23.3761 3.1175 0.5729
Car -1 -1 -1.6114 644.2178 180.1328 677.3002 210.6365 1.5059 1.5868 4.2328 2.6427 1.9189 38.7732 -1.5444 0.5638
Car -1 -1 0.4145 223.5332 186.9220 422.4495 255.6159 1.4529 1.5832 3.9217 -6.5136 1.7919 16.4918 0.0432 0.5420
Car -1 -1 3.2579 417.2725 188.2626 516.3645 224.3484 1.4839 1.6143 4.0770 -6.2169 2.1767 31.4547 3.0637 0.3481
