Pedestrian -1 -1 -1.4883 402.6751 176.1063 436.5115 250.2915 1.7180 0.7096 0.9170 -4.5941 1.7985 17.2652 -1.7453 0.8387
Cyclist -1 -1 1.1918 714.3844 155.4050 735.2441 190.7104 1.7479 0.5188 1.5037 5.7627 0.8844 36.5096 1.3469 0.2621
Car -1 -1 1.8923 190.3668 185.6415 432.0620 331.1578 1.5312 1.7499 4.3430 -3.9010 1.7510 10.1788 1.5341 0.9438
Car -1 -1 -1.6491 663.5919 175.9635 737.5370 237.9130 1.4952 1.6545 3.8367 2.3071 1.5882 19.5550 -1.5342 0.8857
Car -1 -1 -1.8583 730.7905 180.4531 938.0842 322.5938 1.4231 1.4969 3.3592 2.5387 1.5372 9.1003 -1.5958 0.8784
Car -1 -1 0.2546 366.4429 173.1509 491.0594 221.9567 1.7536 1.7352 4.1909 -6.7094 1.7653 26.8237 0.0113 0.7815
Car -1 -1 1.6439 538.8663 175.0425 560.7441 193.2057 1.5447 1.6389 4.0867 -5.3214 1.7451 63.9072 1.5608 0.3948
Car -1 -1 -1.6734 628.5989 169.9467 673.1539 211.4591 1.8917 1.7184 4.2191 1.8824 1.7596 35.0279 -1.6207 0.2468
Car -1 -1 -1.7969 641.5075 150.8176 713.4283 201.6841 1.6404 1.6169 4.0988 2.2362 0.9301 25.4082 -1.7105 0.1948
Car -1 -1 0.5306 0.0000 0.0000 1242.0000 375.0000 1.4762 1.6092 3.8426 3.0946 1.3830 1.4384 1.5907 0.1662
