Pedestrian -1 -1 -3.3914 768.1605 182.1270 838.2496 256.4984 1.6312 0.4382 1.4467 4.2509 1.8414 16.0993 -3.1388 0.1908
Cyclist -1 -1 -1.8398 783.8616 182.4357 824.1187 261.6862 1.6508 0.4215 1.6708 4.2477 1.8758 16.0689 -1.5869 0.7470
Car -1 -1 -1.7260 664.5717 180.0553 748.4509 250.4903 1.6823 1.6604 3.6580 2.4514 1.8955 19.4653 -1.6035 0.9326
Car -1 -1 1.7150 464.5093 189.5301 543.3444 256.5758 1.5307 1.5688 3.4972 -2.7597 2.0128 19.0909 1.5724 0.8951
Car -1 -1 1.1168 829.5563 192.2067 1242.0000 375.0000 1.5030 1.5393 3.5083 2.7842 1.6886 5.1354 1.5885 0.8383
Car -1 -1 -1.7042 643.1482 180.5093 697.4110 225.0363 1.6372 1.6406 4.1432 2.3357 1.9716 29.3679 -1.6264 0.7825
Car -1 -1 2.0619 0.0000 196.9646 396.2782 375.0000 1.4699 1.5602 3.9515 -2.7204 1.6885 4.5326 1.5457 0.7681
Car -1 -1 1.6777 536.9777 187.8168 573.0287 217.3705 1.6055 1.7268 4.2435 -3.2981 2.5529 43.5166 1.6019 0.6615
Car -1 -1 -1.7549 633.2956 177.6411 672.8354 208.3915 1.7379 1.6482 4.1005 2.5152 2.0416 43.5809 -1.6982 0.5838
Car -1 -1 -1.6486 657.3953 186.3439 712.9181 238.9735 1.5555 1.5413 3.6026 2.3924 2.0398 24.0691 -1.5516 0.5500
