Pedestrian -1 -1 2.0910 737.2651 178.4768 766.5706 245.4927 1.5830 0.4214 0.6728 3.3957 1.7228 17.4996 2.2786 0.1988
Pedestrian -1 -1 -2.5562 271.4164 166.6516 322.3886 253.8106 1.7618 0.6426 0.7375 -6.5364 1.6368 14.9639 -2.9620 0.1704
Pedestrian -1 -1 -2.0086 781.8488 128.3051 808.0252 182.1840 1.8845 0.7002 0.6236 6.5156 0.3267 25.6075 -1.7622 0.1667
Pedestrian -1 -1 -1.3194 196.7317 120.2952 242.0231 213.8753 1.8864 0.7010 0.5720 -8.1092 0.8273 14.9033 -1.8103 0.1608
Pedestrian -1 -1 2.5975 835.0767 153.8251 927.9216 297.4598 1.7883 0.5688 0.9736 3.4560 1.5517 9.3567 2.9401 0.1605
Pedestrian -1 -1 -2.4951 294.6343 175.4265 332.4765 239.8887 1.7460 0.5350 0.8082 -8.2337 1.8187 19.9317 -2.8826 0.1512
Cyclist -1 -1 -1.2177 434.3132 164.2416 459.1730 208.2729 1.6526 0.3832 1.6747 -6.3497 1.3297 27.9331 -1.4395 0.1867
Car -1 -1 1.9083 275.2224 173.1117 457.3787 296.7982 1.7738 1.6659 4.0178 -3.9869 1.7793 12.3873 1.6023 0.9297
Car -1 -1 2.1931 0.0000 211.0215 325.5195 375.0000 1.4344 1.5797 4.1060 -3.5557 1.7968 4.7805 1.5793 0.7535
Car -1 -1 1.7851 494.2939 173.6188 552.1681 212.1344 1.4612 1.5714 3.7769 -3.5057 1.4948 29.4030 1.6670 0.7035
Car -1 -1 1.7120 517.8606 168.8566 560.8578 201.7189 1.5349 1.5845 3.8833 -3.4740 1.3485 35.6724 1.6152 0.3709
Car -1 -1 -1.6037 555.0089 166.9181 577.5667 187.5742 1.5330 1.6011 3.8734 -3.4205 1.0928 55.5513 -1.6652 0.2780
