Pedestrian -1 -1 0.3156 818.5968 153.3021 893.4094 277.7852 1.8017 0.7076 0.9098 3.6972 1.5191 10.9946 0.6310 0.2340
Pedestrian -1 -1 -0.2453 259.6264 151.5237 294.7036 219.4807 1.7816 0.5631 0.7415 -8.9820 1.2228 19.3654 -0.6746 0.1624
Pedestrian -1 -1 -2.7475 737.6205 140.8374 800.6176 255.4330 1.8123 0.6133 0.8468 2.5730 1.3063 11.9006 -2.5405 0.1397
Pedestrian -1 -1 0.0458 395.9561 169.5984 414.7403 211.1288 1.7935 0.6285 0.7623 -8.9850 1.6533 31.5504 -0.2298 0.1394
Pedestrian -1 -1 -0.2533 710.8009 171.1196 738.5378 219.3422 1.7355 0.5381 0.8898 4.1283 1.6734 26.2766 -0.0998 0.1377
Pedestrian -1 -1 -2.2172 175.7045 148.4310 224.0301 238.7591 1.7234 0.5391 0.6549 -8.0874 1.2578 14.1420 -2.7288 0.1168
Pedestrian -1 -1 -0.7464 316.8007 185.7020 343.8033 230.6456 1.7219 0.5938 0.8015 -11.0530 2.2370 28.4120 -1.1147 0.1120
Car -1 -1 1.7582 370.0605 185.6810 482.8775 269.1654 1.4929 1.6176 3.9246 -3.8416 1.8048 15.5174 1.5186 0.9196
Car -1 -1 1.7261 440.9853 175.2036 519.3210 236.9575 1.6570 1.6738 4.1422 -3.8216 1.7346 21.6032 1.5524 0.8835
Car -1 -1 1.7673 522.4529 176.3161 566.5018 206.7458 1.5482 1.6233 4.0851 -3.5461 1.7473 39.3060 1.6775 0.5817
Car -1 -1 -2.1192 915.8793 207.4327 1242.0000 375.0000 1.4290 1.5945 4.0993 3.8970 1.7949 5.5463 -1.5327 0.1302
