Car -1 -1 -1.8941 721.8005 158.8667 960.4197 325.9905 1.7767 1.6760 4.2528 2.7561 1.6284 9.8404 -1.6300 0.9419
Car -1 -1 -2.4748 0.0000 190.2283 307.3072 311.7026 1.3843 1.5749 3.9638 -6.3216 1.6357 9.4584 -3.0513 0.8319
Car -1 -1 -1.7140 674.3406 174.1209 751.6647 235.8355 1.6024 1.6208 3.9515 2.8168 1.6427 20.7978 -1.5821 0.8116
Car -1 -1 -2.6061 67.3386 181.3900 347.1152 279.0924 1.4901 1.6085 3.7958 -6.6321 1.6433 12.0363 -3.1009 0.7900
Car -1 -1 -1.8046 695.4200 179.9142 807.7616 262.3673 1.5039 1.5124 3.4888 2.8097 1.6709 15.2470 -1.6268 0.7823
Car -1 -1 -1.6534 648.5851 175.5350 690.8075 211.2410 1.5210 1.5987 3.7240 2.6263 1.6505 32.8792 -1.5750 0.7464
Car -1 -1 -2.6674 163.1287 176.3837 390.7305 261.5287 1.5681 1.6366 3.7606 -6.5287 1.6427 14.2757 -3.0898 0.7416
Car -1 -1 0.3573 211.3643 162.5875 445.3853 244.8101 1.7854 1.7772 4.6809 -6.3705 1.5628 16.5653 -0.0050 0.6975
Car -1 -1 -2.8221 347.1281 174.7837 476.9614 224.2398 1.5427 1.6053 3.7608 -6.4252 1.6083 23.4801 -3.0868 0.6170
Car -1 -1 -2.6241 317.8392 184.7742 466.3025 238.6053 1.4450 1.5894 3.8829 -6.3897 1.8142 21.1126 -2.9151 0.4544
Car -1 -1 0.7306 0.0000 186.6367 250.0476 362.8351 1.5220 1.6248 4.0400 -6.1040 1.6791 7.2876 0.0511 0.4542
Car -1 -1 -1.5922 639.7700 174.0933 667.4415 201.6534 1.5864 1.5784 3.6453 2.5632 1.6648 43.5478 -1.5343 0.4284
Car -1 -1 -2.7905 268.5911 163.5395 437.6359 224.0814 1.5027 1.5909 3.8204 -6.6281 1.2719 18.7304 -3.1266 0.3758
Car -1 -1 0.6693 422.1010 174.0798 512.5690 210.2749 1.5017 1.5677 3.7128 -6.2949 1.5583 31.5817 0.4738 0.3531
