Pedestrian -1 -1 1.5694 429.6783 175.0028 460.6412 265.2834 1.7185 0.5790 1.5687 -3.3876 1.7648 14.6007 1.3445 0.1271
Cyclist -1 -1 1.7459 421.6754 175.6771 465.0127 267.5877 1.7352 0.5535 1.7573 -3.3890 1.7960 14.5652 1.5204 0.8801
Car -1 -1 -1.7510 627.7637 181.5877 694.7054 227.8257 1.4296 1.6045 4.0597 1.6568 1.7607 25.2123 -1.6869 0.8692
Car -1 -1 -0.5361 844.9650 190.0948 1210.6996 314.1256 1.4845 1.6349 4.0510 5.4315 1.7404 9.7888 -0.0433 0.8509
Car -1 -1 2.3671 959.6451 191.6681 1242.0000 375.0000 1.5030 1.6197 3.8700 5.5963 1.7107 6.9198 3.0255 0.8249
Car -1 -1 -0.4704 817.8475 172.5036 1109.5173 275.4471 1.5965 1.6820 4.0855 5.7293 1.5914 12.1064 -0.0386 0.7844
Car -1 -1 0.3815 266.9258 183.8596 431.2859 244.4218 1.5349 1.6192 3.8505 -7.0133 1.8461 19.4915 0.0399 0.6654
Car -1 -1 -2.6965 307.6526 182.3833 456.3384 237.1869 1.5664 1.6530 4.0266 -6.9784 1.8734 22.1079 -2.9994 0.5331
Car -1 -1 1.7732 418.6519 166.5603 470.0751 201.1619 1.5360 1.5765 4.0630 -7.7889 1.2570 34.0747 1.5498 0.4768
Car -1 -1 -1.6778 612.3253 178.8154 647.5594 206.6761 1.4508 1.5623 3.7906 1.0358 1.8007 40.3579 -1.6529 0.3789
Car -1 -1 3.3148 338.5659 179.6044 449.0399 220.0983 1.4467 1.5716 3.7591 -8.0889 1.7100 27.1032 3.0271 0.3582
Car -1 -1 -1.8219 602.4429 173.3705 641.8882 198.2803 1.5009 1.5767 3.8500 0.6910 1.5354 45.6133 -1.8073 0.2874
Car -1 -1 -2.4230 0.0000 139.6721 229.1200 348.8778 2.1192 1.8854 4.9257 -7.3759 1.7834 8.2630 -3.1358 0.2456
