Pedestrian -1 -1 1.3082 911.3055 117.7490 1058.9971 370.0000 1.7780 0.7060 0.5618 2.3712 1.4038 4.5731 1.7612 0.2885
Pedestrian -1 -1 2.5925 422.3446 170.3298 439.9043 194.4511 1.7433 0.4972 1.1571 -12.7007 1.0096 51.6805 2.3547 0.2495
Pedestrian -1 -1 0.7059 830.7520 154.3482 857.6844 193.8711 1.7052 0.5489 1.0039 10.4885 0.5784 31.0712 1.0302 0.1565
Pedestrian -1 -1 -2.3372 0.0000 182.8126 22.2206 238.8351 1.7894 0.5471 0.6581 -19.4702 1.8669 22.9111 -3.0332 0.1433
Pedestrian -1 -1 -1.6360 743.5544 155.8267 767.8367 224.6930 1.6914 0.5540 0.5915 3.7286 1.0870 17.6918 -1.4300 0.1091
Pedestrian -1 -1 0.2212 201.7155 185.4908 225.2951 230.1669 1.6521 0.5237 0.6753 -14.7310 1.8436 26.5631 -0.2785 0.1014
Cyclist -1 -1 2.7132 419.4078 170.7276 444.2026 194.3072 1.7002 0.5033 1.7063 -12.6535 0.9969 51.7024 2.4764 0.1926
Cyclist -1 -1 1.0273 830.6566 154.7914 859.3091 194.2166 1.6893 0.5461 1.3922 10.5010 0.5892 31.0301 1.3523 0.1620
Cyclist -1 -1 0.9631 850.9228 174.4210 963.3915 321.9298 1.5324 0.4788 1.3404 3.3434 1.4710 8.0472 1.3449 0.1231
Car -1 -1 -1.6854 554.4565 162.6037 577.3536 181.2503 1.6478 1.6390 4.0584 -3.5796 0.0675 64.6133 -1.7386 0.2331
Car -1 -1 1.6454 322.1044 168.3342 358.9660 196.9156 1.4709 1.5761 3.9182 -14.3519 0.8463 38.4835 1.2930 0.1804
