Pedestrian -1 -1 -0.7121 1031.5453 144.5558 1066.9094 206.1978 1.7783 0.5246 0.7166 12.8145 0.9623 21.1332 -0.1733 0.3277
Pedestrian -1 -1 -2.4049 1104.4333 161.0581 1158.4821 245.5005 1.7995 0.6850 0.6727 11.3443 1.5485 15.7768 -1.7909 0.2833
Pedestrian -1 -1 -0.3962 0.0000 124.3830 67.7502 287.6346 1.8326 0.6526 0.6169 -6.9824 1.2889 8.5246 -1.0673 0.2590
Cyclist -1 -1 1.6603 415.7141 166.6620 434.3464 213.5682 1.6717 0.5184 1.6581 -6.8451 1.4514 26.5720 1.4101 0.3579
Car -1 -1 1.3428 682.0875 189.2312 806.3830 273.3106 1.4697 1.6784 4.1047 2.6671 1.8702 15.5283 1.5086 0.9211
Car -1 -1 1.7347 409.9076 188.1177 509.3208 264.7338 1.4513 1.5916 3.7267 -3.3193 1.8367 16.3082 1.5362 0.8847
Car -1 -1 2.0879 0.0000 184.2962 376.4834 375.0000 1.4654 1.6127 4.4110 -3.3250 1.5875 5.4596 1.5615 0.8753
Car -1 -1 -1.9852 821.7361 200.0673 1242.0000 375.0000 1.3875 1.5251 3.7281 2.7136 1.6558 5.2077 -1.5291 0.8546
Car -1 -1 -1.7185 665.9146 184.5249 737.4609 239.0653 1.4373 1.5795 3.6392 2.6149 1.8175 21.6425 -1.6008 0.8322
Car -1 -1 1.4513 652.9200 183.1838 709.6408 227.0478 1.4355 1.6036 3.7832 2.4935 1.8416 26.4243 1.5436 0.7106
