Car -1 -1 -1.7509 699.3012 187.4292 804.4562 264.7350 1.3987 1.5528 3.5606 2.8693 1.7483 15.5049 -1.5723 0.8954
Car -1 -1 -0.2151 760.5496 177.5840 920.0648 235.7511 1.5648 1.6682 4.0599 6.4082 1.7065 20.5674 0.0821 0.8579
Car -1 -1 0.5526 24.8342 191.5973 362.7192 300.0113 1.4665 1.6330 4.2504 -6.2263 1.7762 10.9892 0.0470 0.8092
Car -1 -1 -2.4096 0.0000 189.4524 205.4007 333.4168 1.4334 1.5861 3.8020 -7.0179 1.6439 8.2574 -3.0983 0.7813
Car -1 -1 0.3725 278.4772 180.3990 465.7011 244.4890 1.4935 1.6369 4.1171 -5.8860 1.6917 17.9733 0.0598 0.7573
Car -1 -1 0.4452 159.8659 184.3946 423.5355 277.9896 1.5693 1.6677 4.1151 -5.7575 1.7962 13.2408 0.0417 0.7475
Car -1 -1 -2.7787 291.3230 181.2494 441.2781 235.8812 1.4719 1.5764 3.7342 -6.9213 1.7217 20.5681 -3.0999 0.6194
Car -1 -1 1.3596 631.4840 177.7994 668.1317 201.4427 1.5135 1.6354 4.2566 2.6430 1.8674 49.3498 1.4123 0.6108
Car -1 -1 0.5220 231.1880 180.0505 431.1549 253.2097 1.4642 1.5825 3.7866 -6.0642 1.6323 15.7323 0.1592 0.6067
Car -1 -1 -2.7992 339.3577 182.9162 480.1683 232.6530 1.4900 1.6153 4.0076 -6.3529 1.8239 22.9548 -3.0668 0.5252
Car -1 -1 0.2053 402.5451 176.0981 513.7490 216.3628 1.7631 1.7579 4.6578 -6.8362 1.9140 32.6119 -0.0002 0.5136
Car -1 -1 2.7854 699.3662 185.2788 802.7325 222.6925 1.5052 1.6401 4.0291 5.9724 2.0579 30.9312 2.9737 0.5094
Car -1 -1 0.2806 488.9183 180.8950 552.9541 205.2752 1.5086 1.6072 3.7963 -5.7444 2.0389 46.4579 0.1578 0.4768
Car -1 -1 -2.8523 366.6410 181.8847 487.7754 228.1142 1.5410 1.6192 3.8122 -6.3908 1.8690 25.2888 -3.0979 0.4142
Car -1 -1 -2.6734 0.0000 0.0000 1242.0000 375.0000 1.5126 1.6101 3.8389 2.9753 1.5741 1.5523 -1.6593 0.4137
Car -1 -1 2.7503 687.8405 177.2561 780.0123 211.2198 1.5253 1.6218 3.9549 5.7703 1.7403 33.9514 2.9167 0.3781
