Car -1 -1 -1.7675 674.6400 169.4862 790.5853 258.5014 1.8081 1.7810 4.4151 2.6486 1.7401 16.8989 -1.6157 0.9489
Car -1 -1 -2.5775 39.1828 179.8375 344.3310 286.0871 1.5548 1.6597 3.9959 -6.6357 1.6767 11.6165 -3.0871 0.8763
Car -1 -1 -2.6696 236.7025 184.1965 426.5141 250.4097 1.3824 1.5349 3.7285 -6.2898 1.6552 16.3603 -3.0317 0.7603
Car -1 -1 -1.6981 652.5034 178.4486 706.8107 222.2253 1.5375 1.5955 3.7119 2.5632 1.7673 27.7043 -1.6075 0.7534
Car -1 -1 0.2400 328.8842 174.5975 483.9378 230.8144 1.7466 1.7309 4.5591 -6.5503 1.8058 23.4067 -0.0304 0.6347
Car -1 -1 -1.2347 415.5207 165.0820 492.5614 208.3977 1.4900 1.5977 3.8972 -5.7500 1.2230 26.8509 -1.4441 0.5813
Car -1 -1 0.4629 163.3555 183.5620 409.3350 268.9273 1.5289 1.6351 4.0826 -6.2440 1.7518 14.0732 0.0518 0.5776
Car -1 -1 -2.7713 266.1321 178.4098 434.1004 238.9122 1.5028 1.6079 3.8265 -6.7841 1.6557 18.9396 -3.1113 0.5721
Car -1 -1 -1.7410 632.0300 179.0632 672.6388 208.4224 1.5064 1.6043 3.8033 2.2515 1.8667 39.8382 -1.6855 0.5641
Car -1 -1 -2.7749 304.9381 177.3179 455.8145 235.2390 1.6095 1.6582 3.8767 -6.7023 1.7465 21.1420 -3.0788 0.5321
Car -1 -1 -1.7541 665.8566 180.8348 741.0953 236.1670 1.5112 1.5984 3.8062 2.7358 1.7789 22.2159 -1.6340 0.4960
Car -1 -1 -2.8861 403.8357 175.4129 500.8922 211.3367 1.4610 1.5698 3.7093 -6.6199 1.5720 30.3263 -3.0996 0.4947
