Pedestrian -1 -1 0.0595 817.9908 118.7866 912.4271 299.5202 1.7793 0.4499 0.8938 2.6840 1.1633 7.4471 0.3889 0.3952
Pedestrian -1 -1 -2.3111 401.7402 186.8506 431.9315 234.0029 1.7401 0.7054 0.8665 -6.9990 1.9474 27.1589 -2.5664 0.2580
Pedestrian -1 -1 -1.7796 127.9646 171.1191 147.3617 211.4567 1.7673 0.5868 0.7204 -20.6311 1.3134 31.9312 -2.3545 0.1720
Cyclist -1 -1 -1.5038 202.3562 190.5266 241.2881 270.3506 1.6691 0.6619 1.7141 -8.5435 1.8847 16.1425 -1.9894 0.1411
Cyclist -1 -1 1.4819 406.9410 186.7551 428.5372 235.0025 1.7734 0.6979 1.0159 -6.9631 1.9772 27.1260 1.2276 0.1193
Car -1 -1 -0.2010 234.0342 177.3086 373.9349 227.5914 1.4478 1.5695 3.7935 -9.2607 1.3283 22.3930 -0.5942 0.8391
Car -1 -1 -1.4710 547.2170 167.4924 583.4411 196.2580 1.5186 1.6338 4.0984 -1.9618 0.7800 40.0055 -1.5246 0.8075
Car -1 -1 2.0302 325.5597 173.1204 390.1981 203.2675 1.5141 1.6466 4.0282 -12.8649 1.0941 38.1790 1.7023 0.4538
Car -1 -1 -1.4256 584.3541 165.4823 616.4995 190.6683 1.6707 1.6626 4.1841 -0.0134 0.6089 49.8367 -1.4307 0.1952
Car -1 -1 -0.2132 0.0000 164.4962 127.5982 212.8521 2.0127 1.7230 4.5503 -24.1440 1.3059 32.1811 -0.8580 0.1725
