Pedestrian -1 -1 -2.0513 227.0892 166.3537 250.7559 207.7738 1.7960 0.6657 0.7294 -16.3776 1.5145 31.7658 -2.5242 0.3476
Car -1 -1 2.0398 139.6647 195.4197 347.3331 303.8312 1.4856 1.6040 3.9027 -6.2117 1.9439 12.6717 1.5917 0.9221
Car -1 -1 -1.2866 376.8359 183.7926 463.1803 238.3427 1.5765 1.6596 4.0603 -6.1747 1.9678 23.7298 -1.5390 0.9130
Car -1 -1 -1.7216 681.8121 180.4481 763.9365 242.7683 1.4554 1.5830 3.6393 2.8396 1.6762 19.1169 -1.5772 0.9000
Car -1 -1 -0.5604 947.4780 162.0646 1242.0000 260.2441 1.5269 1.6731 4.1527 8.0734 1.3594 12.0896 0.0168 0.8846
Car -1 -1 2.6503 882.0161 149.0691 1134.1488 235.7130 1.7261 1.7542 4.3686 8.2195 1.2526 15.2608 3.1359 0.8203
Car -1 -1 2.7640 805.9367 159.5269 972.7757 219.4749 1.7103 1.7366 4.2962 8.1796 1.3305 21.4917 3.1226 0.8059
Car -1 -1 1.7923 458.7838 182.9276 510.2046 216.9416 1.4904 1.6135 3.9501 -6.0268 2.0050 34.8195 1.6216 0.5636
Car -1 -1 1.7202 479.4646 181.4400 518.4518 211.1449 1.5317 1.5779 3.9915 -6.1922 2.0361 40.3557 1.5684 0.5019
Car -1 -1 2.4822 0.0000 197.7375 156.9432 375.0000 1.4888 1.6130 3.9759 -3.7028 1.6459 2.5488 1.5633 0.4847
Car -1 -1 -0.6375 1130.0349 136.9745 1242.0000 178.9564 1.5510 1.5899 3.7836 22.2787 0.2258 27.5201 0.0380 0.4186
Car -1 -1 -0.6359 1202.6140 139.6867 1242.0000 190.6086 1.6370 1.6571 3.9589 22.5902 0.5711 24.2314 0.1085 0.2946
