Car -1 -1 -1.0054 0.0000 187.4747 241.5771 302.2793 1.4698 1.5797 4.0387 -7.6058 1.5128 11.3108 -1.5866 0.9098
Car -1 -1 -1.3302 285.4545 178.2637 470.9811 306.2521 1.5568 1.6496 4.0897 -3.2391 1.4734 10.8192 -1.6146 0.9023
Car -1 -1 -1.4884 475.6735 180.3854 536.5073 231.7671 1.5763 1.6743 4.2814 -3.3762 1.4292 24.2325 -1.6257 0.8870
Car -1 -1 -1.5324 561.1361 178.3238 616.2593 232.0225 1.6206 1.6648 3.3709 -0.5975 1.4137 23.3864 -1.5581 0.8695
Car -1 -1 -1.2888 274.6710 185.0639 340.3146 220.9589 1.4121 1.5774 3.6585 -12.5568 1.4072 30.1795 -1.6803 0.8381
Car -1 -1 -1.3798 419.4142 181.5831 467.2015 213.5913 1.5263 1.6302 3.9258 -8.2617 1.3542 36.2617 -1.6026 0.8262
Car -1 -1 -0.9208 0.0000 207.6629 292.2108 376.0000 1.4442 1.5960 3.8831 -3.0168 1.6080 3.2162 -1.6334 0.6657
Car -1 -1 2.1996 75.9686 183.7650 235.6630 242.3377 1.4389 1.6039 4.0664 -12.2428 1.4044 19.7457 1.6504 0.5567
Car -1 -1 -1.4870 508.9941 181.7499 545.7480 212.7664 1.5320 1.5923 3.7483 -4.1645 1.3619 37.3973 -1.5975 0.4995
Car -1 -1 -1.0936 309.8093 179.6230 414.2579 231.9584 1.5313 1.5880 3.7905 -7.7863 1.3688 23.0245 -1.4165 0.4310
Car -1 -1 -1.4016 466.7447 179.7695 499.4575 202.5188 1.5088 1.5889 3.9135 -8.5835 1.1487 49.6310 -1.5724 0.4233
