Pedestrian -1 -1 -3.7062 1194.6694 147.1817 1242.0000 259.1455 1.7334 0.5911 0.7176 9.8672 1.3363 11.5080 -3.0103 0.2343
Pedestrian -1 -1 -1.9156 726.5659 173.2928 744.8697 210.5745 1.8013 0.7119 0.6192 6.0984 1.8234 35.2354 -1.7462 0.2246
Pedestrian -1 -1 -1.4836 490.0350 157.5180 503.2263 189.6680 1.8372 0.6992 0.6273 -6.5629 0.9612 41.5671 -1.6395 0.1843
Car -1 -1 -1.7553 686.6847 174.7425 807.8673 261.0128 1.5845 1.7093 4.4242 2.7281 1.6314 15.5718 -1.5860 0.9052
Car -1 -1 -1.4539 523.2653 174.7395 568.5421 211.4648 1.6321 1.6745 4.1600 -3.0290 1.7279 34.3834 -1.5416 0.8579
Car -1 -1 -1.8696 729.4271 123.8482 981.6720 313.8078 2.0223 1.8182 4.7337 2.9622 1.5010 10.0647 -1.5923 0.7902
Car -1 -1 -1.6818 660.1622 177.5974 716.9582 222.2572 1.5112 1.6348 4.0938 2.8058 1.7020 26.9033 -1.5797 0.7408
Car -1 -1 -1.7155 677.8196 176.6078 752.5280 233.2413 1.4859 1.5908 3.8360 2.9314 1.6061 21.1085 -1.5801 0.4500
Car -1 -1 -1.6237 644.7797 174.4529 675.7545 201.7820 1.5605 1.6328 4.1758 2.9553 1.6620 43.5425 -1.5568 0.3754
Car -1 -1 3.1297 512.4573 171.3246 563.1116 190.9606 1.6366 1.6687 4.2180 -6.1504 1.5095 61.2000 3.0297 0.2498
Car -1 -1 1.9464 651.6055 172.3101 712.4863 204.8533 1.4769 1.5972 3.9388 3.5009 1.4525 34.8583 2.0452 0.2244
Car -1 -1 -1.3182 629.5829 174.4282 662.3069 195.4956 1.4965 1.5519 3.7079 2.6756 1.6180 53.5500 -1.2689 0.2236
