Pedestrian -1 -1 0.0635 870.8775 159.3234 952.0665 272.8220 1.7589 0.6181 1.1870 4.8440 1.5496 11.7137 0.4459 0.2748
Pedestrian -1 -1 2.4102 242.5357 193.3107 272.8288 227.2639 1.6130 0.5828 1.2934 -17.5280 2.6495 35.8374 1.9579 0.2492
Cyclist -1 -1 2.0780 243.1881 193.7111 270.8711 228.0744 1.6242 0.5725 1.5074 -17.5386 2.6817 35.8006 1.6251 0.5121
Cyclist -1 -1 0.0620 869.9389 160.9226 949.7104 274.6590 1.7645 0.6226 1.1682 4.8213 1.5797 11.7225 0.4425 0.1540
Car -1 -1 1.9446 263.7875 190.6457 335.7784 229.5221 1.4782 1.5879 3.7148 -13.2895 2.2901 31.0304 1.5427 0.8312
Car -1 -1 -1.5451 597.7849 179.6449 628.9719 209.5966 1.5986 1.6947 4.2187 0.2054 2.0107 41.6094 -1.5408 0.7174
Car -1 -1 2.0214 347.2329 189.4962 396.5979 213.8429 1.5026 1.6103 4.0556 -16.3121 2.6945 49.5400 1.7044 0.3530
Car -1 -1 1.5329 696.4352 184.4648 732.7296 217.3587 1.4808 1.6237 3.9510 5.1252 2.0931 35.9736 1.6726 0.2722
Car -1 -1 0.6799 1069.2736 162.8920 1177.3943 199.5222 1.6079 1.6308 3.9758 23.8866 1.1709 33.8046 1.2907 0.2159
Car -1 -1 1.6407 409.6599 182.8190 436.2968 205.3522 1.5013 1.5850 3.9538 -13.4703 2.2488 52.0066 1.3881 0.2002
