Pedestrian -1 -1 0.0426 761.7709 204.9734 811.1237 336.7543 1.6038 0.4668 0.5987 2.2079 2.0288 9.2313 0.2683 0.2052
Pedestrian -1 -1 1.1560 519.4901 171.2871 533.3246 194.6062 1.7902 0.5858 1.3194 -6.5300 1.6702 56.1058 1.0404 0.1328
Pedestrian -1 -1 -0.4949 47.6318 187.6989 101.6465 277.0668 1.6917 0.6188 0.6395 -10.5965 1.9933 14.2178 -1.1267 0.1274
Pedestrian -1 -1 2.7542 65.3192 208.1026 129.9861 336.3181 1.5574 0.4303 0.5614 -6.6604 2.0299 9.3082 2.1462 0.1218
Pedestrian -1 -1 -1.7894 182.9462 174.3754 216.8336 244.8471 1.6991 0.5679 0.8282 -10.2346 1.7383 17.9128 -2.3024 0.1125
Pedestrian -1 -1 -2.1993 506.1241 172.4053 517.7407 195.9869 1.8406 0.5045 0.8467 -7.7459 1.8059 56.7949 -2.3345 0.1122
Cyclist -1 -1 1.4799 521.1572 172.4610 530.2461 195.5841 1.7733 0.5633 1.5449 -6.5899 1.7435 56.1463 1.3633 0.2092
Cyclist -1 -1 1.0255 1154.6691 182.3720 1242.0000 344.8733 1.5321 0.5175 1.2084 6.2694 1.6398 7.5068 1.7014 0.1311
Cyclist -1 -1 -2.0528 113.1571 168.8400 150.8959 211.2144 1.7569 0.6097 1.7201 -20.3154 1.5908 30.5969 -2.6351 0.1143
Cyclist -1 -1 -0.9461 233.2039 181.5272 259.3710 207.5102 1.6856 0.5757 1.8815 -24.4288 2.2799 48.4311 -1.4113 0.1050
Car -1 -1 1.7752 505.5701 175.2616 563.4557 214.7638 1.5682 1.6955 3.9776 -3.2041 1.6788 30.9581 1.6724 0.8716
Car -1 -1 2.0334 200.7328 171.8251 293.4519 213.0123 1.5149 1.5987 4.1165 -14.2949 1.4774 28.5969 1.5734 0.2688
Car -1 -1 2.1592 205.2810 181.5882 257.4511 208.8949 1.7052 1.5194 3.2346 -25.0728 2.3049 47.8237 1.6784 0.1602
Car -1 -1 1.9505 370.7810 181.1360 442.0434 219.9633 1.4918 1.5571 3.9319 -8.5916 1.8672 30.6284 1.6788 0.1245
