Pedestrian -1 -1 0.8357 764.4597 160.1570 794.2635 211.7200 1.7144 0.5568 0.8495 5.7809 0.8824 24.4039 1.0653 0.2222
Cyclist -1 -1 0.3651 762.1849 159.9251 793.6231 210.2326 1.6813 0.5701 0.8999 5.7609 0.8372 24.5090 0.5931 0.1409
Car -1 -1 -1.4458 444.9441 186.6742 507.5771 232.8919 1.4531 1.6178 4.1169 -4.4915 1.5089 24.8284 -1.6234 0.8893
Car -1 -1 -1.0779 89.0951 186.5632 279.5082 274.9242 1.5147 1.6307 3.7579 -8.2072 1.5461 14.2722 -1.5919 0.8833
Car -1 -1 2.2470 0.0000 198.8465 117.8974 368.5705 1.4459 1.6112 3.8449 -7.8131 1.6437 8.4012 1.5137 0.7488
Car -1 -1 -1.3822 486.4374 183.4958 532.5454 215.2672 1.5095 1.6169 3.7478 -4.9035 1.4289 36.0646 -1.5168 0.6915
Car -1 -1 -1.3818 439.1047 183.0968 477.1009 208.4070 1.5113 1.5987 4.0109 -9.3276 1.3860 44.9384 -1.5857 0.4792
Car -1 -1 -1.5623 574.6467 180.6596 604.8234 209.2352 1.5525 1.6396 3.9630 -1.0425 1.3061 41.0467 -1.5880 0.4446
Car -1 -1 -0.8333 0.0000 192.2900 96.3052 290.6286 1.4491 1.5923 3.8419 -11.3552 1.5954 12.8065 -1.5485 0.2223
Car -1 -1 1.4249 523.8663 180.5863 551.9605 200.7226 1.4876 1.5863 3.9349 -5.4141 1.1467 55.2038 1.3271 0.1772
