Car -1 -1 -2.2211 494.0431 156.6412 796.3707 331.3584 1.9474 1.7780 4.7546 0.1682 1.7671 10.4798 -2.2072 0.8974
Car -1 -1 1.3141 856.7344 171.9448 986.2555 241.3333 1.4258 1.6813 4.4115 7.1369 1.4075 17.1209 1.7024 0.8855
Car -1 -1 -1.9454 364.0392 193.3157 492.0044 269.8112 1.4450 1.5909 3.7475 -4.3487 1.9746 16.6731 -2.1975 0.8567
Car -1 -1 -1.7174 253.6207 185.9803 312.4679 228.1537 1.5133 1.6221 3.8986 -13.3506 2.0838 29.2591 -2.1424 0.8022
Car -1 -1 1.5354 776.3072 171.5737 845.6776 236.1396 1.4900 1.5502 3.6660 5.0416 1.4608 18.6082 1.7953 0.7493
Car -1 -1 -1.7783 229.6639 185.1174 286.0648 219.8378 1.4624 1.5790 4.0920 -16.6637 2.0759 33.9711 -2.2316 0.6239
Car -1 -1 1.6324 30.5478 189.8531 76.2870 224.5787 1.6076 1.6308 4.0090 -28.9703 2.5436 37.5927 0.9791 0.5576
Car -1 -1 -2.8902 437.0153 175.7970 527.8197 211.7560 1.5913 1.6257 3.8107 -5.8410 1.7304 33.0423 -3.0643 0.5392
Car -1 -1 0.4382 949.8389 163.3152 1141.4115 221.6059 1.3875 1.5984 4.0932 11.4491 1.1608 19.3107 0.9664 0.4143
Car -1 -1 -2.8458 364.9340 180.9999 452.5938 211.8043 1.5644 1.6375 4.1471 -10.5814 2.0033 37.9725 -3.1162 0.2606
