Pedestrian -1 -1 -0.4604 854.9939 142.3579 908.3152 232.3835 1.8106 0.6747 0.8119 5.5451 1.1976 14.8888 -0.1108 0.2046
Pedestrian -1 -1 1.1751 790.4401 184.0196 806.6877 218.2899 1.8108 0.6915 0.5258 10.0587 2.4139 38.6346 1.4272 0.1758
Cyclist -1 -1 2.2748 855.5477 165.4035 925.5888 237.6482 1.6691 0.6286 1.6975 6.7060 1.4974 17.3529 2.6373 0.1778
Cyclist -1 -1 1.5548 1026.9347 140.8166 1076.9269 263.9186 1.6384 0.5597 1.7421 6.3459 1.2123 10.4961 2.0859 0.1638
Car -1 -1 -1.5896 567.7108 179.2318 609.8419 222.0774 1.6359 1.6510 4.5437 -0.9904 1.9267 30.5455 -1.6224 0.9360
Car -1 -1 2.0114 173.3177 188.1153 330.9635 265.7350 1.5362 1.7087 4.1750 -8.3493 1.9446 17.1931 1.5649 0.9124
Car -1 -1 1.8082 332.9123 186.6993 407.2985 234.3606 1.5079 1.6161 4.1586 -8.6465 2.0521 26.2031 1.4920 0.8310
Car -1 -1 1.7647 406.2589 182.7249 456.0068 216.6144 1.5721 1.6889 4.1599 -9.0925 2.1052 36.8197 1.5238 0.8003
Car -1 -1 1.3499 727.7757 173.4398 760.4667 194.2492 1.4864 1.5607 3.9015 9.8982 1.5319 53.6265 1.5311 0.1818
Car -1 -1 -1.5884 627.5863 154.6137 651.4652 180.0282 1.9604 1.8267 4.6972 2.3109 0.5538 58.0230 -1.5489 0.1778
