Pedestrian -1 -1 -1.5077 994.6554 150.3973 1021.6981 219.5595 1.7192 0.5408 1.1748 10.3570 0.9725 18.2109 -0.9963 0.3022
Pedestrian -1 -1 -0.0190 563.1652 168.7898 574.2346 195.8699 1.7335 0.5537 0.7024 -2.3424 0.9852 45.5573 -0.0683 0.1823
Pedestrian -1 -1 1.6170 313.2263 174.9470 334.2986 222.4539 1.7557 0.6668 1.6411 -10.7572 1.5520 27.0087 1.2436 0.1469
Cyclist -1 -1 1.8158 307.7234 174.8306 338.5838 223.1062 1.7746 0.6379 1.9310 -10.7620 1.5677 26.9839 1.4420 0.7033
Cyclist -1 -1 -1.7089 990.5672 150.9363 1023.3664 220.1418 1.7057 0.5053 1.6147 10.3306 0.9786 18.2653 -1.1999 0.3461
Car -1 -1 2.0232 79.6055 182.5469 223.9582 248.1042 1.7133 1.7606 4.5173 -13.2306 1.7823 20.9558 1.4684 0.9230
Car -1 -1 1.1309 459.3878 171.7691 529.0631 208.4137 1.5500 1.6053 3.8978 -5.0853 1.1822 31.9658 0.9765 0.8357
Car -1 -1 -0.5497 1171.1199 150.3631 1224.0000 198.6915 1.4635 1.6098 3.8175 20.6744 0.5524 22.5519 0.1870 0.6859
Car -1 -1 -0.8588 0.0000 203.2837 302.8907 370.0000 1.4685 1.5653 3.7387 -3.1341 1.6418 3.4364 -1.5519 0.6392
Car -1 -1 0.9706 1044.7142 163.0523 1224.0000 239.9970 1.5064 1.5977 4.1572 11.9172 1.1665 15.9420 1.6047 0.1910
