Pedestrian -1 -1 -0.6960 509.0766 172.2515 524.6191 200.6226 1.8496 0.5474 0.8664 -6.1672 1.8106 47.5393 -0.8247 0.1788
Pedestrian -1 -1 -0.9728 290.8406 110.1908 337.1157 190.9360 1.8627 0.6659 0.8254 -7.0618 0.4175 17.1157 -1.3588 0.1472
Cyclist -1 -1 1.3004 760.8356 182.7784 786.4001 228.6016 1.6671 0.5028 1.7101 6.1764 2.0575 27.4903 1.5183 0.1756
Car -1 -1 1.7506 435.4898 180.5009 530.9323 250.7563 1.5627 1.6916 4.0997 -3.1746 1.7816 18.5550 1.5827 0.9240
Car -1 -1 1.4908 664.0878 180.1312 714.9727 227.5313 1.7284 1.6896 4.0309 3.0793 2.0415 28.9679 1.5949 0.8919
Car -1 -1 1.6734 529.5188 180.8785 573.7678 213.9856 1.4842 1.7389 4.3556 -2.8520 1.9050 35.6067 1.5935 0.8654
Car -1 -1 -1.7131 650.5067 183.3181 692.8226 216.7715 1.5224 1.5765 3.6800 2.9776 2.0707 35.8962 -1.6317 0.6095
Car -1 -1 1.2993 545.1395 180.1840 581.7094 203.7129 1.5400 1.5756 3.8584 -3.3349 2.0756 50.6005 1.2334 0.2124
Car -1 -1 0.9492 956.0097 182.3783 1242.0000 375.0000 1.8085 1.6193 3.6690 3.0510 1.8767 3.2350 1.6592 0.1685
Car -1 -1 1.4450 706.6264 182.0899 743.0493 209.5658 1.5521 1.6789 4.1984 6.9658 2.1468 44.3066 1.5993 0.1515
Car -1 -1 -3.0062 512.4103 178.4342 584.9022 204.6926 1.5051 1.6352 4.0890 -3.6256 1.8426 42.6662 -3.0910 0.1385
Car -1 -1 0.7109 1091.4985 145.8638 1242.0000 252.9423 1.4795 1.5784 3.7897 10.1880 1.1069 11.9662 1.4040 0.1347
