Pedestrian -1 -1 -2.9349 858.5762 168.3791 915.1258 262.5414 1.6892 0.5680 0.8870 5.1428 1.3883 13.3697 -2.5751 0.2896
Cyclist -1 -1 -2.4659 855.8505 165.9091 918.2398 262.1432 1.7098 0.6022 0.8957 5.1119 1.3679 13.3068 -2.1066 0.1344
Car -1 -1 -1.1340 71.1189 190.7490 360.6041 337.8266 1.4377 1.6046 3.9606 -4.6521 1.5248 9.1703 -1.5920 0.9384
Car -1 -1 -1.3437 381.4868 183.8864 475.4051 244.1525 1.3958 1.5482 3.6154 -4.5328 1.3662 18.4615 -1.5815 0.9202
Car -1 -1 -0.9722 11.7305 180.0861 193.9451 250.1174 1.5172 1.6767 3.9459 -12.1214 1.4072 17.5437 -1.5698 0.8900
Car -1 -1 -1.2658 318.7827 179.9157 399.5133 226.2985 1.5818 1.6639 4.0531 -9.1096 1.4021 26.5557 -1.5935 0.8721
Car -1 -1 -1.3912 427.5416 178.9050 491.2417 223.2897 1.5154 1.6157 3.9396 -5.4267 1.3011 26.5262 -1.5914 0.8608
Car -1 -1 -1.5894 574.5676 175.1652 610.6083 209.5134 1.5723 1.6515 3.6802 -0.8055 1.1134 34.7749 -1.6128 0.7379
Car -1 -1 -1.0960 149.4028 185.9917 302.6051 260.3797 1.5012 1.5609 3.6325 -8.5425 1.5220 16.3578 -1.5708 0.4659
Car -1 -1 -1.3272 412.6452 171.5413 460.7707 202.5334 1.5125 1.5684 3.6410 -8.7534 0.8463 36.9080 -1.5587 0.4391
