Pedestrian -1 -1 -3.5582 1105.4379 107.6648 1177.8330 228.4046 1.6992 0.5620 0.6737 7.6637 0.7821 10.4944 -2.9405 0.2168
Pedestrian -1 -1 1.9239 1078.6948 117.9303 1123.5737 205.2162 1.8469 0.5209 0.9519 10.6783 0.6851 15.7556 2.5110 0.1911
Pedestrian -1 -1 1.7117 835.3697 162.3117 856.8874 215.5767 1.7565 0.5541 1.0571 7.9420 1.4092 24.3870 2.0225 0.1676
Cyclist -1 -1 -1.8564 693.3672 172.4241 710.1806 204.2247 1.7173 0.4533 1.7086 5.0230 1.6944 39.8415 -1.7324 0.3909
Cyclist -1 -1 1.7117 835.3697 162.3117 856.8874 215.5767 1.7565 0.5541 1.0571 7.9420 1.4092 24.3870 2.0225 0.1132
Car -1 -1 1.7550 411.1747 181.2799 444.8266 206.3569 1.6841 1.6390 4.0036 -13.0671 2.3143 51.8796 1.5091 0.6137
Car -1 -1 1.2183 418.4717 182.5774 468.3688 211.5946 1.5942 1.6329 3.9743 -10.0407 2.2047 43.1614 0.9906 0.5440
Car -1 -1 -0.0690 557.8294 180.1342 617.1960 204.1211 1.5256 1.6166 3.8005 -1.5361 2.0152 47.4898 -0.1017 0.4255
Car -1 -1 1.7227 431.6147 185.9049 477.7776 219.6854 1.4367 1.5530 4.0109 -7.3595 2.0947 34.3128 1.5125 0.1867
Car -1 -1 1.5788 492.0531 177.8091 518.6901 203.9373 1.5188 1.5650 3.9451 -6.5099 1.8409 44.7826 1.4348 0.1694
Car -1 -1 1.4861 87.6732 193.6259 127.3965 221.5242 1.4991 1.6524 4.1109 -30.7191 2.8275 44.0207 0.8794 0.1627
