Pedestrian -1 -1 0.4880 286.6380 167.1312 409.4586 337.7158 1.6684 0.7401 0.9645 -2.6979 1.5393 7.3488 0.1517 0.9147
Pedestrian -1 -1 -1.9470 835.6227 175.9555 871.9650 248.3940 1.7958 0.6923 0.5951 6.2331 1.6847 17.8356 -1.6149 0.1673
Pedestrian -1 -1 -0.4711 1093.9230 132.8035 1184.6946 241.8437 1.7593 0.6056 1.0450 8.8401 0.9914 11.7854 0.1613 0.1075
Pedestrian -1 -1 -1.7525 420.7570 136.4027 452.8536 221.8961 1.7056 0.5206 0.7327 -3.5070 0.8275 14.5406 -1.9818 0.1063
Car -1 -1 -2.5565 285.5044 205.9317 446.8453 271.0138 1.5362 1.6054 3.8626 -6.4130 2.2662 18.9656 -2.8763 0.1482
Car -1 -1 1.7937 0.0000 190.2164 9.7863 250.4468 1.4458 1.5996 4.0747 -18.2588 1.7498 19.8349 1.0592 0.1439
Car -1 -1 1.4252 781.8992 193.4417 880.1884 267.3758 1.5343 1.6920 4.1380 5.4398 1.8979 17.6003 1.7212 0.1289
Car -1 -1 2.1695 1085.5192 188.6302 1224.0000 254.4489 1.4583 1.5959 3.8795 13.9584 1.6746 17.3292 2.8400 0.1210
Car -1 -1 -2.7567 522.4413 153.7168 618.4228 189.7892 1.5902 1.6553 4.1034 -1.6067 0.4110 32.6267 -2.8034 0.1160
Car -1 -1 0.5043 0.0000 195.5663 130.2154 240.8350 1.5059 1.6150 3.9606 -19.6093 2.0704 25.3284 -0.1469 0.1131
Car -1 -1 -1.5168 543.9733 133.7127 617.5071 206.3938 1.8069 1.7970 4.6530 -0.5986 0.6453 19.9220 -1.5441 0.1051
