Pedestrian -1 -1 1.4038 384.5296 179.6384 419.2950 251.1755 1.7479 0.5971 1.6531 -5.4474 1.9320 18.6666 1.1230 0.1149
Cyclist -1 -1 1.5575 389.2666 179.4481 414.0585 252.6321 1.7770 0.5871 1.8527 -5.4500 1.9568 18.6636 1.2765 0.8491
Car -1 -1 -1.9000 606.2877 180.3888 731.5920 263.2940 1.5958 1.6608 3.7129 1.1413 1.7869 16.2584 -1.8322 0.9167
Car -1 -1 -1.7788 523.9455 184.7449 577.7253 222.7034 1.4490 1.5729 3.5200 -2.6090 1.9860 30.6509 -1.8636 0.8859
Car -1 -1 -3.5262 936.6260 185.8307 1242.0000 336.4004 1.5615 1.6123 3.6926 6.1227 1.7420 8.8450 -2.9372 0.8293
Car -1 -1 2.4352 468.7883 179.6486 531.9677 207.2592 1.6283 1.6457 3.7722 -6.9032 2.0754 45.4790 2.2850 0.7325
Car -1 -1 -0.8333 571.8082 177.5290 634.5941 205.0084 1.5190 1.5751 3.7644 -0.3957 1.8070 42.4670 -0.8431 0.4673
Car -1 -1 2.1898 673.0997 176.9160 716.6161 198.7879 1.4281 1.4130 3.1161 5.7944 1.7154 49.3442 2.3056 0.4321
Car -1 -1 -0.8966 623.5289 175.4047 681.5979 199.5237 1.4560 1.5958 3.9233 2.7172 1.6259 45.9674 -0.8384 0.4135
Car -1 -1 -1.5028 787.3907 174.3851 817.3129 198.6412 1.4753 1.5961 4.0142 12.3496 1.5785 46.3127 -1.2441 0.3649
