Pedestrian -1 -1 -1.1890 624.3616 147.9819 659.6477 217.4259 1.5706 0.5880 0.7383 0.8271 0.8368 16.4446 -1.1376 0.8239
Pedestrian -1 -1 0.7535 755.8569 155.9915 868.9901 345.7878 1.7226 0.6758 0.8262 1.9723 1.5019 6.9411 1.0204 0.8034
Pedestrian -1 -1 0.9632 560.6568 138.1620 615.3632 235.2505 1.8069 0.6196 0.9678 -0.3806 1.0206 13.7269 0.9383 0.7795
Pedestrian -1 -1 0.9868 584.3277 136.0548 639.5980 240.3055 1.7891 0.5853 0.9085 0.0722 1.0280 12.6695 0.9945 0.7699
Pedestrian -1 -1 -1.8649 641.9427 138.3289 668.9153 198.6596 1.8028 0.6722 0.5996 1.4964 0.5442 21.4903 -1.7943 0.7149
Pedestrian -1 -1 1.5566 408.7593 142.8965 425.4653 197.1994 1.9219 0.5730 1.0132 -6.8318 0.5925 25.5832 1.3009 0.5937
Pedestrian -1 -1 1.0667 688.1744 169.2497 780.1419 361.3918 1.6901 0.5155 0.8211 1.1511 1.5928 6.6872 1.2311 0.5540
Pedestrian -1 -1 0.6835 386.8799 148.1348 417.7507 208.4260 1.6869 0.4810 0.6993 -5.8065 0.7829 20.1370 0.4091 0.5487
Pedestrian -1 -1 1.2185 498.6456 144.2088 527.1063 208.0850 1.8470 0.5872 0.8279 -2.7673 0.7992 20.9428 1.0912 0.5276
Pedestrian -1 -1 0.9006 234.5979 139.4855 291.5934 244.0935 1.7293 0.5643 0.7050 -5.8907 1.0529 12.0924 0.4598 0.5049
Pedestrian -1 -1 -1.6381 273.8875 139.0238 319.5579 248.1185 1.7190 0.6472 0.6765 -5.1032 1.0671 11.5839 -2.0408 0.4734
Pedestrian -1 -1 -2.0728 109.0702 149.8784 172.9654 259.4402 1.7582 0.6436 0.6871 -7.7791 1.2685 11.7887 -2.6417 0.4560
Pedestrian -1 -1 0.9425 533.2063 146.2901 595.7035 251.2359 1.7892 0.7400 0.8767 -0.7728 1.2076 12.6231 0.8849 0.4435
Cyclist -1 -1 1.0664 562.5893 139.4774 619.1675 240.4783 1.8525 0.6438 1.0812 -0.3266 1.1017 13.5921 1.0450 0.1836
Cyclist -1 -1 1.0369 685.0424 168.1311 781.5060 358.9901 1.6789 0.5327 0.8539 1.1458 1.5718 6.7090 1.2001 0.1283
