Pedestrian -1 -1 0.8045 1113.1300 143.6250 1242.0000 357.6622 1.7484 0.5731 0.8791 5.0009 1.5100 6.3627 1.4476 0.9056
Pedestrian -1 -1 -1.4971 529.0292 170.8297 556.3312 240.0121 1.7939 0.6765 0.5794 -1.8160 1.7418 19.0040 -1.5919 0.6538
Pedestrian -1 -1 -0.8906 480.3125 158.6435 545.9561 263.0863 1.7397 0.7472 0.8822 -1.7339 1.5033 12.5864 -1.0256 0.3209
Pedestrian -1 -1 -0.5751 903.9814 166.5793 931.4566 212.6657 1.6868 0.4897 0.7979 11.3491 1.4575 26.7181 -0.1778 0.1868
Pedestrian -1 -1 2.8354 379.3860 181.3208 410.9001 210.6087 1.7508 0.6268 1.7477 -13.2236 2.2799 44.3117 2.5466 0.1109
Cyclist -1 -1 2.8354 379.3860 181.3208 410.9001 210.6087 1.7508 0.6268 1.7477 -13.2236 2.2799 44.3117 2.5466 0.3704
Cyclist -1 -1 1.3316 1040.7378 108.2899 1155.6866 256.4547 1.7038 0.7766 1.8209 6.1492 0.9617 9.2815 1.9022 0.1691
Cyclist -1 -1 -1.1514 482.4351 157.9967 541.5690 264.7422 1.7767 0.7118 0.9078 -1.7422 1.5298 12.5421 -1.2876 0.1136
Car -1 -1 2.5790 621.3218 174.4436 732.9162 212.6947 1.5517 1.7010 4.6154 2.8865 1.6248 31.2239 2.6697 0.8378
Car -1 -1 3.3037 406.9569 174.1581 558.9645 232.6670 1.6809 1.7149 4.2676 -3.7653 1.7220 21.6419 3.1329 0.8187
Car -1 -1 2.0844 0.0000 0.0000 1242.0000 375.0000 1.4354 1.6007 3.8991 -2.9501 1.4446 1.8877 1.1467 0.3235
Car -1 -1 2.5963 478.8568 173.9460 579.7552 214.7094 1.4939 1.5712 3.6426 -3.1700 1.5397 28.2677 2.4851 0.1896
