Pedestrian -1 -1 0.8827 1148.3422 140.5184 1240.9167 252.6387 1.9002 0.7613 1.0699 10.2630 1.3526 12.7695 1.5482 0.8421
Pedestrian -1 -1 1.2519 672.4614 171.8981 696.8027 218.4831 1.5556 0.5091 1.0868 2.4999 1.5240 24.6768 1.3510 0.4146
Pedestrian -1 -1 0.8139 704.8003 183.2461 723.6470 211.1214 1.6114 0.5944 0.9770 6.1322 2.2351 42.7043 0.9549 0.1366
Pedestrian -1 -1 1.2954 539.1426 175.1469 559.7749 224.7416 1.7251 0.5344 0.7864 -2.1963 1.8083 25.5999 1.2099 0.1334
Pedestrian -1 -1 -0.4590 900.7675 160.0346 913.0781 181.5380 1.8976 0.5551 0.8512 26.3064 0.7667 63.9788 -0.0707 0.1079
Pedestrian -1 -1 -1.8751 971.0531 174.9014 986.6969 205.5794 1.8179 0.6976 0.5522 22.0128 1.9416 43.1279 -1.4064 0.1079
Cyclist -1 -1 1.3023 672.9799 171.6645 698.7381 219.8382 1.5965 0.5321 1.3402 2.5323 1.5574 24.6145 1.4029 0.4350
Cyclist -1 -1 1.2742 706.7762 183.4985 722.0284 211.3994 1.6110 0.5894 1.1194 6.1416 2.2503 42.7132 1.4154 0.1718
Car -1 -1 -2.8195 1012.8510 156.4182 1085.4747 182.8973 1.9764 1.7628 4.5000 34.0869 0.7500 56.1379 -2.2763 0.2357
Car -1 -1 2.3800 167.0855 179.0996 235.7411 206.0898 2.3268 2.0489 5.6609 -37.6186 2.9297 66.5977 1.8673 0.1582
Car -1 -1 3.4216 152.0168 191.3528 225.5014 217.8133 1.5467 1.5819 3.6712 -26.2924 2.7341 45.0836 2.8959 0.1323
Car -1 -1 1.3379 387.7827 181.1343 427.3036 206.6187 1.5104 1.5577 3.9936 -13.0512 2.0661 46.2645 1.0640 0.1022
