Pedestrian -1 -1 -1.8199 0.0000 170.9118 111.9169 374.0000 1.6301 0.6162 0.8664 -4.2445 1.5594 5.3996 -2.4691 0.8739
Pedestrian -1 -1 0.9814 620.1946 150.0160 671.2875 233.7475 1.8272 0.7227 0.9913 0.9599 1.1413 16.2833 1.0341 0.7758
Pedestrian -1 -1 -0.8061 43.3577 176.2841 133.0038 316.1567 1.6763 0.6462 0.6437 -6.4429 1.6152 8.9729 -1.4209 0.5727
Pedestrian -1 -1 -1.7929 328.5725 161.0320 353.9525 216.3215 1.7765 0.6386 0.7162 -8.5587 1.1199 23.5514 -2.1430 0.4401
Pedestrian -1 -1 1.2939 587.8529 177.2467 633.7274 269.7465 1.7637 0.7147 0.7727 0.1365 1.6839 14.1624 1.2977 0.4081
Pedestrian -1 -1 1.3244 267.2089 148.4624 298.1598 210.0588 1.8324 0.6561 0.9261 -9.7652 0.8507 21.9337 0.9050 0.3535
Pedestrian -1 -1 1.4973 424.6913 167.5533 436.4218 200.1523 1.8778 0.5977 0.8924 -9.9676 1.0752 41.8928 1.2601 0.2843
Pedestrian -1 -1 -1.7901 465.9323 164.9734 489.6075 215.0689 1.8058 0.7155 0.7122 -4.5626 1.2111 26.3575 -1.9650 0.2639
Pedestrian -1 -1 1.7727 608.8992 140.4448 630.1933 194.9487 1.9018 0.6146 0.7919 0.6255 0.4703 25.5167 1.7922 0.2482
Cyclist -1 -1 1.7957 294.4439 157.6340 391.1341 314.7259 1.7556 0.7577 1.7422 -3.2034 1.4902 8.9342 1.4548 0.9278
Car -1 -1 1.8929 58.0810 183.4820 327.5429 339.7917 1.5412 1.6720 4.2752 -4.9626 1.5746 9.3798 1.4118 0.9260
