Pedestrian -1 -1 -0.1960 1071.3140 115.4543 1175.9513 319.3461 1.7170 0.6043 0.6461 4.5270 1.2340 6.4762 0.3927 0.2765
Pedestrian -1 -1 -1.5895 741.0029 146.6842 762.4304 202.0677 1.8165 0.6859 0.5772 4.6652 0.9585 24.0054 -1.4002 0.2147
Pedestrian -1 -1 -0.9684 274.9344 161.8668 316.9308 240.7243 1.7781 0.6869 0.5658 -7.2748 1.5307 16.6103 -1.3758 0.2023
Pedestrian -1 -1 -2.5037 254.1735 171.1933 309.4567 240.9424 1.7576 0.6398 1.1427 -8.5083 1.7161 18.6129 -2.9275 0.1930
Pedestrian -1 -1 -1.6954 706.3334 164.4684 720.1101 200.6924 1.7664 0.5626 0.9068 5.0565 1.3579 35.6398 -1.5560 0.1677
Cyclist -1 -1 -1.2509 1179.4196 115.8671 1242.0000 287.0097 1.6224 0.3370 1.5923 6.3306 1.0825 7.4048 -0.5630 0.2161
Cyclist -1 -1 -2.5037 254.1735 171.1933 309.4567 240.9424 1.7576 0.6398 1.1427 -8.5083 1.7161 18.6129 -2.9275 0.1346
Car -1 -1 2.9900 375.5428 183.2938 478.5713 223.0049 1.5797 1.6641 4.0992 -7.9213 2.0526 31.0867 2.7421 0.9139
Car -1 -1 1.9666 138.3680 192.3133 421.5226 368.8917 1.4878 1.5573 3.7164 -3.5131 1.7638 8.3520 1.5787 0.9083
Car -1 -1 1.6902 509.2656 181.1547 550.3197 212.4050 1.5414 1.7040 4.2292 -4.2937 2.0130 38.8373 1.5803 0.4676
Car -1 -1 1.3463 498.2605 175.5029 523.1537 192.1860 1.5162 1.5378 3.7267 -9.4331 1.7745 68.2290 1.2091 0.1872
Car -1 -1 -2.5085 416.7280 183.1294 498.3900 215.9244 1.5219 1.6198 3.7477 -7.6333 2.0556 35.9386 -2.7168 0.1844
