Pedestrian -1 -1 1.3920 1053.0021 113.7150 1094.8422 192.8558 1.9079 0.7099 0.9523 11.4878 0.4826 17.9662 1.9536 0.2734
Pedestrian -1 -1 -1.0262 1068.1505 144.2990 1148.3229 288.2525 1.7168 0.6416 0.5357 6.1573 1.3766 9.0070 -0.4422 0.2511
Cyclist -1 -1 1.6956 366.7830 169.3158 390.5599 226.0683 1.6725 0.5063 1.5118 -7.1039 1.5686 22.0509 1.3870 0.1704
Cyclist -1 -1 -1.6993 860.0184 138.3568 899.7424 222.6906 1.7397 0.5808 1.7157 5.8292 1.0285 15.7825 -1.3519 0.1655
Car -1 -1 1.2089 745.4006 193.7860 1069.3500 375.0000 1.4477 1.5799 3.9618 2.5847 1.7230 7.4626 1.5286 0.9141
Car -1 -1 1.8956 150.1531 192.8782 428.0624 371.9349 1.4469 1.6173 3.8815 -3.3437 1.7312 8.2493 1.5206 0.9110
Car -1 -1 -1.7793 692.3263 182.7622 819.5492 275.9995 1.4551 1.5534 3.5800 2.5145 1.6651 13.4545 -1.5996 0.8671
Car -1 -1 1.4122 668.3999 178.5125 756.5005 247.4877 1.5315 1.5873 3.7636 2.4273 1.6898 18.2343 1.5415 0.8562
Car -1 -1 2.7959 706.9649 174.6752 803.6350 211.3770 1.5189 1.6039 3.7543 6.1765 1.6003 31.0414 2.9900 0.7773
Car -1 -1 -1.2065 388.3432 181.1416 429.6316 205.5779 1.7183 1.6551 4.0465 -15.0837 2.3657 54.2436 -1.4769 0.1876
Car -1 -1 -1.9737 1102.8650 156.3111 1169.3145 186.0737 1.5933 1.5944 3.9397 29.5602 0.7080 40.7197 -1.3493 0.1640
