Car -1 -1 -1.3719 411.4833 181.8719 504.2852 246.8539 1.5195 1.6373 3.7318 -3.8185 1.4425 18.6721 -1.5712 0.9476
Car -1 -1 -1.2426 281.8668 175.8690 384.2152 236.8241 1.6416 1.6743 3.8009 -8.0401 1.3910 21.2801 -1.5999 0.9390
Car -1 -1 -1.0537 0.0000 185.2818 364.8358 376.0000 1.5623 1.6388 4.2477 -3.1331 1.5640 4.7722 -1.6094 0.7611
Car -1 -1 -1.5625 572.8036 177.0946 614.0515 216.5904 1.5872 1.6579 3.6756 -0.6363 1.2620 30.7324 -1.5835 0.7363
Car -1 -1 -1.0636 105.5127 185.4124 286.6430 262.6739 1.4411 1.5981 3.9720 -8.6216 1.4470 15.4035 -1.5667 0.6290
Car -1 -1 1.7914 374.5212 182.0814 433.7883 221.7157 1.4430 1.4848 3.4773 -7.8804 1.3301 27.9438 1.5186 0.6079
Car -1 -1 1.7155 495.7859 169.1638 546.7238 209.4670 1.6163 1.6094 3.9767 -3.6769 0.9737 30.8340 1.5975 0.6012
Car -1 -1 -1.4170 462.3971 177.5846 495.2208 202.3518 1.5199 1.5329 3.5802 -8.2198 1.0527 45.9165 -1.5935 0.4922
Car -1 -1 2.1939 0.0000 186.6060 154.7393 258.2027 1.4014 1.5780 3.8829 -12.1802 1.4374 16.0969 1.5540 0.4184
Car -1 -1 -1.0922 174.6577 185.4767 288.1908 233.7013 1.4607 1.6079 4.1025 -12.3659 1.4712 23.8471 -1.5663 0.4017
