Car -1 -1 -1.2039 215.7851 187.0723 424.4411 309.6289 1.5130 1.6135 3.7218 -4.1047 1.5468 10.7973 -1.5593 0.9175
Car -1 -1 -1.3896 437.0365 184.2599 508.7177 234.2891 1.4377 1.5721 3.5760 -4.1649 1.4114 22.4432 -1.5714 0.8836
Car -1 -1 -1.4600 488.8662 182.5335 537.6414 219.9226 1.4572 1.5895 3.9330 -3.9127 1.3538 29.9932 -1.5890 0.8620
Car -1 -1 -1.6369 593.1042 180.2941 634.0145 216.0725 1.5499 1.6333 3.5176 0.1833 1.3379 32.9428 -1.6318 0.8358
Car -1 -1 -0.9043 0.0000 188.0320 187.1762 315.7845 1.5060 1.5941 3.9562 -8.2057 1.5563 10.5503 -1.5532 0.8350
Car -1 -1 -1.1214 179.1980 168.5922 317.9528 244.9728 1.6135 1.5777 3.3800 -8.3161 1.2634 16.8732 -1.5732 0.7769
Car -1 -1 -2.3289 942.5967 188.7384 1241.0000 376.0000 1.5180 1.6033 3.9723 3.2896 1.5455 3.3800 -1.5974 0.6773
Car -1 -1 -1.3272 414.1938 181.5569 468.6189 214.6645 1.4531 1.5770 3.8789 -7.7140 1.2936 33.5004 -1.5522 0.6684
Car -1 -1 1.4666 637.9058 176.9285 666.7164 199.8917 1.4781 1.5383 3.7174 2.9265 0.9458 48.1596 1.5265 0.5436
Car -1 -1 -1.2070 310.4408 165.5511 415.2469 226.6715 1.9015 1.7868 4.8629 -8.3265 1.2909 24.8286 -1.5276 0.5315
Car -1 -1 1.5110 529.9489 179.9426 555.2135 201.6855 1.4624 1.5385 3.6485 -4.6079 1.1089 50.2655 1.4197 0.4341
Car -1 -1 -1.3681 440.6255 170.9164 481.9450 199.8487 1.7044 1.6767 4.2740 -9.0281 0.8631 44.4827 -1.5675 0.4104
Car -1 -1 -1.2925 581.3459 179.9728 626.0719 208.2074 1.5500 1.6038 3.7942 -0.2110 1.2633 41.5017 -1.2980 0.3859
