Pedestrian -1 -1 0.9181 642.7381 152.9645 715.3799 256.8405 1.8574 0.9089 1.0505 1.3422 1.3667 13.3236 1.0180 0.9549
Pedestrian -1 -1 0.3926 382.5037 155.4104 467.6273 275.2290 1.7993 0.7899 1.0718 -2.8491 1.4242 11.0830 0.1497 0.8965
Pedestrian -1 -1 3.6711 0.0000 185.1527 56.6240 278.7007 1.7745 0.5585 0.9643 -11.4460 1.8692 13.7896 2.9911 0.8443
Pedestrian -1 -1 -2.4635 109.2099 171.2298 169.3088 263.8764 1.7738 0.6114 0.7738 -9.1756 1.5980 13.8772 -3.0355 0.6856
Pedestrian -1 -1 -2.4606 86.3010 182.3311 148.5496 271.0736 1.8189 0.7103 0.8146 -10.3002 1.8601 14.8924 -3.0542 0.5172
Pedestrian -1 -1 -1.4404 941.1080 148.9736 969.4910 209.2013 1.7546 0.5463 1.8650 10.6450 0.8377 21.5212 -0.9851 0.1028
Cyclist -1 -1 -0.1582 332.0841 167.8071 433.5925 260.7896 1.6055 0.5944 1.6894 -4.0729 1.3879 12.8421 -0.4563 0.8188
Cyclist -1 -1 -0.6811 1021.8105 147.9685 1080.6533 197.3472 1.7666 0.6302 1.8227 16.1969 0.6043 25.7149 -0.1229 0.8012
Cyclist -1 -1 -1.4676 941.3214 148.5431 968.2700 208.8202 1.7635 0.5623 1.8312 10.6712 0.8301 21.6063 -1.0128 0.6932
Cyclist -1 -1 -1.2094 328.7652 174.9908 344.1243 200.3741 1.6976 0.3968 1.7044 -18.2732 1.3305 48.1344 -1.5684 0.4795
Car -1 -1 -1.1167 0.0000 188.1618 404.3492 370.0000 1.4630 1.5781 3.7454 -3.2257 1.5552 6.4633 -1.5586 0.9033
Car -1 -1 1.7418 454.3815 170.3251 491.8092 196.9028 1.6899 1.7405 4.2613 -8.7284 1.0443 47.0891 1.5614 0.6231
