Pedestrian -1 -1 -3.4145 855.7399 156.9600 896.3082 219.5622 1.8539 0.5728 1.0255 7.9413 1.3835 21.6875 -3.0683 0.7557
Pedestrian -1 -1 -1.9879 1195.6691 151.1955 1242.0000 264.9427 1.6949 0.5625 0.8231 9.5997 1.3726 11.2217 -1.2935 0.3391
Pedestrian -1 -1 0.2063 1211.0800 159.4167 1231.6896 188.9710 1.8444 0.5104 0.9082 38.5560 1.0062 45.5410 0.9055 0.2286
Cyclist -1 -1 -3.3932 852.6128 157.3141 894.1139 219.6289 1.8478 0.5919 1.0580 7.8782 1.3874 21.7359 -3.0503 0.1171
Cyclist -1 -1 -1.9846 1194.8326 150.1470 1242.0000 265.3550 1.7087 0.5754 0.8506 9.5715 1.3723 11.1870 -1.2901 0.1101
Car -1 -1 1.8781 410.4284 180.4797 467.0023 214.4771 1.5186 1.5733 3.8849 -8.3024 1.9113 35.1195 1.6472 0.7193
Car -1 -1 1.9159 346.4083 182.8467 407.0472 216.3456 1.5414 1.6378 4.0455 -11.7459 2.0753 36.4713 1.6060 0.7178
Car -1 -1 -1.5213 598.5864 174.7664 626.8947 199.6105 1.4884 1.5968 3.9645 0.1790 1.6148 45.5563 -1.5178 0.5862
Car -1 -1 1.0615 716.0375 171.6166 763.3443 195.3256 1.6094 1.6062 3.8631 9.0989 1.5257 51.0635 1.2364 0.3417
Car -1 -1 1.7332 486.0625 176.3147 515.2146 197.6882 1.6662 1.6952 4.2505 -8.9351 1.9602 59.0739 1.5834 0.2677
