Pedestrian -1 -1 -1.4986 901.6436 173.6471 920.9284 219.0252 1.8214 0.6824 0.6757 12.2497 1.8546 29.4291 -1.1083 0.1786
Pedestrian -1 -1 -1.6208 0.0000 130.6986 114.2569 375.0000 1.8526 0.7509 0.7381 -3.4373 1.6387 4.1891 -2.2777 0.1146
Pedestrian -1 -1 -2.2456 488.3027 127.1067 518.1250 187.7473 1.8362 0.6921 0.5948 -3.3462 0.4513 22.3016 -2.3929 0.1081
Pedestrian -1 -1 0.5446 1102.7910 106.1068 1150.7914 178.2493 1.8385 0.5815 0.8426 13.4731 0.1379 18.8882 1.1573 0.1012
Cyclist -1 -1 -2.9856 658.8778 166.2094 692.8035 207.0758 1.9363 0.7604 1.5286 3.1359 1.6219 34.7393 -2.8969 0.1127
Car -1 -1 -1.7747 851.3423 185.6216 964.0839 257.7294 1.4951 1.6740 4.4892 7.2555 1.8583 18.1455 -1.4008 0.8998
Car -1 -1 -1.6516 813.2653 168.4052 860.9702 215.7416 2.0925 1.7684 4.6169 10.6898 1.8962 34.3383 -1.3528 0.8775
Car -1 -1 -2.4212 185.3067 165.9531 472.0345 294.8882 1.5966 1.6323 3.6684 -4.0580 1.5115 10.3336 -2.7874 0.7789
Car -1 -1 -2.7602 635.2214 173.2753 687.9297 193.4778 1.4791 1.5729 3.6391 3.8580 1.5121 54.3868 -2.6901 0.2115
Car -1 -1 -1.4446 643.2158 165.1299 666.7759 185.0071 1.8307 1.7094 4.3572 4.3019 1.1196 68.7495 -1.3826 0.1395
Car -1 -1 -2.1936 0.0000 100.0572 302.8681 375.0000 1.7209 1.6429 3.6997 -4.4909 1.3047 5.4277 -2.8612 0.1220
Car -1 -1 -2.9644 603.9120 172.4765 685.3768 205.0281 1.5480 1.5976 3.7842 1.6872 1.5304 35.5088 -2.9178 0.1003
