Pedestrian -1 -1 0.3343 155.9597 133.0149 200.0808 208.8719 1.7030 0.4632 0.7549 -9.9194 0.8090 16.4980 -0.2001 0.4073
Pedestrian -1 -1 2.0025 389.0059 147.4984 409.4033 187.8478 1.8283 0.5624 0.9318 -9.7321 0.6798 33.1943 1.7193 0.3822
Cyclist -1 -1 1.0408 859.2850 157.9587 915.2277 224.4523 1.7032 0.5885 1.7486 7.3726 1.3220 19.3906 1.3986 0.3064
Cyclist -1 -1 2.0000 388.6287 147.5567 409.5062 188.4857 1.8542 0.5708 0.9687 -9.7414 0.7085 33.2060 1.7166 0.1595
Cyclist -1 -1 0.3343 155.9597 133.0149 200.0808 208.8719 1.7030 0.4632 0.7549 -9.9194 0.8090 16.4980 -0.2001 0.1579
Car -1 -1 -1.7719 647.0303 174.1258 707.8093 217.2826 1.6358 1.6956 3.9759 2.6394 1.6918 29.5387 -1.6843 0.9336
Car -1 -1 -1.8289 724.6468 185.8038 906.5005 304.5398 1.4143 1.5811 4.0757 2.8512 1.6505 11.0873 -1.5847 0.8691
Car -1 -1 1.6947 511.5199 179.1263 568.0802 223.4733 1.4417 1.5670 3.7328 -2.4896 1.6834 25.8762 1.5992 0.8430
Car -1 -1 0.5634 58.2876 189.1840 373.0928 297.2784 1.4436 1.6051 3.9282 -5.8581 1.7118 10.8769 0.0790 0.8274
Car -1 -1 0.5606 178.6131 178.6294 406.2483 255.1610 1.4299 1.5855 4.0372 -6.4624 1.5569 14.7349 0.1535 0.8078
Car -1 -1 3.3799 240.6867 173.7088 432.5260 245.0942 1.5732 1.6603 3.9350 -6.3422 1.5949 16.9733 3.0269 0.7691
Car -1 -1 0.6693 0.0000 183.1457 305.6915 339.0113 1.5565 1.6537 4.1537 -5.9649 1.6885 8.2774 0.0598 0.7641
Car -1 -1 3.2461 420.9304 176.1875 513.2308 209.5762 1.4588 1.5814 3.9566 -6.4515 1.6146 32.6778 3.0523 0.6332
Car -1 -1 0.8893 1000.0807 221.1880 1242.0000 375.0000 1.4936 1.5971 3.8673 2.6387 1.7682 2.0561 1.7297 0.3939
Car -1 -1 1.5471 630.9310 173.1166 649.9384 190.9550 1.5103 1.5637 3.7479 2.6126 1.5343 63.0305 1.5880 0.3628
