Car -1 -1 -1.7342 688.2850 184.7281 780.0763 252.0271 1.3996 1.5684 3.7103 2.8487 1.7189 17.5189 -1.5766 0.9088
Car -1 -1 -0.2076 749.4963 174.2993 886.9760 228.6451 1.6222 1.6481 3.8594 6.3670 1.6696 22.5307 0.0637 0.8585
Car -1 -1 0.3657 224.5486 183.0305 449.2511 259.6787 1.5012 1.6455 4.1133 -5.6826 1.7281 15.2046 0.0131 0.7901
Car -1 -1 0.3674 305.4844 176.9956 477.9179 235.1850 1.5166 1.6563 4.2500 -6.0010 1.6371 19.9352 0.0782 0.7617
Car -1 -1 -2.3252 879.4274 161.8287 1242.0000 375.0000 1.5160 1.6486 4.1994 2.8888 1.4997 3.2455 -1.6424 0.7564
Car -1 -1 3.5829 109.7987 187.0157 393.3395 278.6269 1.5030 1.6476 4.2617 -6.3116 1.7736 12.9284 3.1363 0.7176
Car -1 -1 -2.4885 0.0000 186.5372 279.6837 304.1740 1.4889 1.6049 3.7656 -6.9977 1.7016 10.2711 -3.0749 0.6975
Car -1 -1 -2.3617 0.0000 145.9567 183.2605 333.5472 1.7042 1.6843 3.8147 -6.8772 1.4602 7.4985 -3.0863 0.6114
Car -1 -1 0.4465 269.9629 177.8004 445.8091 239.4872 1.4151 1.5432 3.7766 -6.1646 1.5435 17.6911 0.1154 0.5625
Car -1 -1 -2.8103 322.8979 178.9549 456.4929 228.1422 1.4644 1.5588 3.6852 -6.8634 1.6626 22.5399 -3.1031 0.5378
Car -1 -1 1.3659 631.9485 174.5558 665.0824 197.0615 1.5223 1.5718 3.9245 2.6615 1.6483 51.1745 1.4172 0.5140
Car -1 -1 2.7488 684.1261 174.5699 766.1631 205.9155 1.5016 1.5782 3.7086 5.6724 1.5902 35.8977 2.9038 0.4986
Car -1 -1 -2.8739 385.8894 179.3508 496.8315 220.5818 1.4971 1.5935 3.8082 -6.3792 1.7515 27.3434 -3.1014 0.4450
Car -1 -1 2.9651 690.5991 173.3564 770.1980 203.0560 1.5302 1.6076 3.9131 6.2675 1.5576 38.0331 3.1267 0.4285
Car -1 -1 -2.9400 415.5879 165.0147 519.6857 202.1706 1.7273 1.7141 4.6219 -6.7694 1.3632 34.4160 -3.1331 0.4097
Car -1 -1 0.4903 374.5920 177.3063 494.1605 223.1617 1.5017 1.5856 3.7363 -6.1299 1.6646 25.1009 0.2527 0.3931
