Pedestrian -1 -1 -1.6263 973.8560 152.3472 995.5108 203.4624 1.8079 0.6475 0.7332 13.4432 1.0829 25.9833 -1.1537 0.2793
Pedestrian -1 -1 -1.8130 932.3927 155.8943 998.0463 262.4423 1.7352 0.6335 1.6323 6.1182 1.4593 12.6104 -1.3711 0.1898
Pedestrian -1 -1 1.2041 1080.6005 168.8821 1119.8179 231.1479 1.8091 0.7128 0.8190 14.5076 1.6941 21.4388 1.7921 0.1434
Pedestrian -1 -1 -2.5375 822.8974 174.9850 844.9076 218.5022 1.7694 0.5967 0.6444 9.2105 1.8591 29.8160 -2.2413 0.1346
Cyclist -1 -1 -1.9086 928.1490 155.0460 1001.9886 264.0121 1.7714 0.6063 1.6963 6.1056 1.4822 12.6015 -1.4672 0.8698
Car -1 -1 1.8648 385.8242 181.0618 423.6839 202.5375 1.5209 1.6358 4.1266 -15.5505 2.1678 54.7609 1.5891 0.6126
Car -1 -1 1.7172 428.0773 179.9566 452.1318 197.5847 1.5613 1.6270 4.0097 -15.9102 2.2478 67.6344 1.4867 0.2273
Car -1 -1 -2.3408 0.0000 175.1828 143.3768 273.1036 1.5694 1.6056 3.7105 -10.5286 1.6138 12.6217 -3.0257 0.1734
Car -1 -1 -2.2776 894.7225 175.2027 966.4864 203.9462 1.5516 1.6043 3.8956 18.2746 1.6935 41.3856 -1.8648 0.1516
Car -1 -1 1.0326 941.3990 158.1751 1042.7562 201.6617 1.5266 1.6080 3.8704 14.2866 1.0117 27.3081 1.5100 0.1450
Car -1 -1 -0.5954 1018.6297 158.1120 1092.5737 183.3575 1.7168 1.6901 4.1247 30.8147 0.7146 50.0034 -0.0458 0.1170
