Pedestrian -1 -1 1.8867 687.9158 167.5335 703.3550 205.0026 1.8020 0.5503 0.7251 4.1350 1.5464 35.1418 2.0023 0.3075
Pedestrian -1 -1 -2.4780 1128.8057 85.5796 1242.0000 289.8517 1.7538 0.6891 0.5566 5.1896 1.0048 6.5491 -1.8294 0.1539
Pedestrian -1 -1 -1.6143 400.5537 147.4034 417.5080 190.4509 1.9137 0.7092 0.6180 -9.0887 0.7826 32.4768 -1.8853 0.1335
Pedestrian -1 -1 -1.5653 412.3435 183.7265 431.0201 230.8369 1.7949 0.6950 0.5852 -7.3557 2.2232 28.0270 -1.8202 0.1263
Pedestrian -1 -1 -0.9032 98.8930 140.3406 135.9328 205.6539 1.8665 0.6756 0.5766 -14.3304 0.9377 20.9292 -1.4978 0.1220
Pedestrian -1 -1 -0.9751 489.7440 171.4945 505.4140 203.3911 1.7143 0.5381 0.7065 -6.1434 1.6416 39.2108 -1.1299 0.1203
Pedestrian -1 -1 -0.3890 478.2606 164.2439 497.9320 201.6187 1.8370 0.5619 0.8131 -6.1065 1.4142 35.9146 -0.5566 0.1117
Car -1 -1 1.8194 401.0770 178.2269 522.8555 263.0437 1.6366 1.6986 4.1382 -3.2243 1.7740 16.3002 1.6263 0.9198
Car -1 -1 -1.5182 533.2245 174.8616 560.3945 199.5025 1.5308 1.5752 3.6205 -4.1093 1.6669 46.9583 -1.6054 0.4963
Car -1 -1 3.1612 414.4873 173.0777 490.0939 201.3632 1.5406 1.6133 4.0665 -8.8507 1.5539 40.4994 2.9470 0.4322
Car -1 -1 1.5397 490.3977 166.0199 514.9255 189.9314 1.7339 1.6980 4.2700 -8.1781 1.2387 54.5702 1.3914 0.2123
