Car -1 -1 -2.4190 0.0000 173.0275 251.2255 327.5258 1.6325 1.6638 3.7127 -6.5901 1.6351 8.6078 -3.0578 0.8579
Car -1 -1 -2.3024 720.5615 176.9063 809.5408 214.4451 1.4134 1.5485 3.5867 6.2313 1.5905 29.5231 -2.0969 0.8252
Car -1 -1 -2.2028 852.1292 174.3612 1242.0000 375.0000 1.5604 1.6567 4.2625 2.9480 1.5739 4.1103 -1.6149 0.7866
Car -1 -1 -1.7534 625.9679 176.2380 663.7408 203.5830 1.4972 1.5698 3.4756 1.9419 1.7021 41.7836 -1.7077 0.7463
Car -1 -1 -2.6210 138.5490 182.2736 373.6895 265.2537 1.4275 1.5503 3.6814 -6.5841 1.6164 13.5276 -3.0667 0.6372
Car -1 -1 -2.7623 284.3241 173.9334 431.7141 231.4789 1.5732 1.6136 3.6446 -7.1863 1.6058 20.6499 -3.0936 0.6141
Car -1 -1 0.5224 73.8040 181.8645 385.1724 292.0791 1.5479 1.6459 4.0037 -5.8124 1.6999 11.2111 0.0532 0.5849
Car -1 -1 -1.6278 483.4352 175.9822 515.9725 205.0230 1.4479 1.5002 3.5527 -5.9229 1.6224 38.2721 -1.7807 0.5509
Car -1 -1 0.2346 344.0255 161.4066 491.0817 222.2281 2.0398 1.8575 4.6521 -6.6602 1.6563 25.1758 -0.0219 0.4886
Car -1 -1 -1.6374 611.7739 172.9445 637.6344 194.9266 1.4964 1.5694 3.8478 0.9788 1.5034 51.0909 -1.6188 0.3571
