Pedestrian -1 -1 0.0228 204.8687 186.5093 228.0623 239.8187 1.6876 0.7583 0.6464 -12.8954 2.1433 23.5716 -0.4734 0.2481
Pedestrian -1 -1 -0.6105 96.7056 164.8119 128.1841 211.6349 1.8242 0.6795 0.7788 -19.7557 1.5113 28.5926 -1.2109 0.1120
Cyclist -1 -1 -1.0936 84.1605 179.5379 116.9588 222.9888 1.6967 0.3502 1.6827 -20.7070 1.9764 29.2935 -1.7048 0.1780
Cyclist -1 -1 0.3151 752.7580 199.1678 796.0527 243.3000 1.7101 0.6948 1.5896 6.6773 2.8121 29.4999 0.5345 0.1251
Car -1 -1 1.9317 300.8793 155.0899 431.6061 247.9909 2.5607 1.9030 5.9416 -7.5175 2.0714 22.8978 1.6174 0.1935
Car -1 -1 2.0791 156.3498 184.7307 246.5486 223.7562 1.5312 1.5957 4.1892 -17.8483 2.0875 31.6788 1.5694 0.1878
Car -1 -1 1.5286 637.2344 182.7524 671.1058 213.7532 1.5111 1.6179 4.2303 2.2802 2.0709 38.6534 1.5864 0.1876
Car -1 -1 1.5859 291.8009 183.0464 319.7546 211.3948 1.7397 1.6481 4.0240 -20.2347 2.4491 48.0153 1.1887 0.1299
Car -1 -1 0.0202 686.4647 198.3370 786.7659 238.5276 1.5367 1.6306 4.0344 5.2560 2.6477 30.2637 0.1895 0.1298
Car -1 -1 1.9166 286.8916 183.4440 342.9929 213.5950 1.5143 1.5932 3.9825 -16.1835 2.1268 39.6777 1.5313 0.1140
Car -1 -1 -1.4909 195.3925 183.9749 245.8548 236.8890 1.6629 1.3278 2.2130 -13.2176 2.0605 24.4900 -1.9816 0.1123
