Pedestrian -1 -1 0.0092 379.8611 184.4164 390.5757 209.3244 1.7384 0.6241 0.7194 -15.9557 2.5646 51.1320 -0.2922 0.2316
Pedestrian -1 -1 2.0589 77.9708 168.9593 106.4509 217.9785 1.9273 0.6741 0.6957 -20.6723 1.7746 28.7558 1.4398 0.2241
Pedestrian -1 -1 -1.9552 0.0000 210.2975 43.7683 326.2640 1.7122 0.5999 0.6783 -9.4832 2.3239 11.3516 -2.6398 0.1245
Car -1 -1 1.4397 414.0087 175.4826 454.1388 205.4431 1.4825 1.5601 3.9167 -9.3889 1.6297 38.1790 1.1998 0.2914
Car -1 -1 1.7010 472.1218 176.7867 494.9820 194.3592 1.6276 1.6816 3.9190 -12.2033 2.0188 69.7134 1.5280 0.2286
Car -1 -1 2.1715 0.0000 199.0545 36.6384 350.1312 1.4367 1.5940 3.9271 -9.8080 1.8630 9.6523 1.3919 0.1625
Car -1 -1 -0.8346 1146.1141 181.3391 1242.0000 215.2137 1.5294 1.6365 4.0413 27.9078 1.9458 34.2569 -0.1556 0.1403
Car -1 -1 1.9066 100.6956 191.3209 162.1791 224.7874 1.6401 1.6101 3.9299 -26.3323 2.7125 39.7803 1.3247 0.1320
Car -1 -1 1.5455 945.2009 189.5339 988.3212 228.6797 1.6966 1.7685 4.3703 17.5109 2.5752 35.6318 1.9982 0.1285
Car -1 -1 2.2892 957.9702 187.4400 1021.0005 211.4576 1.5665 1.6515 4.0399 26.4704 2.6158 50.3853 2.7700 0.1167
Car -1 -1 1.0357 1028.4312 184.0759 1083.1187 205.8734 1.5232 1.6558 4.0827 33.6197 2.4044 54.5834 1.5848 0.1133
Car -1 -1 1.3326 601.4014 179.0136 634.1395 199.6624 1.4880 1.5922 4.0688 0.5303 1.9802 55.4465 1.3416 0.1093
