Pedestrian -1 -1 -1.1492 146.6269 131.6205 183.2856 197.5536 1.8545 0.6761 0.6743 -12.7880 0.6951 20.6690 -1.6976 0.3207
Car -1 -1 3.5725 0.0000 165.9416 258.9857 282.2609 1.6708 1.6985 4.0163 -8.0740 1.5719 11.5366 2.9725 0.8022
Car -1 -1 -0.6049 854.3417 190.0340 1242.0000 362.5541 1.5088 1.6281 3.8298 4.6580 1.7083 7.4277 -0.0636 0.7990
Car -1 -1 -2.3482 1096.5455 185.3605 1186.7085 214.5364 1.4408 1.6032 4.0243 28.9862 2.1632 39.5451 -1.7197 0.7832
Car -1 -1 3.7134 0.0000 175.4407 173.8253 311.6228 1.4967 1.6175 3.8318 -7.9423 1.5332 9.0273 3.0063 0.7471
Car -1 -1 -2.6283 99.0004 171.7979 318.7629 251.6220 1.4829 1.5440 3.4761 -7.8348 1.4636 14.2021 -3.1248 0.7150
Car -1 -1 -1.8643 460.2656 177.2841 504.9877 205.3555 1.6162 1.6509 3.8677 -7.8953 1.9014 44.2988 -2.0400 0.6881
Car -1 -1 -0.8427 995.7957 180.7778 1242.0000 375.0000 1.4647 1.5953 3.8253 4.9197 1.5306 4.9877 -0.0939 0.6489
Car -1 -1 3.9119 0.0000 175.8022 103.1068 367.5791 1.4918 1.6337 3.9292 -7.2118 1.5226 6.5393 3.0980 0.4445
Car -1 -1 3.3886 237.7069 177.5750 361.7765 220.1958 1.4732 1.5945 3.8752 -11.2446 1.6525 26.2630 2.9874 0.3041
Car -1 -1 -1.3144 253.1371 157.3949 365.5399 243.1413 2.3067 1.9307 4.9506 -9.0084 1.8912 21.9864 -1.6994 0.2573
