Pedestrian -1 -1 -2.8377 726.0546 153.2583 779.1287 239.9354 1.7423 0.5600 0.9590 2.9097 1.3487 14.9737 -2.6502 0.7677
Pedestrian -1 -1 -1.1416 689.3734 162.4442 727.5221 240.8828 1.6735 0.5681 0.7636 2.1196 1.4518 15.8660 -1.0121 0.6300
Pedestrian -1 -1 2.6609 714.0004 155.7789 757.3339 245.6976 1.6913 0.5732 0.6291 2.3716 1.3705 13.9388 2.8251 0.6096
Pedestrian -1 -1 -1.8876 291.1855 165.9962 342.4368 263.6137 1.7583 0.6819 0.7793 -5.5457 1.6352 13.5115 -2.2708 0.2430
Pedestrian -1 -1 -1.3165 197.5922 180.6962 222.2224 228.3004 1.7882 0.6702 0.7008 -15.3765 2.0939 27.6631 -1.8200 0.2377
Cyclist -1 -1 -2.6143 719.6569 151.2627 827.4223 260.4489 1.7482 0.5875 1.7347 2.7203 1.4028 12.3508 -2.4034 0.7288
Car -1 -1 -1.2014 30.3795 177.6142 446.1995 375.0000 1.5244 1.6571 4.0214 -2.7324 1.5799 6.3281 -1.5950 0.9165
Car -1 -1 1.7699 436.5880 178.1300 475.0372 202.9448 1.5098 1.6592 4.1054 -9.9851 1.8677 46.8343 1.5607 0.7229
Car -1 -1 1.4343 586.6813 169.3429 621.0972 194.4010 1.5472 1.6551 4.2739 -0.4750 1.3308 46.7844 1.4239 0.6062
Car -1 -1 1.9938 265.2633 183.6308 362.5888 234.3378 1.5241 1.6047 3.8348 -9.9561 1.9190 24.4606 1.6106 0.4024
