Pedestrian -1 -1 -1.6422 931.5702 135.6445 991.7659 279.6199 1.8036 0.6295 1.0620 4.6225 1.3378 9.6444 -1.2077 0.8076
Pedestrian -1 -1 -1.7887 1002.6439 133.7254 1075.1029 275.0577 1.7025 0.6075 0.8575 5.3837 1.2315 9.1881 -1.2730 0.2791
Cyclist -1 -1 -1.8205 1001.8338 133.5349 1076.2426 274.8633 1.6996 0.6081 0.8458 5.3704 1.2271 9.1625 -1.3047 0.1325
Cyclist -1 -1 -1.6655 929.6794 137.3336 992.9886 281.2104 1.8120 0.6475 1.0655 4.6412 1.3650 9.6947 -1.2315 0.1225
Car -1 -1 -0.3183 814.4365 166.0359 919.4410 203.4948 1.4488 1.5559 3.6292 10.1249 1.1855 28.7141 0.0172 0.8504
Car -1 -1 -2.6968 209.5088 176.0667 350.7967 229.2384 1.9944 1.8351 4.6809 -12.8242 2.1244 28.1429 -3.1212 0.8411
Car -1 -1 0.7380 0.0000 202.5489 99.9272 262.0429 1.4814 1.6219 4.0884 -16.6105 2.3327 19.7693 0.0457 0.7456
Car -1 -1 -2.2108 895.0410 192.3952 1242.0000 375.0000 1.4468 1.6066 4.0471 3.1037 1.6081 3.9120 -1.5771 0.6532
Car -1 -1 -2.5170 25.2940 200.3218 150.0801 242.9852 1.5550 1.6195 3.7022 -20.3596 2.6585 28.1598 -3.1388 0.5226
Car -1 -1 1.2262 189.5810 188.3594 246.9908 219.4374 1.4539 1.5116 3.5011 -20.2635 2.2911 37.2100 0.7303 0.4361
Car -1 -1 1.0380 305.6927 180.7275 376.4526 211.3001 1.4675 1.6126 4.0532 -14.0522 1.8980 37.5150 0.6816 0.2877
Car -1 -1 1.7810 679.7156 164.7851 715.4957 189.0900 1.5380 1.5683 3.9450 5.8102 1.0277 47.7747 1.9010 0.2607
