Car -1 -1 -1.3419 362.1397 179.0527 487.4819 259.7094 1.4957 1.6692 4.1323 -3.7873 1.3826 15.4000 -1.5793 0.9345
Car -1 -1 -1.7631 696.1390 185.8054 798.4070 256.8408 1.4112 1.5617 3.4783 2.9467 1.4269 16.0561 -1.5851 0.9196
Car -1 -1 -1.1617 110.5820 182.9744 411.0728 360.2162 1.5118 1.5953 3.5106 -3.4954 1.4938 7.8863 -1.5666 0.9073
Car -1 -1 -1.6575 638.0197 177.5296 673.4803 205.4667 1.4895 1.6390 3.8923 2.6141 1.0808 40.2875 -1.5936 0.8777
Car -1 -1 -1.4320 461.8856 179.8215 518.0808 222.2572 1.4848 1.5865 3.6598 -4.3898 1.2972 26.9945 -1.5920 0.8751
Car -1 -1 2.2574 0.0000 186.2122 145.9798 344.2112 1.5095 1.6064 3.8608 -7.7453 1.5256 8.8334 1.5525 0.7314
Car -1 -1 -1.6704 584.7703 177.8745 616.2179 202.2111 1.4763 1.6051 3.9224 -0.5260 1.0321 45.6418 -1.6823 0.6988
Car -1 -1 -1.2856 348.8542 180.3183 416.3536 220.2837 1.4297 1.5197 3.5428 -8.5676 1.2557 27.4950 -1.5852 0.5942
Car -1 -1 -1.5303 508.6634 178.7173 539.6119 207.0322 1.4831 1.5468 3.5386 -4.5814 1.1438 39.4701 -1.6455 0.4361
Car -1 -1 -1.4427 413.0225 168.8426 453.2095 199.2087 1.4734 1.5462 3.5942 -8.9069 0.6801 36.7460 -1.6791 0.4340
Car -1 -1 -1.3406 454.9673 166.9579 493.1109 190.9520 1.4930 1.5897 3.8891 -8.6616 0.3581 46.7069 -1.5232 0.3057
