Pedestrian -1 -1 0.8771 827.6634 142.4286 913.0419 271.1358 1.7146 0.6733 0.9471 3.6776 1.2091 9.9739 1.2221 0.9136
Pedestrian -1 -1 1.2960 474.8294 139.0702 511.0614 216.4225 1.8451 0.6561 0.9264 -2.8064 0.8585 17.4184 1.1413 0.8173
Pedestrian -1 -1 0.8272 986.8265 143.0952 1162.7153 370.0000 1.7908 0.8156 0.9361 3.8720 1.5046 5.9736 1.3802 0.7808
Pedestrian -1 -1 1.4922 508.4987 152.7552 541.1812 238.3021 1.6573 0.5894 0.7876 -1.6529 1.1215 14.1354 1.3805 0.7486
Pedestrian -1 -1 -1.9006 649.0671 141.4380 674.8221 200.5462 1.7144 0.5621 0.6994 1.6464 0.5830 20.9113 -1.8211 0.7178
Pedestrian -1 -1 1.1871 425.9782 141.5482 459.3124 216.5580 1.7649 0.5620 0.7091 -3.9651 0.8500 17.0828 0.9653 0.7035
Pedestrian -1 -1 1.0010 549.7370 153.8327 589.0749 235.3362 1.6200 0.5529 0.6271 -0.7727 1.0916 14.4647 0.9509 0.6977
Pedestrian -1 -1 0.9327 236.7775 135.7098 300.4222 243.8417 1.7823 0.6706 0.7547 -5.8104 1.0457 12.1241 0.4982 0.6397
Pedestrian -1 -1 0.5433 458.3942 146.8483 503.7146 219.1780 1.8555 0.5549 1.0361 -3.2921 0.9938 18.5802 0.3729 0.5542
Pedestrian -1 -1 -2.6557 636.0741 141.3970 663.8858 193.8604 1.8288 0.6035 0.7962 1.5707 0.4673 25.1075 -2.5919 0.5125
Pedestrian -1 -1 -1.4324 595.4004 139.7710 615.7186 191.5639 1.8148 0.5949 1.0006 -0.0010 0.3892 25.3062 -1.4302 0.4848
Cyclist -1 -1 0.4699 458.6784 144.1531 504.8288 216.7959 1.8695 0.5350 1.0708 -3.2771 0.9357 18.6051 0.3006 0.1127
Cyclist -1 -1 -1.4453 596.1226 140.2822 616.0013 192.2373 1.8154 0.5862 1.0252 0.0169 0.4116 25.2459 -1.4425 0.1026
