Pedestrian -1 -1 1.4158 10.8184 135.4131 73.6716 264.0424 1.8161 0.6292 0.7404 -8.4505 1.2878 10.6675 0.7578 0.2497
Pedestrian -1 -1 -1.6520 384.6270 182.5713 410.6449 242.7138 1.7706 0.7071 0.6013 -6.4599 2.0697 21.7781 -1.9377 0.1318
Pedestrian -1 -1 1.8266 761.0389 156.2311 796.3387 237.6070 1.7790 0.6133 0.7292 3.7511 1.4160 16.2363 2.0490 0.1308
Pedestrian -1 -1 -2.0942 447.0515 170.9751 468.3777 214.5477 1.7965 0.6470 0.6260 -6.4151 1.7194 30.1948 -2.3023 0.1270
Pedestrian -1 -1 2.2703 332.6901 156.2620 375.6743 224.4852 1.8362 0.6597 0.9584 -7.1233 1.3900 19.9823 1.9317 0.1128
Pedestrian -1 -1 1.5835 141.8846 143.9222 167.6771 207.9813 1.7829 0.6083 1.0280 -13.0833 0.9780 20.6768 1.0251 0.1076
Cyclist -1 -1 1.8492 136.1094 144.3487 172.8137 208.4760 1.7833 0.5933 1.1510 -13.1001 0.9910 20.6975 1.2906 0.1196
Car -1 -1 1.8692 286.2473 189.6464 460.0594 301.1308 1.5013 1.6418 4.0775 -3.8672 1.8370 12.3671 1.5714 0.9285
Car -1 -1 1.7558 475.2065 176.2630 538.1024 219.4665 1.5089 1.6600 4.0306 -3.9062 1.6492 27.5708 1.6159 0.8807
Car -1 -1 -1.6394 629.2010 174.2401 687.9418 225.5946 1.4804 1.5838 3.3647 1.4056 1.5273 22.5761 -1.5787 0.8322
Car -1 -1 -3.2140 656.3975 157.1626 717.1392 182.3863 1.6065 1.5987 3.8091 4.9133 0.6075 46.8105 -3.1103 0.2018
Car -1 -1 -2.1440 49.0435 144.5839 194.0823 205.7614 1.6846 1.6719 4.0052 -14.5550 0.9065 21.4258 -2.7351 0.1229
Car -1 -1 1.6098 643.3442 164.5350 675.1668 193.7599 1.5319 1.6064 3.9534 2.7279 1.0962 39.8703 1.6773 0.1164
