Pedestrian -1 -1 -0.9333 966.1657 153.8611 1010.7205 233.4673 1.6994 0.5551 0.7071 8.2387 1.2943 15.8062 -0.4608 0.2008
Pedestrian -1 -1 -0.8164 864.7730 164.6159 894.4570 221.1604 1.7429 0.5763 0.6619 8.4140 1.4893 22.6437 -0.4654 0.1248
Pedestrian -1 -1 0.8537 670.8045 161.4842 689.8873 189.0573 1.8078 0.5544 1.2842 4.6435 1.0627 47.9878 0.9493 0.1005
Cyclist -1 -1 1.1204 671.5339 161.7586 688.5808 189.3314 1.8045 0.5312 1.4890 4.6241 1.0787 48.0096 1.2155 0.1663
Cyclist -1 -1 -1.6476 793.6806 157.4174 805.8477 193.8873 1.7815 0.4536 1.6957 9.4546 1.0278 36.1179 -1.3938 0.1083
Car -1 -1 -1.7349 742.0663 171.6134 792.0491 206.5345 1.4954 1.5874 3.9042 7.0493 1.4427 32.8812 -1.5260 0.2725
Car -1 -1 0.9028 81.3583 189.7735 164.2421 220.1519 1.5262 1.6229 3.9718 -26.4748 2.4775 39.1669 0.3113 0.1565
Car -1 -1 2.1364 262.5690 182.6826 326.7271 211.5264 1.5702 1.5895 3.9937 -18.6596 2.1822 42.8020 1.7273 0.1551
Car -1 -1 1.7852 314.7450 183.5756 351.7271 207.0195 1.5498 1.6382 4.1137 -19.8524 2.3523 51.8240 1.4208 0.1539
Car -1 -1 1.9491 414.0714 179.3004 447.8435 196.6479 1.4894 1.6018 4.0393 -16.2600 2.0949 65.6236 1.7069 0.1473
Car -1 -1 1.4340 655.9500 177.1240 702.8071 212.7377 1.5048 1.5752 4.0827 3.0742 1.7131 33.0582 1.5253 0.1378
