Pedestrian -1 -1 0.5925 135.3682 166.6750 237.7545 305.9005 1.7520 0.6429 0.9595 -5.5703 1.6746 9.4315 0.0708 0.8708
Pedestrian -1 -1 2.8287 748.2823 136.2634 832.3692 272.6205 1.7669 0.5874 0.9563 2.3509 1.2931 9.6789 3.0592 0.8122
Pedestrian -1 -1 2.4360 725.3953 165.3800 779.4153 273.3995 1.6768 0.6182 0.5929 2.2353 1.5611 11.6132 2.6203 0.6933
Pedestrian -1 -1 -2.3988 776.3934 144.5810 864.2128 268.3369 1.7232 0.5636 1.1709 3.0421 1.3299 10.6898 -2.1296 0.4238
Cyclist -1 -1 -2.7310 782.7150 140.2336 955.9255 316.5638 1.7792 0.6139 1.7217 2.8089 1.4504 8.0818 -2.4087 0.6936
Cyclist -1 -1 -2.3718 772.4311 143.5778 870.0740 262.3386 1.6391 0.5701 1.3695 3.0472 1.2354 10.6903 -2.1021 0.3650
Cyclist -1 -1 2.8542 742.1813 135.1549 830.4644 271.3195 1.7715 0.6049 1.0214 2.3050 1.2814 9.7180 3.0795 0.1189
Car -1 -1 2.0978 70.5239 195.1856 261.4333 277.0007 1.4683 1.6878 4.3022 -9.7856 2.0395 16.2816 1.5635 0.8643
Car -1 -1 1.8104 405.2133 183.1767 455.6245 214.0883 1.5071 1.6828 4.1250 -9.5766 2.0895 38.6190 1.5685 0.6906
Car -1 -1 -1.5410 601.0794 175.0929 627.6830 200.0024 1.5296 1.6067 4.0920 0.2898 1.6814 46.7489 -1.5353 0.5340
Car -1 -1 -0.8456 0.0000 196.9451 311.4224 375.0000 1.4662 1.5888 3.8301 -2.6420 1.6158 2.5291 -1.6017 0.4740
Car -1 -1 1.2518 317.9721 182.1109 370.3732 211.7445 1.6071 1.6355 4.3240 -15.8107 2.1836 42.7043 0.8988 0.3645
