Pedestrian -1 -1 1.8524 1188.9772 143.6758 1242.0000 264.5964 1.7438 0.5920 0.7789 9.1767 1.3234 10.8672 2.5400 0.2816
Pedestrian -1 -1 -0.0080 114.3975 187.4690 177.6569 244.0186 1.7085 0.6787 1.6697 -14.7664 2.1881 22.9178 -0.5754 0.2443
Pedestrian -1 -1 0.5378 1170.9249 128.9136 1208.5659 180.4725 1.8767 0.5979 0.9122 21.4781 0.2777 26.7930 1.2084 0.1994
Pedestrian -1 -1 -0.7820 832.7082 167.0733 857.8958 215.5717 1.7965 0.6505 0.6239 8.8110 1.5827 27.1563 -0.4720 0.1685
Pedestrian -1 -1 0.8398 861.1298 158.4458 895.4756 218.6541 1.7953 0.5597 0.8437 8.1316 1.3661 22.0084 1.1889 0.1626
Cyclist -1 -1 3.2939 177.3630 183.3688 236.6228 233.7829 1.7906 0.6391 1.8237 -14.8196 2.1861 26.4972 2.7879 0.8637
Cyclist -1 -1 0.1022 112.4780 187.7434 178.4770 244.4785 1.7202 0.6768 1.7011 -14.7708 2.2077 22.9179 -0.4653 0.6748
Cyclist -1 -1 2.1860 94.2662 187.9645 127.5810 221.3718 1.8328 0.5935 1.8792 -28.6355 2.7195 41.3781 1.5835 0.4565
Cyclist -1 -1 0.5886 1169.0000 127.9988 1208.2528 178.6684 1.8450 0.6167 0.9565 21.4573 0.2121 26.8206 1.2582 0.1228
Car -1 -1 -1.5759 593.4435 174.8929 623.7354 206.1365 1.6821 1.6427 4.1788 -0.1305 1.8048 41.2129 -1.5795 0.6493
Car -1 -1 -1.5559 838.1578 144.0071 869.0641 177.9502 1.9505 1.6939 4.1042 14.7341 0.2932 43.6761 -1.2326 0.1609
Car -1 -1 -2.3740 227.9698 194.5586 321.4138 230.5424 1.5153 1.6186 3.9075 -15.5925 2.5652 33.4826 -2.8072 0.1491
