Pedestrian -1 -1 1.6985 436.0709 178.5876 452.1120 215.3192 1.8964 0.7048 0.9669 -8.7522 2.2023 37.9261 1.4727 0.6604
Pedestrian -1 -1 0.3706 938.4458 224.3956 998.7085 337.1756 1.6209 0.5591 0.6875 5.5184 2.4540 11.2131 0.8158 0.1447
Pedestrian -1 -1 -0.5646 355.8511 187.1694 386.5416 251.3702 1.6784 0.5619 0.5737 -6.4816 2.0724 19.4390 -0.8830 0.1407
Pedestrian -1 -1 -1.7487 0.0000 146.1957 27.6346 230.4219 1.7937 0.5843 0.7780 -13.2979 1.2263 15.8376 -2.4389 0.1222
Pedestrian -1 -1 1.8483 170.6378 140.8458 200.5069 199.4447 1.8497 0.5889 0.9608 -13.7485 0.8397 23.3114 1.3203 0.1109
Cyclist -1 -1 2.1246 342.1272 185.7234 370.9166 221.8699 1.6002 0.5393 1.5108 -11.7262 2.2088 33.3026 1.7881 0.2306
Cyclist -1 -1 -1.5368 685.7285 182.0895 702.1988 244.2066 1.6028 0.4006 1.5853 2.2501 1.8654 19.6700 -1.4256 0.2155
Car -1 -1 -1.4268 397.4389 149.3990 449.4965 189.2191 1.5618 1.5930 3.6666 -7.7816 0.6422 30.2038 -1.6770 0.4226
Car -1 -1 1.7409 480.3582 179.2463 515.0466 203.9390 1.4564 1.5287 3.8697 -7.0695 1.8773 45.5110 1.5873 0.1493
Car -1 -1 1.3388 416.3903 190.5388 455.4033 216.7097 1.5284 1.6074 3.9568 -11.4442 2.7364 47.1401 1.1014 0.1198
