Car -1 -1 -1.4133 413.6262 185.0925 486.4728 232.1091 1.4045 1.6646 4.3722 -5.1282 1.4019 23.6974 -1.6244 0.8681
Car -1 -1 -1.3195 333.3954 185.4749 401.9424 226.6871 1.4368 1.5624 3.6831 -8.9582 1.4484 26.9719 -1.6376 0.8203
Car -1 -1 -0.9907 0.0000 193.1623 226.0904 311.5967 1.4188 1.5523 3.7974 -7.5305 1.5602 10.7769 -1.5892 0.8146
Car -1 -1 -1.1483 159.7520 185.2114 266.9855 235.4867 1.5276 1.6202 3.9619 -12.9887 1.5286 23.8723 -1.6422 0.7679
Car -1 -1 -1.5222 571.4378 179.5074 604.9371 209.4918 1.5510 1.6432 3.7223 -1.0497 1.2568 39.0578 -1.5493 0.7304
Car -1 -1 1.9595 102.7668 191.4323 414.1715 376.0000 1.5436 1.5350 3.7951 -3.3829 1.6278 7.6977 1.5578 0.7281
Car -1 -1 -1.1955 251.8034 186.4514 367.1136 245.5388 1.4281 1.5655 3.7826 -7.9229 1.4658 19.3483 -1.5797 0.6959
Car -1 -1 -1.3079 380.2473 180.7998 419.1506 204.0331 1.4390 1.5311 3.5673 -13.3812 1.1666 46.3158 -1.5880 0.6139
Car -1 -1 -0.8380 0.0000 188.9361 158.5915 260.3440 1.4376 1.5662 3.8318 -12.5608 1.5352 16.6563 -1.4766 0.4343
Car -1 -1 2.1913 407.7736 174.2993 479.3299 206.0551 1.5108 1.5475 3.8861 -8.2468 0.9925 36.2862 1.9691 0.3524
