Pedestrian -1 -1 3.6063 64.2092 149.7668 194.4376 305.1520 1.8092 0.7186 1.1170 -5.8306 1.4530 8.6457 3.0318 0.8714
Pedestrian -1 -1 -1.5468 89.0446 152.7501 124.9865 247.2765 1.7066 0.5235 0.7902 -9.3558 1.2073 13.2343 -2.1489 0.1572
Pedestrian -1 -1 -2.0878 839.6772 177.3186 877.7829 250.6941 1.8070 0.7017 0.5857 6.3310 1.7303 17.7583 -1.7496 0.1252
Pedestrian -1 -1 -0.3006 835.7559 143.8186 932.2472 248.2289 1.7076 0.5688 1.4019 4.6251 1.1093 11.8870 0.0635 0.1177
Pedestrian -1 -1 -0.0753 1092.8370 121.4847 1172.3925 232.0173 1.7577 0.6012 1.0098 8.7042 0.8209 11.7592 0.5509 0.1084
Pedestrian -1 -1 -0.6832 942.7607 148.8801 1007.9538 250.8323 1.6462 0.5177 0.8181 6.1050 1.1373 11.7509 -0.2131 0.1005
Cyclist -1 -1 1.2125 850.0173 142.7478 916.2935 251.8571 1.7272 0.5499 1.4497 4.6098 1.1313 11.9137 1.5747 0.1922
Cyclist -1 -1 3.6467 67.2956 152.1149 196.4472 307.3861 1.8102 0.7094 1.1050 -5.7911 1.4810 8.6291 3.0743 0.1360
Car -1 -1 1.3908 777.7382 202.7324 881.2699 278.0740 1.5073 1.6756 4.1893 5.3931 2.1308 17.6001 1.6843 0.1763
Car -1 -1 -2.0374 764.1629 144.1608 821.4391 177.1746 2.0807 1.8094 4.6574 12.5396 -0.2338 47.5193 -1.7791 0.1636
Car -1 -1 1.1783 15.6941 192.5898 120.0938 237.5627 1.4718 1.6089 4.0958 -19.6579 1.9443 25.8032 0.5348 0.1174
Car -1 -1 1.7461 0.0000 177.5471 63.1316 216.9978 1.6621 1.6584 4.2799 -26.0347 1.5392 32.0595 1.0706 0.1130
