Pedestrian -1 -1 1.8593 310.0923 165.1962 428.9036 374.0000 1.7464 0.7488 0.6902 -1.8981 1.6239 5.8074 1.5497 0.8570
Pedestrian -1 -1 -1.3391 634.5278 158.5672 671.5048 243.5397 1.7435 0.5947 0.9258 1.0680 1.2742 15.2656 -1.2758 0.8200
Pedestrian -1 -1 -1.6392 625.7495 159.9189 646.4548 218.2793 1.8657 0.5916 1.1440 1.1026 1.1769 23.5411 -1.5981 0.7062
Pedestrian -1 -1 -1.6913 753.9492 153.3618 776.7900 211.8126 1.7672 0.5647 0.9891 5.0391 0.9176 22.2341 -1.4760 0.6985
Pedestrian -1 -1 -1.8371 701.8555 162.6100 739.0498 237.1487 1.7918 0.6721 0.9541 2.9006 1.3389 17.7766 -1.6830 0.6109
Pedestrian -1 -1 -2.2108 334.6866 162.5037 378.5048 242.1397 1.6480 0.5792 0.7010 -5.2520 1.2561 15.2999 -2.5415 0.5439
Pedestrian -1 -1 -1.4379 681.3777 159.4838 712.1736 241.9820 1.6699 0.5390 0.8476 1.9628 1.2255 15.0161 -1.3155 0.5338
Pedestrian -1 -1 2.6340 661.3661 159.0785 699.7782 232.3148 1.8052 0.6634 0.7325 1.9626 1.2537 18.1531 2.7349 0.5235
Pedestrian -1 -1 -1.9958 728.1898 153.8027 763.6828 221.4518 1.7691 0.6441 0.8261 3.8349 1.0459 19.2592 -1.8070 0.4032
Pedestrian -1 -1 1.5167 470.7796 164.8873 489.4635 218.8801 1.8016 0.5854 0.6786 -4.1426 1.2484 24.3627 1.3449 0.3833
Cyclist -1 -1 -1.9147 937.3223 164.4454 1009.4090 281.6907 1.6000 0.4003 1.5954 5.4123 1.3686 10.6151 -1.4585 0.4811
Cyclist -1 -1 1.9017 335.5612 157.6618 459.5634 374.0000 1.7648 0.7331 1.0137 -1.7581 1.5791 6.1606 1.6281 0.2059
Cyclist -1 -1 -1.6590 625.3539 160.0775 646.5817 217.8842 1.8504 0.5885 1.1407 1.0998 1.1658 23.5751 -1.6181 0.1766
Cyclist -1 -1 -1.6852 754.3361 152.6865 777.1486 212.6816 1.8126 0.5595 1.0751 5.0567 0.9432 22.2636 -1.4695 0.1405
Cyclist -1 -1 -1.3962 676.1133 158.2223 708.8707 241.7547 1.6883 0.5381 0.9142 1.8760 1.2190 15.0307 -1.2794 0.1374
Car -1 -1 1.6336 566.1227 170.5178 596.9990 196.8496 1.4768 1.5954 3.8678 -1.1261 0.8617 42.2434 1.6021 0.7009
