Pedestrian -1 -1 0.1585 455.7620 172.0686 471.4252 198.6419 1.8036 0.5267 0.9773 -9.6483 1.2326 48.2645 -0.0358 0.4814
Pedestrian -1 -1 -0.2222 583.9707 167.6216 599.0006 194.2473 1.8518 0.5650 0.9525 -0.9451 0.9574 49.5575 -0.2394 0.4275
Pedestrian -1 -1 2.3876 398.3345 177.7704 418.4660 210.8856 1.7561 0.6008 0.8666 -10.5801 1.6128 38.0164 2.1199 0.3144
Pedestrian -1 -1 1.2572 870.4750 139.1974 894.3270 188.3517 1.8589 0.6074 0.8857 10.6379 0.2984 27.1930 1.6281 0.2983
Pedestrian -1 -1 -2.6651 418.1172 178.3890 430.1430 198.5055 1.8249 0.5789 0.8979 -16.4814 1.6346 64.5209 -2.9125 0.2270
Pedestrian -1 -1 2.1833 624.3907 168.0303 644.9633 194.1940 1.7704 0.6004 1.6054 2.0519 0.9280 48.6585 2.2269 0.1292
Cyclist -1 -1 3.0895 621.9017 168.3847 647.5417 194.5103 1.7864 0.5923 1.7342 2.0426 0.9593 48.6462 3.1329 0.5390
Cyclist -1 -1 -0.2148 569.3944 169.5100 595.3755 194.0031 1.7535 0.6703 1.7771 -1.6323 0.9680 51.1534 -0.2448 0.4286
Cyclist -1 -1 2.2749 398.0040 177.6473 417.9483 211.1483 1.7772 0.6057 0.8829 -10.6061 1.6273 38.0308 2.0067 0.1334
Cyclist -1 -1 0.1261 455.0429 171.5121 470.7885 198.4499 1.8282 0.5251 0.9955 -9.6967 1.2195 48.2758 -0.0691 0.1155
Car -1 -1 2.6391 876.9255 144.7749 993.9764 183.1252 1.5452 1.6393 4.1398 13.6856 0.1073 29.4443 3.0720 0.8423
Car -1 -1 -1.5170 531.0795 174.0031 559.9551 198.9730 1.4722 1.5690 3.7134 -3.6305 1.0905 43.5586 -1.5978 0.4743
