Pedestrian -1 -1 -2.1989 759.9332 152.7125 809.7799 214.0096 1.7682 0.8126 1.3405 5.1693 1.1876 21.5865 -1.9674 0.3776
Cyclist -1 -1 -2.1097 765.6684 152.6756 813.5924 214.1427 1.7657 0.8052 1.3415 5.2852 1.1864 21.4841 -1.8721 0.2630
Car -1 -1 -2.0059 794.5538 180.5234 1178.5017 375.0000 1.4294 1.5967 3.7567 3.0422 1.5231 6.8764 -1.6062 0.9325
Car -1 -1 1.9482 187.2195 185.2455 366.1485 295.3819 1.6252 1.5955 3.7700 -5.8157 1.8815 12.9877 1.5342 0.9229
Car -1 -1 1.8730 325.5070 185.6670 429.7554 252.9503 1.4667 1.5148 3.4456 -5.7564 1.8193 18.1070 1.5688 0.8804
Car -1 -1 -1.9197 726.9407 178.9731 888.7955 281.5904 1.4508 1.4880 3.4290 3.1102 1.5698 12.1948 -1.6767 0.8620
Car -1 -1 -1.7732 703.6560 178.2529 799.1578 242.9985 1.4083 1.5668 3.6861 3.3313 1.5563 17.8617 -1.5926 0.7912
Car -1 -1 1.2065 325.9717 184.4692 365.1898 206.3447 1.4594 1.5161 3.4513 -19.0503 2.3233 51.8444 0.8557 0.5210
Car -1 -1 -2.6409 376.9543 175.3999 457.1271 204.7870 1.6781 1.6888 4.3096 -11.4532 1.8340 42.7623 -2.9014 0.5021
Car -1 -1 -2.2275 758.8771 152.5431 808.4962 213.5994 1.7660 0.8168 1.3032 5.1461 1.1789 21.6297 -1.9974 0.1036
