Car -1 -1 -1.7867 698.2902 180.6233 848.2031 280.9483 1.4726 1.6661 4.3368 2.6913 1.6376 13.1099 -1.5897 0.9370
Car -1 -1 -0.2297 795.1607 176.7773 955.2068 242.3335 1.5310 1.5418 3.4602 6.4312 1.6340 17.9170 0.1089 0.7844
Car -1 -1 3.5871 23.3408 167.2844 297.5302 263.3903 1.4618 1.5502 3.5213 -7.2966 1.3774 11.9097 3.0471 0.7357
Car -1 -1 0.6871 0.0000 171.7609 293.1285 296.4617 1.5281 1.5873 3.7139 -6.5625 1.5150 9.8330 0.1108 0.6249
Car -1 -1 -2.3498 0.0000 173.5440 155.1781 331.8314 1.4427 1.5824 3.7613 -7.1179 1.4511 7.4617 -3.0938 0.5870
Car -1 -1 -0.1923 675.0521 173.6478 744.8544 200.4520 1.5180 1.6304 3.7636 5.7275 1.5654 41.8368 -0.0577 0.5530
Car -1 -1 0.3298 202.4673 175.4625 428.8921 254.6125 1.4666 1.5920 3.8489 -5.7504 1.5219 14.3095 -0.0464 0.5481
Car -1 -1 -0.2403 721.8975 171.9954 821.1803 207.5329 1.4330 1.5549 3.7512 6.6070 1.3988 29.9181 -0.0255 0.5193
Car -1 -1 -2.7820 388.0714 173.4844 506.0192 215.8076 1.5268 1.6197 4.0151 -6.1302 1.5518 27.1390 -3.0025 0.4730
Car -1 -1 -2.9526 428.4681 173.3944 525.8308 210.2346 1.5696 1.6342 3.9566 -5.8046 1.5942 31.5965 -3.1333 0.4442
Car -1 -1 0.8189 0.0000 204.8507 144.2865 375.0000 1.4760 1.6015 3.8746 -5.7403 1.7343 4.9950 -0.0093 0.4353
Car -1 -1 -1.5691 631.9340 171.7569 654.5481 193.2765 1.6189 1.7006 4.2433 2.5743 1.5367 56.4369 -1.5241 0.3714
Car -1 -1 -1.4922 489.5430 161.3253 525.4658 191.6436 1.5027 1.5607 3.8546 -5.3479 0.9316 37.7313 -1.6323 0.3679
Car -1 -1 2.8590 748.2399 176.2202 892.3337 226.3951 1.5007 1.6134 4.0214 6.4364 1.6099 22.5109 3.1334 0.3432
