Car -1 -1 -1.7180 664.8819 183.6592 740.9667 239.5202 1.3894 1.5792 3.8048 2.5085 1.7272 20.6117 -1.5994 0.9083
Car -1 -1 0.4015 164.3532 183.4943 419.5479 262.2202 1.4555 1.6446 4.3652 -6.2481 1.6803 14.3877 -0.0020 0.8970
Car -1 -1 -1.6728 652.4931 178.9939 701.9811 217.5861 1.4547 1.6157 4.0283 2.6730 1.7265 29.8650 -1.5850 0.7922
Car -1 -1 0.6828 0.0000 192.4848 232.0906 334.4707 1.4380 1.5737 3.7619 -6.7222 1.6883 8.3590 0.0208 0.7188
Car -1 -1 1.6558 553.1625 176.1720 584.3905 202.5508 1.5517 1.6143 3.9538 -2.5579 1.7679 44.9417 1.5988 0.6882
Car -1 -1 0.3110 332.2094 173.8689 477.7310 226.7285 1.5231 1.6154 3.9035 -6.1406 1.5553 21.7032 0.0380 0.6784
Car -1 -1 -0.7862 1018.3419 190.6806 1242.0000 375.0000 1.4587 1.6138 3.8607 5.7750 1.6327 6.1155 -0.0540 0.6511
Car -1 -1 -1.6486 634.1055 174.7423 663.6412 201.9116 1.7409 1.6657 4.0223 2.5446 1.8736 48.5446 -1.5970 0.5958
Car -1 -1 0.4775 419.3543 181.8029 519.1891 219.8709 1.4759 1.5575 3.7587 -5.8483 1.8622 29.8464 0.2852 0.5491
Car -1 -1 -2.3294 0.0000 199.3195 146.8172 375.0000 1.4886 1.6200 3.9406 -6.4372 1.7430 6.0737 -3.1219 0.5139
