Car -1 -1 1.8939 216.9019 186.7564 448.9340 324.9371 1.5197 1.7583 4.4193 -3.7678 1.7671 10.5991 1.5593 0.9428
Car -1 -1 2.1183 0.0000 201.9763 265.8195 339.5144 1.4531 1.5689 3.9846 -6.7599 1.9571 10.4724 1.5562 0.8926
Car -1 -1 1.7757 406.9828 186.2419 495.7758 251.4120 1.4343 1.5070 3.5332 -3.9800 1.8085 18.3763 1.5646 0.8541
Car -1 -1 -1.6530 643.3456 176.0104 686.1886 211.1649 1.4464 1.5717 3.7038 2.3247 1.5943 31.8776 -1.5814 0.8097
Car -1 -1 -0.2925 763.5928 159.3102 911.9321 210.0224 1.6899 1.7391 4.5755 7.7325 1.2389 24.9214 0.0046 0.5380
Car -1 -1 1.7213 487.4976 181.6756 521.6978 207.2981 1.5674 1.6511 3.9712 -6.9226 2.1728 47.4968 1.5769 0.4929
Car -1 -1 -3.3057 750.9182 163.0050 868.8244 206.5676 1.6200 1.6777 4.1631 7.5933 1.2541 27.8705 -3.0428 0.4037
Car -1 -1 -0.2026 723.1899 166.6100 810.6354 198.9314 1.4900 1.5703 3.7908 7.3199 1.2025 34.0585 0.0070 0.3831
Car -1 -1 -1.0828 377.2889 190.5921 471.0321 238.8685 1.4820 1.6097 3.8521 -6.5615 2.1656 25.7251 -1.3307 0.3823
Car -1 -1 -2.1199 976.5097 164.0110 1067.5822 200.0010 1.4884 1.6277 3.9881 18.0323 1.1231 31.8613 -1.6091 0.2810
Car -1 -1 3.3443 406.0737 180.2869 491.0645 212.1085 1.4926 1.5825 3.7875 -7.8314 1.8624 35.0451 3.1257 0.2670
