Pedestrian -1 -1 -1.7732 245.7298 127.4964 280.6923 197.2174 1.8646 0.7092 0.8679 -9.5944 0.6519 19.8536 -2.2182 0.3990
Pedestrian -1 -1 1.3622 433.1610 143.6562 452.1448 187.1607 1.8778 0.6475 0.8605 -7.3893 0.6179 31.6681 1.1346 0.3141
Pedestrian -1 -1 -1.0985 0.0000 114.0080 57.0272 229.5972 1.7519 0.5999 0.5930 -9.2055 0.8604 11.2833 -1.7713 0.3016
Pedestrian -1 -1 1.0725 112.2256 124.8089 165.2472 217.1563 1.8276 0.6784 0.6533 -9.6692 0.8771 14.7315 0.4999 0.2843
Car -1 -1 3.5612 0.0000 151.8318 358.5530 317.1819 1.9616 1.7386 4.3103 -5.8511 1.7126 9.6642 3.0284 0.8930
Car -1 -1 -2.7853 350.8260 175.3089 464.2425 221.1581 1.5173 1.5656 3.4388 -6.9826 1.6055 24.9000 -3.0564 0.8376
Car -1 -1 1.3660 701.9464 181.7675 817.6535 264.3734 1.4974 1.6110 3.8661 3.0026 1.7127 15.4438 1.5534 0.7074
Car -1 -1 0.4808 92.3769 174.9249 369.7276 273.5553 1.5436 1.6298 3.8260 -6.2892 1.5812 12.1623 0.0120 0.6447
Car -1 -1 -2.8268 409.6660 178.6349 508.8599 216.6741 1.5108 1.5911 3.7215 -6.2591 1.7591 29.9517 -3.0315 0.3109
Car -1 -1 -1.4526 638.2855 177.5495 671.5793 203.5618 1.4607 1.5587 3.8088 2.7003 1.7556 43.2535 -1.3912 0.3070
Car -1 -1 -2.8961 379.7521 175.8834 496.8427 218.6807 1.5740 1.6396 4.0651 -6.5242 1.6934 27.5023 -3.1273 0.2637
Car -1 -1 -1.9344 729.4122 83.5530 1102.2256 375.0000 2.5051 2.0192 5.6470 3.0393 1.7482 8.9853 -1.6195 0.2118
