Pedestrian -1 -1 3.0122 0.0000 121.7559 75.8854 253.7103 1.7052 0.4695 0.7602 -7.7899 1.0452 9.7565 2.3516 0.2554
Car -1 -1 -1.9744 809.2700 150.3998 1149.0802 351.3415 1.8460 1.8052 4.7661 3.9954 1.6401 9.0094 -1.5702 0.9105
Car -1 -1 -1.7859 755.5394 181.8448 879.1630 267.5347 1.5210 1.6130 4.0961 4.1757 1.7383 15.3243 -1.5257 0.8851
Car -1 -1 -1.8125 722.1177 180.5350 805.1730 238.1580 1.4940 1.5452 3.4402 4.3118 1.7358 20.9225 -1.6129 0.8455
Car -1 -1 1.7417 498.5477 183.2066 551.9263 221.5507 1.4954 1.6454 3.9504 -3.6401 1.9730 31.2433 1.6261 0.8229
Car -1 -1 2.2301 0.0000 203.6509 201.0350 375.0000 1.4751 1.5962 3.8509 -4.5472 1.7643 4.7864 1.4978 0.8179
Car -1 -1 -1.6976 710.5423 180.1155 770.0099 226.7336 1.5140 1.6039 3.8782 4.5727 1.7960 26.0172 -1.5263 0.6856
Car -1 -1 -1.7068 697.7787 179.0120 745.2949 216.6821 1.5236 1.5623 3.6038 4.7825 1.8090 31.5836 -1.5585 0.5553
Car -1 -1 1.7078 524.5974 180.9384 566.4037 213.0786 1.5207 1.6261 3.8929 -3.3002 1.9592 37.1175 1.6192 0.3883
Car -1 -1 1.6770 577.4856 179.6387 601.7875 199.6454 1.5273 1.5746 3.7940 -1.6404 2.0948 58.3558 1.6485 0.3160
Car -1 -1 1.5181 692.3204 174.2081 729.2025 206.2365 1.5276 1.6240 4.1531 5.0373 1.6009 36.7278 1.6528 0.2426
