Pedestrian -1 -1 -0.3250 776.4812 166.3777 794.0563 198.3300 1.8232 0.5154 0.8611 10.0352 1.4540 41.4629 -0.0895 0.1749
Pedestrian -1 -1 1.9771 106.4955 170.4877 132.5518 215.9229 1.8792 0.6481 0.7799 -20.6212 1.7817 30.2839 1.3832 0.1694
Pedestrian -1 -1 -1.9592 110.8545 197.3045 135.6769 239.2544 1.7939 0.7005 0.6937 -21.5598 2.8917 31.9003 -2.5499 0.1489
Pedestrian -1 -1 -0.8913 281.7938 188.5945 304.6761 227.6924 1.7117 0.6342 0.7104 -14.2422 2.4273 32.3566 -1.3033 0.1387
Pedestrian -1 -1 -1.6086 404.8514 155.2388 423.0729 201.4389 1.8646 0.6971 0.6029 -8.0624 1.1540 29.5094 -1.8733 0.1349
Cyclist -1 -1 2.4084 94.2567 185.2305 131.5586 220.6369 1.7719 0.5919 1.6177 -25.8975 2.4313 37.5612 1.8079 0.1810
Cyclist -1 -1 -2.1056 1136.9171 171.3391 1242.0000 347.8252 1.5946 0.3483 1.5031 5.9052 1.5813 7.2841 -1.4447 0.1635
Car -1 -1 2.1304 0.0000 197.6568 140.1051 302.0313 1.4869 1.5014 3.4091 -10.1772 1.9912 12.8877 1.4718 0.8087
Car -1 -1 1.4942 424.0783 177.0104 458.9705 206.0443 1.4906 1.5710 3.9427 -9.3606 1.7323 39.7641 1.2641 0.3914
Car -1 -1 1.5586 900.7925 167.1969 936.9604 197.9348 1.4935 1.6297 4.0097 15.8513 1.2190 37.2208 1.9581 0.2078
Car -1 -1 1.0003 992.0189 187.8415 1055.7084 214.3873 1.5639 1.6352 4.0781 26.8040 2.5824 46.9354 1.5159 0.1925
