Pedestrian -1 -1 -1.8869 745.3564 155.0032 776.5659 221.9736 1.7925 0.5454 1.0176 4.0949 1.3151 19.8465 -1.6870 0.6653
Pedestrian -1 -1 2.1128 398.9089 150.5858 423.8900 195.9447 1.8345 0.5832 0.9545 -8.2156 0.9343 29.7180 1.8452 0.2033
Cyclist -1 -1 1.8451 374.2893 167.5194 440.9952 286.6049 1.7804 0.5681 1.8033 -3.2898 1.7010 11.6879 1.5757 0.9005
Cyclist -1 -1 2.0972 398.1271 150.3943 428.3843 193.8435 1.7570 0.5696 1.4301 -8.1928 0.8491 29.9384 1.8321 0.1904
Cyclist -1 -1 -1.8170 746.3849 154.1803 777.0142 222.1647 1.8233 0.5651 1.1199 4.1295 1.3228 19.9206 -1.6161 0.1616
Car -1 -1 1.9450 161.6994 187.7556 379.1223 309.2758 1.5087 1.6555 4.2192 -5.2007 1.7933 11.6204 1.5320 0.8826
Car -1 -1 1.8088 459.8567 177.4174 527.0396 217.1808 1.5182 1.7961 4.3872 -4.8416 1.7247 30.3236 1.6513 0.8767
Car -1 -1 -1.5468 660.1062 173.4043 697.9791 208.1697 1.4622 1.5940 3.6546 3.0901 1.4887 32.3140 -1.4528 0.6885
Car -1 -1 1.7057 677.1599 168.2305 712.7870 195.4827 1.5260 1.5817 3.8746 5.0098 1.2674 42.4725 1.8220 0.4226
Car -1 -1 1.7321 703.9080 167.6492 743.5411 195.2983 1.5249 1.6340 4.2034 6.6408 1.2382 42.0435 1.8873 0.2109
Car -1 -1 1.0966 1007.5690 174.0093 1132.1447 226.5045 1.4505 1.5862 3.8416 13.8049 1.4892 21.9985 1.6505 0.1969
