Pedestrian -1 -1 -2.2228 757.5192 170.0635 791.5832 232.7872 1.7236 0.6214 0.7224 4.5741 1.6473 20.2828 -2.0049 0.2297
Pedestrian -1 -1 1.9363 431.0099 165.6052 537.9711 339.4252 1.7033 0.6153 1.6185 -1.3791 1.6326 7.9215 1.7680 0.1174
Cyclist -1 -1 1.7686 440.8672 164.1507 526.7795 342.9558 1.7398 0.5901 1.7492 -1.3855 1.6555 7.9004 1.5990 0.9014
Cyclist -1 -1 1.6923 862.0370 149.4893 899.7129 226.8570 1.7401 0.6554 1.6375 6.3879 1.2150 17.1042 2.0436 0.2177
Car -1 -1 -1.8677 765.4679 191.3178 1066.2461 375.0000 1.4332 1.4900 3.3392 2.4462 1.6493 6.7330 -1.5347 0.8959
Car -1 -1 1.7820 374.8927 175.6715 508.6972 272.2518 1.6176 1.7003 4.1809 -3.1910 1.6820 14.2995 1.5655 0.8821
Car -1 -1 -1.4173 480.8058 181.6425 551.9926 237.0164 1.5032 1.5951 3.7889 -2.8223 1.7962 22.1076 -1.5435 0.8186
Car -1 -1 1.4948 635.8208 177.6159 672.6812 208.2868 1.5463 1.6710 4.1041 2.3090 1.8182 39.0815 1.5528 0.7448
Car -1 -1 3.8402 0.0000 175.9919 194.3741 326.1177 1.4583 1.5985 3.9041 -7.0019 1.4964 7.8635 3.1294 0.6864
Car -1 -1 1.6028 561.8596 170.5918 584.0543 191.2826 1.5905 1.6380 4.1717 -2.9477 1.4170 57.5630 1.5516 0.5372
