Pedestrian -1 -1 1.0470 1083.4523 120.2988 1141.5674 224.9062 1.6613 0.4602 0.7558 8.1859 0.8270 11.8493 1.6401 0.4448
Cyclist -1 -1 1.0124 1082.6436 119.1360 1142.2646 225.0036 1.6822 0.4593 0.7700 8.1884 0.8290 11.8548 1.6054 0.1130
Car -1 -1 1.7981 344.4821 188.6603 483.1440 279.6027 1.4818 1.7440 4.3495 -3.8410 1.8526 14.7124 1.5462 0.9305
Car -1 -1 2.0066 151.1622 201.0647 340.0863 300.1213 1.4618 1.6176 4.0658 -6.7805 2.0838 13.8518 1.5584 0.8710
Car -1 -1 1.7144 450.0970 187.9544 513.0458 239.1867 1.4527 1.5102 3.4673 -4.1073 1.9763 23.2465 1.5408 0.7814
Car -1 -1 -1.5976 640.0485 176.9668 675.1084 209.7645 1.4964 1.5966 3.7056 2.2418 1.7085 35.2690 -1.5352 0.7730
Car -1 -1 -0.2624 757.3199 168.3184 868.1917 207.6601 1.5053 1.5901 3.9207 7.8799 1.3322 28.4105 0.0050 0.6111
Car -1 -1 1.4837 491.6945 183.2053 520.3995 207.1917 1.5557 1.6464 4.1041 -7.3938 2.3173 50.8682 1.3396 0.3299
Car -1 -1 2.8811 735.3223 161.5958 838.0109 199.1219 1.5925 1.6568 4.0610 7.6171 1.1151 31.4981 3.1159 0.2833
Car -1 -1 -3.1614 711.2341 170.4676 789.7654 200.1837 1.4961 1.6017 3.9168 7.2170 1.3763 37.4431 -2.9728 0.2585
Car -1 -1 1.7270 462.0469 172.0444 487.6075 190.2641 1.4949 1.5489 3.8508 -11.4432 1.4288 61.1439 1.5425 0.2581
