Pedestrian -1 -1 -2.6728 223.3599 153.9891 262.9253 224.9008 1.7633 0.6474 0.6722 -9.3273 1.2946 18.2639 -3.1393 0.1538
Pedestrian -1 -1 0.6809 1118.4707 147.5280 1242.0000 316.7051 1.7581 0.7676 0.9481 6.3638 1.4953 8.0472 1.3317 0.1454
Pedestrian -1 -1 2.2797 70.6256 151.5409 127.3297 245.1469 1.7620 0.5649 0.7159 -9.9298 1.3612 13.9634 1.6704 0.1406
Car -1 -1 -1.7419 701.3713 178.9614 810.6135 259.7357 1.4390 1.5682 3.6167 2.8359 1.5812 14.9436 -1.5589 0.8986
Car -1 -1 -1.6703 631.2706 169.0386 671.2266 207.5569 2.0441 1.7818 4.5862 2.2250 1.8420 40.6200 -1.6165 0.6122
Car -1 -1 -2.3691 0.0000 0.0000 1242.0000 375.0000 1.5080 1.5796 3.6936 2.8139 1.6563 1.8876 -1.4598 0.4782
Car -1 -1 1.8772 234.0430 137.5068 492.9356 330.1985 2.0258 1.8402 4.9955 -3.0594 1.6546 10.0974 1.5893 0.4115
Car -1 -1 1.3518 549.0747 179.2764 576.3356 196.8227 1.4836 1.6023 4.0097 -4.2953 2.0793 64.7285 1.2854 0.2214
Car -1 -1 -1.1616 222.5741 140.1619 352.8193 207.8846 1.5693 1.6229 3.9232 -8.2165 0.8121 18.6793 -1.5710 0.1862
Car -1 -1 -1.0874 153.0077 145.2182 296.6717 217.0235 1.6674 1.6382 3.8847 -9.8382 1.0260 18.6984 -1.5661 0.1366
