Pedestrian -1 -1 -1.9613 252.7135 117.2209 283.9926 183.8977 1.8165 0.5794 0.6641 -9.5627 0.3012 20.0921 -2.4004 0.2763
Car -1 -1 -1.8653 729.2944 181.6238 927.5944 316.4899 1.5713 1.6168 3.9155 2.9063 1.7252 10.6478 -1.6071 0.9104
Car -1 -1 -1.7270 669.6607 177.5352 740.2367 230.2057 1.4932 1.6176 3.6497 2.8447 1.6524 22.6323 -1.6043 0.9065
Car -1 -1 -2.6232 147.1548 166.4397 400.5413 258.6120 1.5992 1.6846 4.0100 -6.2468 1.4882 13.5409 -3.0484 0.8467
Car -1 -1 -2.0776 827.5394 196.7292 1242.0000 375.0000 1.4310 1.5159 3.5508 2.8432 1.6621 5.1739 -1.6002 0.8052
Car -1 -1 -2.4565 0.0000 145.5332 270.8496 294.7010 1.6482 1.6729 3.9780 -6.6223 1.3467 8.9254 -3.0808 0.7673
Car -1 -1 -1.6556 648.8691 169.7956 690.9344 207.4811 1.6589 1.6342 3.6180 2.6956 1.5247 33.5736 -1.5767 0.7633
Car -1 -1 0.4092 313.6071 175.3927 468.5827 229.1535 1.4962 1.6092 4.0566 -6.4237 1.5748 21.2141 0.1182 0.7200
Car -1 -1 -2.8781 372.3215 164.9292 499.0139 213.5619 1.7039 1.6990 4.1709 -6.3025 1.4266 26.1875 -3.1124 0.6719
Car -1 -1 -2.3473 65.2857 186.1058 352.0307 295.5894 1.4518 1.6105 3.9512 -6.2654 1.6833 11.2358 -2.8464 0.5847
Car -1 -1 0.7590 0.0000 160.3944 231.6658 359.8426 1.5790 1.6367 3.9451 -5.9184 1.4807 6.6247 0.0497 0.4914
