Pedestrian -1 -1 3.3936 78.4710 178.2719 142.1457 314.0441 1.7012 0.6328 0.5413 -6.5889 1.7755 9.4582 2.7980 0.5906
Pedestrian -1 -1 -2.0632 865.0082 134.6959 928.3073 234.4689 1.8342 0.7341 0.9981 5.4137 1.1331 13.8029 -1.6970 0.3828
Pedestrian -1 -1 0.4623 782.3672 192.1292 859.6315 343.7055 1.5143 0.3682 0.6980 2.1834 1.7295 7.6695 0.7279 0.2198
Pedestrian -1 -1 1.4652 670.6781 166.8364 695.9507 229.6448 1.8069 0.6397 0.9394 2.1021 1.6342 21.2278 1.5618 0.1962
Pedestrian -1 -1 0.4946 0.0000 175.3160 47.4630 267.5850 1.7409 0.6499 0.5606 -11.4747 1.7903 14.0015 -0.1827 0.1897
Cyclist -1 -1 -2.1006 862.2587 135.8329 928.3669 234.0646 1.8131 0.7412 1.0646 5.4252 1.1301 13.9008 -1.7361 0.1240
Cyclist -1 -1 1.4652 670.6781 166.8364 695.9507 229.6448 1.8069 0.6397 0.9394 2.1021 1.6342 21.2278 1.5618 0.1104
Car -1 -1 -1.5360 581.6030 177.3940 614.8460 208.3734 1.4844 1.5791 3.7061 -0.5985 1.7292 36.9848 -1.5526 0.6677
Car -1 -1 -1.4842 540.7311 175.9678 570.9873 201.5020 1.5011 1.5660 3.5650 -3.3454 1.7018 44.6427 -1.5589 0.5134
Car -1 -1 1.5401 770.9379 175.9927 801.9487 204.4042 1.5083 1.5678 3.9151 9.9074 1.6953 40.8371 1.7760 0.3358
Car -1 -1 -2.6034 730.2220 177.6835 788.6586 201.0367 1.5819 1.6518 3.7713 10.6183 1.9398 51.5313 -2.4017 0.2576
Car -1 -1 1.5469 69.4653 189.8996 121.9241 234.6466 1.5295 1.5824 3.9866 -20.2591 2.2476 28.3086 0.9300 0.2008
