Pedestrian -1 -1 1.1237 470.7584 178.2498 494.2683 211.3332 1.7389 0.6035 1.6362 -6.9419 2.0375 39.0375 0.9484 0.1374
Cyclist -1 -1 1.2918 472.7594 178.2764 492.5331 212.1406 1.7738 0.5867 1.7701 -6.9313 2.0743 39.0115 1.1167 0.7355
Car -1 -1 -1.8536 651.9687 177.3667 722.2495 222.4071 1.5312 1.6283 3.6416 2.7467 1.7117 26.8542 -1.7535 0.8833
Car -1 -1 -3.1918 810.8733 179.5592 964.9810 241.1488 1.4923 1.5707 3.6566 7.1821 1.6819 19.0595 -2.8373 0.8385
Car -1 -1 2.1668 0.0000 208.1978 317.3844 375.0000 1.4647 1.4693 3.3079 -3.5730 1.7995 5.1598 1.5843 0.8372
Car -1 -1 -2.0429 860.0502 178.4996 1242.0000 375.0000 1.4545 1.5492 3.6588 3.1616 1.5114 5.3757 -1.5358 0.8299
Car -1 -1 -3.5355 996.3599 173.7617 1197.8552 236.5132 1.4825 1.6021 3.9016 12.0947 1.5072 18.2217 -2.9574 0.7391
Car -1 -1 -1.8155 589.9104 179.0518 631.7059 207.8583 1.5497 1.6009 3.4757 -0.0312 1.9228 41.5040 -1.8168 0.7322
Car -1 -1 2.4758 543.4213 177.9939 595.5159 198.8519 1.5555 1.6436 3.9035 -3.1834 1.9730 56.6515 2.4195 0.6158
Car -1 -1 2.2132 624.4853 175.5761 676.6340 198.0944 1.5843 1.6772 4.1986 3.0150 1.7944 53.4294 2.2688 0.3949
