Car -1 -1 -1.2507 236.6281 187.9611 449.0139 318.2458 1.4919 1.6358 3.8117 -3.5373 1.5394 10.2189 -1.5762 0.9311
Car -1 -1 -0.9385 0.0000 178.1376 189.5297 330.1181 1.6341 1.6489 4.0645 -7.7117 1.5591 9.7755 -1.5933 0.8334
Car -1 -1 -1.5492 583.8668 178.7386 622.1648 215.4138 1.6162 1.6887 3.7361 -0.2169 1.3319 33.5541 -1.5560 0.8212
Car -1 -1 1.7473 464.5301 175.0230 536.6219 229.1262 1.5373 1.5799 3.6839 -3.2752 1.2488 22.2887 1.6028 0.8186
Car -1 -1 1.8216 366.2258 184.2970 438.1578 224.7878 1.3567 1.5580 3.9836 -7.4013 1.3271 26.0921 1.5476 0.7238
Car -1 -1 -1.4024 431.9000 181.3312 475.9045 212.2404 1.4670 1.5758 3.5418 -7.6646 1.2838 35.9168 -1.6115 0.7056
Car -1 -1 -1.0144 196.3678 185.7351 355.1100 255.7021 1.4072 1.5500 3.6887 -7.4406 1.4216 16.4156 -1.4341 0.6899
Car -1 -1 -1.0380 79.5904 185.6842 236.5423 246.2815 1.3932 1.5925 4.0058 -11.4436 1.4078 18.5683 -1.5841 0.6665
Car -1 -1 1.9501 329.8289 178.1503 391.9302 209.9250 1.4960 1.5916 3.8948 -12.2553 1.1645 35.8279 1.6225 0.4676
Car -1 -1 1.4816 502.4829 176.7274 539.1581 207.5799 1.5206 1.5550 3.8255 -4.6047 1.1034 37.4590 1.3598 0.3193
