Pedestrian -1 -1 -2.7032 335.8093 168.0551 376.8409 219.8243 1.7526 0.6433 1.1694 -8.6781 1.1728 24.7126 -3.0378 0.2172
Cyclist -1 -1 -2.7451 333.0139 168.3416 379.0097 220.5546 1.7684 0.6451 1.3480 -8.6853 1.1980 24.7069 -3.0800 0.2464
Car -1 -1 -1.1796 264.0735 181.2287 372.5680 241.2692 1.5081 1.5746 3.3939 -7.8756 1.4091 19.7617 -1.5545 0.8677
Car -1 -1 -1.6185 577.2783 178.6754 619.2675 216.4384 1.5674 1.6668 3.6355 -0.5048 1.2971 31.7001 -1.6347 0.7999
Car -1 -1 -1.5326 639.6522 173.5857 673.5797 203.9158 1.4791 1.5983 4.2217 2.5480 0.9131 37.2366 -1.4651 0.3894
Car -1 -1 -1.0923 68.9439 185.5506 272.3026 281.5763 1.5006 1.5813 3.7459 -7.7790 1.5087 13.1508 -1.6177 0.3330
Car -1 -1 -1.1489 230.2152 183.2440 317.0635 227.0153 1.4987 1.5467 3.5913 -12.2079 1.4324 26.4114 -1.5783 0.2977
Car -1 -1 -0.8597 0.0000 0.0000 297.7245 376.0000 2.1956 1.7572 4.2924 -3.3928 1.6240 3.5896 -1.5802 0.2764
Car -1 -1 1.7426 454.8299 187.7848 522.1440 236.0058 1.4248 1.5272 3.7533 -3.8243 1.5160 23.3222 1.5815 0.2345
Car -1 -1 -1.1349 170.4770 143.5556 257.2678 190.8876 1.7049 1.5738 3.5380 -15.1098 0.2054 27.7022 -1.6300 0.2096
Car -1 -1 -1.2842 345.0741 169.3123 419.8083 214.2302 1.5436 1.6100 3.8405 -8.2866 0.9982 26.6298 -1.5833 0.1820
