Pedestrian -1 -1 -2.1580 275.6523 171.2760 327.0970 256.6343 1.6473 0.6950 0.6658 -6.0237 1.4512 14.3339 -2.5548 0.7986
Pedestrian -1 -1 -1.6892 631.3580 162.2456 669.7491 245.5676 1.6490 0.6827 0.7992 0.9522 1.2692 14.6333 -1.6307 0.7872
Pedestrian -1 -1 1.7564 289.9657 144.6569 400.7375 374.0000 1.6790 0.5632 0.7748 -1.7366 1.4553 4.8128 1.4203 0.7356
Pedestrian -1 -1 -1.6581 617.1204 162.4388 640.8928 220.2834 1.8034 0.6662 0.9857 0.8450 1.2103 22.9037 -1.6268 0.6958
Pedestrian -1 -1 1.6919 166.6293 162.1366 326.9120 374.0000 1.6862 0.6757 0.7347 -1.9028 1.5962 3.8445 1.2510 0.6785
Pedestrian -1 -1 -2.1270 719.0572 158.4145 757.3893 228.1194 1.7622 0.5586 0.9473 3.5201 1.1798 18.7010 -1.9487 0.6553
Pedestrian -1 -1 -1.6199 665.3537 167.2663 690.2318 239.3935 1.7070 0.5473 0.9292 1.8152 1.3713 17.4748 -1.5232 0.6096
Pedestrian -1 -1 1.3193 751.7752 157.4950 777.4456 217.3580 1.7642 0.5474 0.8652 4.8736 1.0579 21.6098 1.5334 0.5995
Pedestrian -1 -1 -1.8356 703.5644 166.1975 736.4107 237.2549 1.6561 0.5716 0.8254 2.7926 1.3007 17.1816 -1.6821 0.5893
Pedestrian -1 -1 -2.0656 671.6105 164.6727 716.5150 248.7074 1.6330 0.5788 0.8010 1.8147 1.3072 14.4350 -1.9482 0.5877
Pedestrian -1 -1 1.7238 449.5376 162.4375 470.7003 220.4365 1.8033 0.5481 0.7838 -4.4939 1.2117 22.7355 1.5257 0.5436
Pedestrian -1 -1 0.9563 488.0305 148.6269 505.7870 185.8529 1.8154 0.5717 0.6931 -5.1714 0.2132 35.4763 0.8078 0.5307
Pedestrian -1 -1 1.1474 741.3223 163.5766 767.1128 218.2158 1.7545 0.5130 0.8593 4.9750 1.1800 23.5387 1.3483 0.5191
Cyclist -1 -1 1.7738 204.4782 150.0169 363.5899 374.0000 1.7420 0.6747 0.8512 -1.8355 1.5826 4.1511 1.3728 0.1292
Cyclist -1 -1 -1.6118 665.9662 166.7536 690.4016 238.5428 1.7056 0.5454 0.9503 1.8332 1.3565 17.5539 -1.5146 0.1121
Cyclist -1 -1 -1.8295 701.6560 166.9747 734.6138 238.0682 1.6550 0.5694 0.8583 2.7471 1.3180 17.1767 -1.6786 0.1058
Car -1 -1 1.6275 554.4592 169.0292 586.8173 198.2734 1.5915 1.6452 4.0087 -1.7173 0.9137 41.1030 1.5811 0.7404
