Pedestrian -1 -1 1.7323 403.8092 177.1096 423.4436 221.1274 1.8982 0.7411 0.5983 -8.6135 2.0864 31.5137 1.4671 0.7405
Pedestrian -1 -1 -1.4983 437.3961 179.1875 448.5278 205.8989 1.8662 0.7264 0.5648 -11.8109 2.3164 50.9023 -1.7256 0.1785
Pedestrian -1 -1 3.5133 252.8117 186.9384 292.1501 272.2925 1.5531 0.3962 0.5561 -6.3208 1.8195 13.4118 3.0800 0.1765
Pedestrian -1 -1 -1.4753 115.2656 202.6335 139.2424 263.0688 1.6556 0.5027 0.6982 -13.8310 2.5243 20.6097 -2.0607 0.1276
Pedestrian -1 -1 -0.0616 722.9789 185.8296 753.9068 271.4876 1.5536 0.4253 0.5365 2.3284 1.7993 13.3966 0.1055 0.1175
Cyclist -1 -1 -2.4798 310.3605 185.4853 356.7342 229.9569 1.6671 0.5775 1.6711 -10.7183 2.1644 27.8627 -2.8443 0.1184
Car -1 -1 -1.2038 344.0722 141.5654 423.7345 192.1204 1.5613 1.5344 2.9819 -7.4312 0.5954 23.8205 -1.5032 0.3052
Car -1 -1 1.7152 469.1909 179.3781 507.3170 206.4233 1.4330 1.5880 3.9931 -6.9358 1.8242 41.2125 1.5491 0.2262
Car -1 -1 1.6706 464.4057 176.5012 491.1337 198.3431 1.5490 1.5825 3.8805 -9.8560 1.8316 53.8328 1.4901 0.1691
Car -1 -1 1.5434 956.6564 154.9654 1000.8777 191.6699 1.4808 1.5684 4.0020 15.8675 0.7595 31.2523 2.0093 0.1467
Car -1 -1 1.6647 527.1721 176.5772 550.7381 195.9543 1.5095 1.5535 3.9587 -5.7962 1.8243 58.9508 1.5667 0.1193
