Cyclist -1 -1 1.5845 514.6470 172.5285 530.3683 222.4761 1.7900 0.5570 1.7850 -3.2802 1.7787 26.7727 1.4632 0.8456
Car -1 -1 3.5388 131.3051 176.9327 374.2046 266.4405 1.6447 1.6912 3.9660 -6.9664 1.7312 14.2848 3.0919 0.8576
Car -1 -1 -0.5092 881.6452 182.8517 1220.2667 300.8574 1.5485 1.6565 3.8878 6.1384 1.7054 10.4534 0.0085 0.8574
Car -1 -1 -2.4923 0.0000 184.0082 292.8539 308.8208 1.5166 1.6282 3.9619 -6.7235 1.6841 9.8704 -3.0781 0.8338
Car -1 -1 -0.7221 984.8960 184.8568 1242.0000 346.4960 1.4835 1.6336 3.8974 6.2953 1.6270 7.6790 -0.0549 0.7892
Car -1 -1 2.6664 781.2086 181.7435 995.8979 264.0977 1.6303 1.6774 4.0095 5.8811 1.8360 15.5887 3.0200 0.7813
Car -1 -1 1.4011 629.3196 177.1638 678.8539 211.7165 1.4970 1.6224 4.2104 1.9689 1.7134 33.9850 1.4579 0.7585
Car -1 -1 0.4032 182.4674 158.9878 415.0177 246.3810 1.9386 1.8172 4.6741 -7.2074 1.6313 16.9246 0.0058 0.7582
Car -1 -1 -0.3952 740.3719 182.9565 918.5847 242.8890 1.4228 1.6056 4.0666 5.5071 1.6964 18.4941 -0.1110 0.7341
Car -1 -1 -0.3753 738.5120 171.6442 892.6175 227.3242 1.5184 1.6251 3.9272 5.7847 1.4858 20.6917 -0.1070 0.7147
Car -1 -1 0.7305 0.0000 184.5594 215.5919 347.8091 1.4503 1.5982 3.9246 -6.4826 1.5843 7.3828 0.0277 0.7065
Car -1 -1 -0.4851 849.3964 181.3203 1117.3248 273.2304 1.5096 1.6211 3.9572 6.4727 1.6713 12.8765 -0.0293 0.6953
Car -1 -1 0.2475 375.7341 178.8323 489.1358 217.9763 1.4683 1.6016 4.0233 -6.9043 1.7085 28.1300 0.0085 0.6126
Car -1 -1 -2.8188 406.8085 179.1966 507.8754 215.3664 1.4746 1.6068 3.9133 -6.5170 1.7547 30.7954 -3.0261 0.5822
