Pedestrian -1 -1 1.7530 481.9748 177.7368 493.6027 208.2713 1.8098 0.5295 0.9344 -7.3784 2.1069 43.3846 1.5851 0.3507
Cyclist -1 -1 1.7247 482.1037 177.2602 493.2213 207.7678 1.8117 0.5288 0.8996 -7.3938 2.0800 43.4295 1.5566 0.1503
Car -1 -1 2.0462 28.3709 198.8378 400.3539 375.0000 1.5094 1.6335 3.9501 -3.6972 1.8540 7.5545 1.6039 0.9310
Car -1 -1 -1.8959 646.5888 177.3843 712.6019 218.6075 1.5497 1.6284 3.5097 2.7280 1.7468 29.4342 -1.8050 0.8872
Car -1 -1 -1.9332 788.0800 179.8674 1076.6113 358.1417 1.4842 1.5564 3.6450 3.1428 1.5798 7.9706 -1.5713 0.8771
Car -1 -1 -3.1542 786.0801 175.8716 923.1227 230.8213 1.5380 1.6050 3.7607 7.2271 1.6346 21.6686 -2.8370 0.7460
Car -1 -1 1.3928 594.4283 176.9839 630.6958 204.5839 1.5903 1.5839 3.6604 0.0819 1.8541 44.0932 1.3941 0.6458
Car -1 -1 -2.3517 948.0425 211.2471 1242.0000 375.0000 1.4659 1.6151 3.9003 3.0870 1.7284 2.9558 -1.5943 0.6069
Car -1 -1 2.5132 544.7673 178.5236 597.2410 199.1998 1.6107 1.6996 4.0826 -3.2016 2.0917 59.2216 2.4590 0.5974
Car -1 -1 2.3014 0.0000 215.7609 134.3418 375.0000 1.4562 1.6044 3.9131 -3.5367 1.7293 2.5181 1.3994 0.4238
Car -1 -1 -0.3687 954.5591 171.9228 1120.7710 225.3859 1.4551 1.5809 3.7862 12.1039 1.4301 20.7061 0.1537 0.2834
