Pedestrian -1 -1 -2.9412 957.6483 171.7307 995.7946 252.2514 1.7610 0.6617 0.6523 8.2063 1.7368 16.2386 -2.4813 0.1438
Pedestrian -1 -1 1.1348 1098.7297 172.6515 1159.3593 266.1839 1.7241 0.6170 0.8837 9.8471 1.7207 13.7860 1.7443 0.1230
Cyclist -1 -1 2.0448 227.3708 183.8755 250.1656 211.5217 1.8015 0.5523 1.9205 -25.0937 2.5611 48.7411 1.5712 0.5443
Cyclist -1 -1 1.1189 1093.0635 176.7832 1161.1742 267.7119 1.6603 0.5830 1.2074 9.8603 1.7397 13.8693 1.7262 0.1185
Car -1 -1 2.1697 0.0000 197.2166 236.5982 325.8783 1.4403 1.6632 4.5279 -7.8482 1.8954 11.1978 1.5692 0.9050
Car -1 -1 -1.6612 585.2623 181.1329 622.1384 212.1627 1.5761 1.6425 4.4653 -0.4408 2.0640 40.1813 -1.6727 0.8266
Car -1 -1 1.7466 445.1101 183.2301 494.0253 217.0812 1.4536 1.5829 4.1261 -6.6502 1.9775 34.3271 1.5562 0.1883
Car -1 -1 1.7314 0.0000 204.6046 30.4413 264.2907 1.4747 1.5754 3.8256 -19.0713 2.5350 22.0416 1.0239 0.1688
Car -1 -1 1.7847 505.9538 182.2173 538.9363 204.6890 1.5703 1.6294 4.1134 -6.5723 2.3030 54.3112 1.6644 0.1675
Car -1 -1 1.7633 413.3098 184.1187 472.8837 224.7422 1.4273 1.5597 3.9117 -6.5369 1.9024 28.4266 1.5388 0.1316
Car -1 -1 1.3191 709.3179 173.4077 756.5320 202.5388 1.5006 1.5778 3.9754 6.5959 1.5327 39.2912 1.4837 0.1305
Car -1 -1 1.4163 666.1113 176.8588 694.3571 200.2748 1.7683 1.6276 3.9725 5.5065 2.0975 57.2117 1.5113 0.1184
Car -1 -1 1.6138 489.4226 180.4367 518.9948 206.8485 1.5190 1.6383 4.5329 -6.6081 2.0187 45.1741 1.4689 0.1056
