Pedestrian -1 -1 -2.0067 243.1108 117.1236 276.8440 184.8967 1.8373 0.6689 0.5579 -9.7458 0.3268 19.9930 -2.4551 0.4488
Car -1 -1 -0.3643 766.7964 180.6756 976.2272 256.3233 1.5317 1.6599 3.9458 5.5244 1.7118 15.6848 -0.0324 0.9168
Car -1 -1 3.6442 0.0000 173.6741 320.5893 290.3909 1.5245 1.6347 3.9385 -6.4961 1.5377 10.3435 3.0946 0.8787
Car -1 -1 -1.6912 637.0280 181.2816 686.8607 219.3741 1.4360 1.5946 3.8943 2.0574 1.8108 30.0639 -1.6242 0.8134
Car -1 -1 0.2905 335.0894 180.3335 482.5979 229.0133 1.5229 1.6664 4.3780 -6.5797 1.7784 23.7230 0.0223 0.7756
Car -1 -1 -2.7095 194.3865 185.3832 406.6658 260.7959 1.4923 1.6127 3.8570 -6.5657 1.7760 15.4403 -3.1059 0.7740
Car -1 -1 0.7012 0.0000 189.3418 271.8792 355.7855 1.5497 1.6506 3.9625 -6.0870 1.7506 7.8376 0.0570 0.7417
Car -1 -1 -2.6387 105.2399 186.2637 366.4543 276.1481 1.4789 1.6113 3.8941 -6.6661 1.7374 13.0082 -3.1044 0.6022
Car -1 -1 -0.8462 1102.8073 185.5126 1242.0000 375.0000 1.5829 1.6561 3.8190 6.4095 1.7022 5.8726 -0.0427 0.4986
Car -1 -1 -2.8008 367.9113 172.8634 461.1238 208.5966 1.4927 1.5589 3.5563 -8.4139 1.4935 31.0548 -3.0636 0.4001
Car -1 -1 1.5607 619.8399 174.8145 640.3059 194.4892 1.5153 1.5873 3.9336 1.5636 1.6785 57.9434 1.5871 0.3687
Car -1 -1 1.5821 490.3914 178.6366 523.8056 210.9703 1.5557 1.6321 4.1496 -5.3812 1.8751 37.6490 1.4407 0.3512
Car -1 -1 3.4301 223.1967 181.1022 410.4214 245.5439 1.4507 1.5970 3.9018 -7.0182 1.6617 17.4571 3.0526 0.3362
Car -1 -1 0.8969 0.0000 221.7516 190.1359 375.0000 1.4792 1.6272 4.0148 -5.7568 1.9335 5.6396 0.1248 0.3323
Car -1 -1 -1.6498 634.5118 183.0927 670.5117 213.0965 1.4898 1.6276 4.0154 2.2263 2.0757 39.2342 -1.5942 0.3093
