Pedestrian -1 -1 1.7318 409.3284 155.5873 515.7995 370.0000 1.7448 0.6689 0.9077 -1.1264 1.5691 5.4947 1.5423 0.9141
Pedestrian -1 -1 -2.0206 832.3143 173.6484 871.4601 246.6273 1.8003 0.7373 0.6068 6.1666 1.6329 17.7826 -1.6908 0.1747
Pedestrian -1 -1 0.5995 235.9303 173.8852 301.4672 256.6725 1.5647 0.4949 1.0525 -6.5486 1.4413 13.6886 0.1641 0.1291
Pedestrian -1 -1 1.0269 847.5302 157.0740 919.8297 259.3302 1.6285 0.5411 1.2777 4.6304 1.2571 11.9321 1.3899 0.1169
Pedestrian -1 -1 1.9416 601.6271 184.7446 643.2701 270.8288 1.7278 0.6740 0.6517 0.3255 1.8200 14.6588 1.9648 0.1165
Cyclist -1 -1 1.0150 840.3172 148.1445 921.4800 250.9277 1.6331 0.5128 1.5898 4.6208 1.1207 12.0589 1.3741 0.2183
Cyclist -1 -1 0.5626 235.4422 174.1583 310.0649 256.1383 1.5507 0.4890 1.2416 -6.4712 1.4324 13.6935 0.1319 0.1796
Car -1 -1 1.1894 23.4507 192.7690 124.4500 236.9117 1.4607 1.5997 4.0745 -19.6693 1.9457 26.1112 0.5512 0.1236
Car -1 -1 -2.0431 753.0216 145.6525 807.9559 176.8046 1.9733 1.7571 4.4521 11.7689 -0.2605 47.7139 -1.8008 0.1186
Car -1 -1 1.9432 0.0000 189.3518 14.7755 248.1036 1.4427 1.5883 4.0149 -18.6952 1.7238 20.1657 1.2051 0.1164
Car -1 -1 1.6389 546.7095 158.2530 614.8250 216.7884 1.4850 1.6309 4.2413 -0.6223 0.9222 20.0832 1.6104 0.1147
