Pedestrian -1 -1 2.8526 573.2510 169.3073 609.6768 225.3534 1.8194 0.7535 1.0334 -0.3610 1.4247 23.8330 2.8323 0.7336
Pedestrian -1 -1 -1.3590 395.0415 174.4144 459.3955 311.9749 1.7540 0.7006 0.6956 -2.3381 1.6650 9.5147 -1.5998 0.6524
Pedestrian -1 -1 -0.5610 1118.6245 120.1080 1217.0757 271.1644 1.7252 0.5187 0.7520 6.6296 1.0254 8.4904 0.0819 0.3322
Pedestrian -1 -1 0.1465 712.1616 159.2148 736.1445 225.6435 1.8470 0.7417 0.5761 3.4618 1.2285 20.4111 0.3072 0.2658
Pedestrian -1 -1 1.4743 764.3194 144.2464 786.8469 205.5492 1.8137 0.5618 0.9803 5.2429 0.7127 21.7733 1.7029 0.2460
Pedestrian -1 -1 1.6315 990.7493 182.7241 1074.1594 374.0000 1.6273 0.5561 0.6277 3.4613 1.6393 5.8486 2.1406 0.1948
Pedestrian -1 -1 0.4675 1136.6522 226.2993 1238.0000 374.0000 1.6630 0.5499 0.6029 3.5124 1.9459 4.1207 1.1363 0.1638
Pedestrian -1 -1 1.4318 297.9514 146.5972 336.8686 244.8019 1.7876 0.5861 0.7222 -5.3961 1.1536 13.5320 1.0538 0.1407
Pedestrian -1 -1 -3.3431 793.2147 167.3924 822.7227 236.2416 1.7232 0.5994 0.6088 5.2213 1.3713 18.2954 -3.0742 0.1398
Pedestrian -1 -1 0.9201 746.5410 180.9320 837.1140 295.1315 1.5527 0.5743 1.3331 2.7052 1.5463 10.4899 1.1608 0.1183
Cyclist -1 -1 1.1670 748.7968 183.1522 830.7590 299.0497 1.5610 0.5573 1.5872 2.6738 1.5884 10.5248 1.4041 0.6014
Cyclist -1 -1 1.3545 759.4631 150.1498 789.2772 208.2612 1.7190 0.5547 1.5449 5.2586 0.7928 22.0223 1.5812 0.2367
Cyclist -1 -1 -2.0317 796.1566 161.4859 858.2157 237.7406 1.6687 0.5765 1.8842 5.1739 1.2320 16.6945 -1.7408 0.2017
Cyclist -1 -1 2.8612 571.1688 169.2422 607.9009 225.5708 1.8291 0.7618 1.0458 -0.4254 1.4322 23.8430 2.8383 0.1051
