Pedestrian -1 -1 -0.4348 907.6917 130.4753 944.4630 200.1027 1.7051 0.4395 0.7161 7.7873 0.6677 17.8979 -0.0305 0.3025
Car -1 -1 1.9428 169.7152 179.9685 358.6404 287.7200 1.6478 1.7015 4.2043 -6.2231 1.8020 13.4596 1.5166 0.9363
Car -1 -1 1.8569 322.1689 178.8007 429.8941 245.1174 1.6238 1.7155 4.2284 -6.4319 1.8080 20.1764 1.5515 0.8425
Car -1 -1 1.6460 515.9131 177.9464 555.7075 211.3690 1.6408 1.7787 4.3374 -3.9122 1.9268 38.2788 1.5443 0.8415
Car -1 -1 1.7554 426.4962 181.8299 480.9728 219.2061 1.4506 1.5873 3.8978 -6.6627 1.8601 30.9154 1.5444 0.7247
Car -1 -1 -2.3507 907.6645 175.1628 1242.0000 375.0000 1.4708 1.5996 3.9254 2.9477 1.4876 3.1160 -1.6396 0.6880
Car -1 -1 0.0395 1090.3313 147.2735 1242.0000 205.1452 1.4545 1.5450 3.5933 15.4279 0.8119 19.8731 0.6925 0.6767
Car -1 -1 -1.6335 630.1407 173.7729 656.1423 195.9304 1.5434 1.6268 4.0874 2.3466 1.6133 52.4873 -1.5895 0.4834
Car -1 -1 1.6930 488.7025 186.3789 523.5981 212.7826 1.5054 1.6795 4.1335 -6.5096 2.3949 45.3516 1.5508 0.4669
Car -1 -1 2.4046 0.0000 212.0071 102.1563 375.0000 1.4659 1.6083 3.8930 -6.2342 1.8793 5.6443 1.5931 0.3805
