Pedestrian -1 -1 1.2149 895.9210 158.7175 914.7315 195.8149 1.9305 0.7239 0.6712 15.4684 1.1952 37.8903 1.5995 0.4223
Car -1 -1 -1.8218 714.8338 188.9160 859.1940 288.5739 1.4050 1.5354 3.5318 2.8503 1.7244 12.5376 -1.6045 0.8997
Car -1 -1 -0.2622 783.8511 171.6192 974.3059 240.8092 1.5976 1.6558 4.0655 6.4018 1.5694 17.6447 0.0798 0.8003
Car -1 -1 0.6738 0.0000 195.9981 280.6541 347.3045 1.4603 1.6064 4.0631 -6.1517 1.7495 8.1168 0.0407 0.7959
Car -1 -1 0.4434 205.4012 182.3964 434.5483 261.2288 1.5118 1.6513 4.1255 -5.9879 1.7239 15.0366 0.0699 0.7789
Car -1 -1 0.5379 18.7890 181.5151 374.0862 308.5411 1.6206 1.6792 4.1133 -5.7393 1.7549 10.2441 0.0377 0.7434
Car -1 -1 0.5757 134.4880 176.1660 387.3632 266.7352 1.4588 1.5724 3.7775 -6.1193 1.5223 12.7281 0.1353 0.7089
Car -1 -1 -2.7287 235.0265 178.0660 413.9107 240.6678 1.4324 1.5676 3.7229 -6.8932 1.5655 17.5125 -3.0990 0.6907
Car -1 -1 -2.8273 291.5830 179.7366 458.6786 238.6666 1.5400 1.6508 4.0675 -6.4267 1.7381 19.8842 -3.1366 0.6205
Car -1 -1 -1.6308 638.4183 178.2406 667.0807 203.5829 1.5299 1.5935 3.9484 2.6770 1.8912 46.3726 -1.5740 0.6106
Car -1 -1 -2.8150 375.8541 178.3031 493.3839 223.1846 1.6118 1.6645 3.9761 -6.5933 1.8250 27.1627 -3.0514 0.5851
Car -1 -1 2.7229 694.7369 176.6207 794.7092 213.7652 1.5223 1.6222 3.9108 5.7387 1.6915 31.0724 2.9033 0.5660
Car -1 -1 2.8396 714.3534 181.5218 829.1207 224.2568 1.5730 1.6576 4.0269 6.1747 1.9214 27.9647 3.0540 0.5453
Car -1 -1 3.3671 378.4312 168.7440 503.0284 215.9995 1.8778 1.7915 4.6890 -6.9015 1.7148 29.5695 3.1393 0.4913
Car -1 -1 -2.7794 333.6098 181.5693 469.9857 231.7756 1.4636 1.5774 3.7342 -6.4231 1.7448 22.3025 -3.0572 0.4843
Car -1 -1 -0.2228 699.0901 169.6314 790.1274 204.5081 1.5639 1.6171 3.8574 6.1168 1.4198 33.2423 -0.0428 0.4323
