Pedestrian -1 -1 2.8547 0.0000 200.2956 30.7893 264.2796 1.7583 0.7040 0.7650 -17.3319 2.5686 20.7797 2.1657 0.5658
Pedestrian -1 -1 -0.7759 181.0908 176.0237 229.5176 245.3361 1.6804 0.6610 0.8298 -10.1511 1.7621 18.0270 -1.2827 0.3538
Pedestrian -1 -1 -0.4059 403.1288 172.4952 421.2386 207.6194 1.7895 0.5739 0.7340 -10.2395 1.7716 37.2108 -0.6730 0.1746
Cyclist -1 -1 -0.9272 178.2597 171.6009 234.0825 241.1711 1.6862 0.6134 1.2187 -10.1764 1.6562 18.1315 -1.4327 0.2630
Cyclist -1 -1 1.5223 1121.9542 111.8258 1242.0000 375.0000 1.7289 0.6510 1.7572 4.1642 1.3546 5.3376 2.1580 0.1382
Car -1 -1 2.1371 0.0000 192.0600 253.6005 302.7977 1.4467 1.6665 4.2620 -8.0091 1.8312 12.2957 1.5693 0.9012
Car -1 -1 1.8051 405.9754 179.6233 464.6409 216.4361 1.5994 1.7803 4.1489 -8.2316 1.9400 34.1840 1.5701 0.8834
Car -1 -1 1.8779 384.2931 182.0262 430.4924 206.1803 1.4792 1.6932 4.4689 -13.4855 2.1206 48.1655 1.6060 0.2455
Car -1 -1 1.4759 256.9426 181.3838 280.0425 198.9085 1.5198 1.5713 3.8616 -31.5809 2.3323 66.6384 1.0347 0.1373
Car -1 -1 1.1180 0.0000 206.4853 72.0239 239.3909 1.5262 1.6371 4.0025 -30.6905 3.3885 38.3407 0.4462 0.1243
