Pedestrian -1 -1 -1.8177 989.8905 147.9568 1025.0691 217.7434 1.7386 0.5518 0.9938 10.2904 0.9294 18.1613 -1.3079 0.3337
Pedestrian -1 -1 -2.2357 25.4567 196.8948 66.6216 259.2342 1.7277 0.6039 0.7266 -15.9791 2.2059 20.1717 -2.8966 0.1359
Pedestrian -1 -1 0.8281 875.1257 156.6192 908.4706 195.7227 1.8071 0.5961 1.5101 13.5522 0.7050 33.4823 1.2111 0.1344
Pedestrian -1 -1 -1.9688 788.5205 161.0131 805.9075 195.6118 1.8246 0.6667 0.7189 10.2299 0.7983 37.6817 -1.7041 0.1325
Pedestrian -1 -1 1.5878 282.5549 170.4998 314.1660 259.1268 1.7556 0.5757 0.7953 -6.3119 1.5592 14.4776 1.1864 0.1299
Pedestrian -1 -1 1.9133 247.6251 163.5511 266.5447 199.3084 1.8602 0.5935 0.9953 -18.3637 0.9799 37.3045 1.4611 0.1263
Cyclist -1 -1 1.0874 876.6527 156.9758 907.2025 196.6766 1.8280 0.5744 1.7774 13.5464 0.7463 33.4634 1.4704 0.4700
Cyclist -1 -1 -1.8238 986.0016 149.0286 1024.2074 217.3646 1.6991 0.5174 1.3961 10.3109 0.9182 18.3161 -1.3167 0.2451
Car -1 -1 -0.8545 0.0000 205.0560 304.8457 370.0000 1.4762 1.5747 3.7737 -3.1257 1.6627 3.4131 -1.5495 0.6768
Car -1 -1 1.7100 471.1327 172.8430 495.9061 190.1756 1.4949 1.6125 4.1306 -10.7778 0.8357 63.0623 1.5433 0.2117
Car -1 -1 1.1532 778.6658 158.8807 843.0769 192.4490 1.7011 1.6746 4.4117 10.9968 0.6069 38.1240 1.4336 0.1916
Car -1 -1 2.4001 61.5744 193.0306 164.5465 227.7547 1.4394 1.5590 3.8902 -22.7654 2.0601 32.8692 1.8004 0.1447
