Pedestrian -1 -1 -0.2101 290.4178 185.0223 311.5677 220.3917 1.8736 0.7420 0.9219 -16.8167 2.5444 39.1794 -0.6135 0.4497
Pedestrian -1 -1 0.0461 475.4684 178.2757 492.5631 212.0762 1.7707 0.5594 0.8681 -6.7093 2.0609 38.2362 -0.1270 0.3237
Pedestrian -1 -1 -0.0218 185.0111 193.6137 197.2891 219.9987 1.8051 0.7120 0.7307 -29.4227 3.2765 50.6311 -0.5463 0.2761
Cyclist -1 -1 -2.5341 629.8252 173.5178 664.7825 209.3705 1.8167 0.5892 1.7907 1.8875 1.8522 37.3682 -2.4846 0.4877
Cyclist -1 -1 0.0098 475.6349 178.0646 492.3003 212.2555 1.7904 0.5551 0.8638 -6.7111 2.0693 38.2288 -0.1633 0.1077
Car -1 -1 -1.4699 507.0352 181.1601 555.1503 221.8598 1.5968 1.6709 3.9403 -3.3751 1.9778 31.0887 -1.5777 0.8876
Car -1 -1 1.8409 375.8141 189.0860 433.4334 223.0690 1.5444 1.7479 4.3176 -10.4884 2.4263 37.0183 1.5661 0.7388
Car -1 -1 1.5416 578.2088 179.5187 604.9306 204.5977 1.5202 1.6093 3.9901 -1.2641 1.9721 46.8532 1.5142 0.5143
Car -1 -1 1.7543 418.0632 187.3280 447.6773 208.5067 1.5306 1.5800 3.9039 -13.9440 2.7117 56.8624 1.5145 0.3337
Car -1 -1 -0.1861 568.9833 154.7496 681.7606 198.4361 1.5443 1.6318 3.9250 0.4868 0.9047 26.6375 -0.1685 0.2734
