Car -1 -1 -1.8199 683.8839 187.4909 776.8280 250.4719 1.4259 1.5547 3.5478 3.0173 1.8497 19.0282 -1.6660 0.9160
Car -1 -1 -2.0764 842.2698 182.9946 1242.0000 375.0000 1.4929 1.5703 3.8446 3.0789 1.5954 5.3361 -1.5778 0.8680
Car -1 -1 -2.6801 160.1283 182.8601 396.9681 266.5957 1.4899 1.6097 3.8454 -6.3329 1.6957 13.9305 -3.1002 0.8118
Car -1 -1 0.3210 295.5190 178.1297 465.5819 240.5334 1.5281 1.6224 3.8765 -5.8909 1.6711 18.6569 0.0187 0.7993
Car -1 -1 0.6205 0.0000 188.3914 273.7672 318.9183 1.5007 1.6149 3.8215 -6.6840 1.7197 9.3201 0.0115 0.7657
Car -1 -1 -2.8225 347.1717 182.8371 478.7941 230.7522 1.4846 1.6048 3.8513 -6.4376 1.8246 23.6392 -3.0861 0.7539
Car -1 -1 -0.2135 752.6812 185.8701 865.1830 230.0776 1.5183 1.5949 3.6749 7.1072 2.0071 26.1846 0.0479 0.7307
Car -1 -1 -0.2134 690.6543 177.8153 784.7018 210.8474 1.6224 1.7011 4.4427 6.4015 1.8814 36.6637 -0.0425 0.5365
Car -1 -1 0.4448 60.2871 190.9924 373.1522 299.4334 1.5380 1.6410 4.0433 -6.0862 1.8480 11.4213 -0.0358 0.5295
Car -1 -1 0.3763 243.8124 186.9673 442.2137 258.4943 1.4965 1.6149 3.8825 -5.9787 1.8326 16.2987 0.0294 0.4404
Car -1 -1 -3.6150 952.2114 168.8951 1030.5918 195.3448 1.5248 1.5929 3.7607 22.3390 1.2970 42.4060 -3.1332 0.3001
Car -1 -1 -2.9193 463.1689 180.6372 536.1523 207.2226 1.5074 1.6060 3.9846 -6.4855 1.9754 42.4036 -3.0706 0.2855
