Pedestrian -1 -1 2.8496 481.4051 171.5250 527.8879 242.7803 1.8373 0.7560 1.0480 -2.6075 1.5813 19.0822 2.7102 0.8542
Pedestrian -1 -1 0.9842 724.8160 153.9787 773.6011 238.3513 1.8038 0.6469 0.9288 3.2261 1.2166 15.9076 1.1758 0.2315
Pedestrian -1 -1 -1.8042 936.7756 206.2213 1067.2097 374.0000 1.6184 0.6308 0.6613 2.6810 1.8043 4.9637 -1.3370 0.2244
Pedestrian -1 -1 1.1328 789.4169 142.6704 840.2280 222.8806 1.8425 0.5771 1.4948 5.0755 0.9517 17.2820 1.4093 0.1860
Pedestrian -1 -1 1.5155 713.5384 159.2211 751.1447 247.2238 1.8110 0.7381 0.6348 2.7120 1.3538 15.1375 1.6844 0.1847
Pedestrian -1 -1 -3.3301 822.3235 163.3665 843.0739 203.2275 1.6867 0.4466 0.7700 9.8525 0.9204 30.6595 -3.0266 0.1811
Pedestrian -1 -1 2.8876 381.5085 165.9713 486.9786 270.7241 1.7299 0.7324 1.6669 -2.9636 1.4747 12.5732 2.6551 0.1232
Pedestrian -1 -1 0.8279 848.9965 193.3114 1023.4175 374.0000 1.4887 0.5487 1.2970 2.6476 1.5991 5.9230 1.2259 0.1073
Cyclist -1 -1 1.2298 792.9694 150.1446 844.3184 229.3316 1.7750 0.5551 1.8552 5.0864 1.0734 17.0417 1.5105 0.5391
Cyclist -1 -1 1.0379 856.1343 195.0758 1028.0204 374.0000 1.5053 0.5360 1.5071 2.6508 1.6326 5.8750 1.4392 0.4906
Cyclist -1 -1 -2.0031 861.4644 164.3587 944.1666 265.7424 1.6233 0.5700 1.8455 5.1248 1.3501 12.4359 -1.6250 0.2712
Cyclist -1 -1 3.1278 386.9288 176.4445 494.7064 277.0940 1.6535 0.7069 1.7591 -2.7948 1.5717 12.3487 2.9040 0.2446
Cyclist -1 -1 1.1772 725.4860 153.2143 770.6494 238.5788 1.8249 0.6486 0.9693 3.1954 1.2214 15.8936 1.3671 0.1394
Cyclist -1 -1 2.8541 482.8239 172.7319 528.8635 243.6918 1.8305 0.7350 1.0441 -2.5749 1.6055 19.0776 2.7163 0.1047
