Pedestrian -1 -1 1.3207 718.6766 176.6137 732.5192 212.4373 1.8155 0.5122 0.8239 5.9016 2.0114 37.0892 1.4766 0.5311
Pedestrian -1 -1 2.2301 855.3179 168.9417 885.8365 219.6808 1.7718 0.6898 0.7805 9.2345 1.6356 25.6946 2.5709 0.3262
Pedestrian -1 -1 1.1570 696.8857 177.1338 709.0081 202.7688 1.8937 0.6320 0.7930 6.9176 2.2168 53.9260 1.2834 0.3105
Pedestrian -1 -1 -3.2363 1110.3644 205.4046 1148.9005 291.0365 1.7300 0.6859 0.5951 10.9998 2.4434 15.3576 -2.6250 0.2732
Car -1 -1 2.0670 126.6949 188.9844 248.3248 241.5533 1.4956 1.6767 4.1647 -13.8745 2.0777 23.9178 1.5459 0.9169
Car -1 -1 1.8848 98.0435 185.4611 191.3989 235.7647 1.6242 1.6645 4.1869 -17.0857 2.1293 26.6498 1.3190 0.6973
Car -1 -1 1.8385 365.3529 182.4625 410.4009 208.9547 1.5642 1.6906 4.2706 -14.2260 2.2102 46.3249 1.5417 0.6659
Car -1 -1 2.2083 2.0608 186.3462 107.5414 232.9658 1.6093 1.4973 3.3246 -21.1162 2.1560 27.5428 1.5587 0.4157
Car -1 -1 1.9445 187.2696 176.1742 245.8017 203.8363 1.5463 1.6388 4.1932 -23.4149 1.7548 43.0363 1.4486 0.3054
Car -1 -1 2.3236 0.0000 177.6800 19.0316 231.5290 1.4863 1.5869 4.3300 -21.0288 1.6515 22.4718 1.5773 0.2778
Car -1 -1 -0.6026 899.3747 193.8877 1076.8646 257.9426 1.5646 1.6288 4.0227 10.0511 2.1617 19.3962 -0.1316 0.2734
