Pedestrian -1 -1 -0.6441 1110.3623 147.7906 1183.5891 261.5810 1.7318 0.7228 0.6080 8.3751 1.3507 11.3462 -0.0210 0.5660
Car -1 -1 -1.7672 706.8384 168.3357 856.1851 290.5833 1.7773 1.6701 4.0306 2.7130 1.7119 12.5115 -1.5597 0.9522
Car -1 -1 -1.7417 676.2391 179.2486 767.8146 247.5364 1.5247 1.6149 4.0225 2.7017 1.7073 18.5227 -1.6000 0.8805
Car -1 -1 0.4792 118.2314 184.9519 385.7793 278.5683 1.5037 1.6306 3.9108 -6.2104 1.7316 12.6906 0.0318 0.8453
Car -1 -1 0.6066 0.0000 194.4249 336.1978 314.1750 1.4701 1.6006 3.9129 -6.1575 1.8015 10.1319 0.0717 0.8323
Car -1 -1 -1.7088 652.6058 174.7222 706.5791 220.3963 1.6237 1.5683 3.4889 2.5529 1.7001 27.5733 -1.6182 0.8153
Car -1 -1 0.7127 0.0000 195.0968 246.5083 354.3222 1.4676 1.5812 3.8270 -6.2761 1.7352 7.7813 0.0505 0.6085
Car -1 -1 -1.6573 638.2158 178.3067 671.1949 205.8177 1.4843 1.5716 3.6616 2.4964 1.8124 41.5121 -1.5982 0.5257
Car -1 -1 0.1881 442.6532 182.7695 524.5984 213.0459 1.4820 1.5903 3.8751 -6.4193 1.9979 36.6826 0.0156 0.4872
Car -1 -1 0.2351 365.3877 182.2777 490.8061 227.7866 1.5758 1.6834 4.1367 -6.5743 1.9296 26.1976 -0.0089 0.4539
Car -1 -1 -1.8705 826.2076 171.3592 888.3285 205.8417 1.5165 1.6317 3.9440 11.4320 1.4511 33.7210 -1.5467 0.4382
Car -1 -1 2.3073 0.0000 137.3723 66.6097 375.0000 1.4996 1.6038 3.9950 -5.0049 1.4152 3.8149 1.4217 0.4154
Car -1 -1 3.3479 392.1327 171.6015 491.2187 208.8664 1.5635 1.6276 3.9118 -7.2437 1.5113 31.1245 3.1207 0.3837
Car -1 -1 3.5454 180.4121 189.2133 397.9299 267.4155 1.5099 1.6080 3.8331 -6.6355 1.8707 15.0821 3.1368 0.3166
Car -1 -1 3.2866 457.4012 180.9829 539.2646 210.3865 1.5280 1.6369 4.1566 -5.9923 1.9748 38.7887 3.1339 0.3106
