Pedestrian -1 -1 0.5585 354.5280 181.4229 384.6116 211.8826 1.7194 0.6117 1.5529 -13.8539 2.2181 41.4769 0.2377 0.1862
Cyclist -1 -1 0.5585 354.5280 181.4229 384.6116 211.8826 1.7194 0.6117 1.5529 -13.8539 2.2181 41.4769 0.2377 0.3573
Car -1 -1 -2.2030 552.6873 145.3513 878.6461 348.6595 2.0160 1.7620 4.6527 1.0014 1.7436 9.6033 -2.1039 0.9015
Car -1 -1 -1.9177 421.4242 191.3540 548.3535 268.1208 1.3875 1.5606 3.7945 -2.9433 1.8515 16.0501 -2.0971 0.8947
Car -1 -1 1.2781 945.5272 166.3771 1102.1919 242.6053 1.3911 1.6547 4.2906 8.5570 1.2732 15.4331 1.7759 0.8582
Car -1 -1 -1.7428 313.4181 183.9462 373.2601 225.3819 1.4960 1.6237 3.9539 -10.9246 1.9793 29.2977 -2.0972 0.8461
Car -1 -1 -1.6971 298.7763 182.3052 347.0323 217.5602 1.5115 1.6135 4.2460 -13.7706 1.9917 34.3850 -2.0757 0.7646
Car -1 -1 1.7006 0.0000 201.5531 71.9614 311.8414 1.4773 1.5859 3.6108 -10.6372 2.0576 12.6281 1.0109 0.7638
Car -1 -1 1.5334 855.3513 165.2228 931.4149 233.4761 1.4364 1.4973 3.4639 6.5538 1.2762 17.0624 1.8939 0.7339
Car -1 -1 0.4213 1054.0282 158.7053 1242.0000 227.0683 1.4321 1.6258 3.9219 13.0264 1.1361 17.2207 1.0605 0.6404
Car -1 -1 -2.8700 494.6096 174.0699 584.1536 209.5642 1.5299 1.5892 3.6965 -3.1706 1.5865 32.2754 -2.9677 0.6234
Car -1 -1 1.6824 110.0512 189.5449 156.1566 223.2825 1.6165 1.6271 3.9667 -25.6276 2.5643 38.8201 1.1018 0.4691
Car -1 -1 1.2786 14.2061 177.5231 65.9004 201.9256 1.5633 1.6490 4.0569 -38.5697 1.8911 48.7652 0.6119 0.3534
