Pedestrian -1 -1 -0.3182 776.4961 161.1696 792.8893 189.8429 1.8496 0.5290 0.9140 11.3078 1.0962 46.8419 -0.0831 0.4006
Pedestrian -1 -1 -1.0090 392.6621 164.7488 410.3633 197.0430 1.7958 0.5701 0.8920 -11.7711 1.3455 40.6285 -1.2895 0.2857
Pedestrian -1 -1 -2.2501 449.9201 161.9200 467.4095 195.6292 1.8277 0.4757 0.9058 -8.3412 1.2353 39.5904 -2.4567 0.2129
Pedestrian -1 -1 1.4598 527.1509 164.9481 550.1318 224.7452 1.8247 0.6419 0.6377 -2.2650 1.5838 22.3937 1.3595 0.1665
Car -1 -1 3.0600 483.2874 167.3106 560.7308 198.7986 1.5194 1.5893 3.7133 -4.4461 1.2523 35.9683 2.9375 0.7894
Car -1 -1 1.1641 713.2774 160.0813 762.8239 187.4270 1.8468 1.7747 4.5919 8.9827 0.9846 51.1662 1.3367 0.6334
Car -1 -1 -2.3679 995.0595 156.0027 1054.9630 181.1880 1.8202 1.6762 3.8065 31.0867 0.6027 54.2063 -1.8496 0.5004
Car -1 -1 -2.0484 747.9001 161.6960 793.1873 186.8027 1.7475 1.6197 3.8178 11.5518 0.9712 52.2710 -1.8323 0.4067
Car -1 -1 -2.0102 792.5120 161.0130 841.5233 186.5174 1.7556 1.7191 4.2809 14.8008 0.9409 51.9154 -1.7342 0.2262
Car -1 -1 -2.0840 929.2997 161.1418 982.3899 185.4784 1.6813 1.6662 4.0339 24.7850 0.8725 51.9149 -1.6410 0.1948
Car -1 -1 1.9741 0.0000 171.7183 54.3329 203.1118 1.8143 1.7090 4.2754 -35.9064 1.7490 43.9869 1.2923 0.1849
