Pedestrian -1 -1 1.7729 413.7395 128.5039 439.6984 190.8443 1.8932 0.6185 0.8641 -5.7175 0.5467 22.3555 1.5252 0.3095
Pedestrian -1 -1 0.0104 1021.8588 153.8562 1128.7115 328.9519 1.7634 0.5656 0.9350 4.9217 1.5724 7.7513 0.5582 0.1890
Cyclist -1 -1 1.7097 414.5418 127.1603 439.4456 189.9777 1.9064 0.6213 0.9686 -5.7217 0.5200 22.4092 1.4624 0.1372
Car -1 -1 -1.7586 602.8506 177.5099 677.8738 234.7138 1.6095 1.6367 3.8461 0.8151 1.7692 22.6541 -1.7239 0.9147
Car -1 -1 0.5728 0.0000 171.5632 249.1376 314.8625 1.6595 1.6898 4.1007 -7.2062 1.6450 9.3411 -0.0707 0.6096
Car -1 -1 2.2799 0.0000 187.3400 85.7199 375.0000 1.4790 1.6024 3.9178 -5.8354 1.6233 5.1277 1.4559 0.4335
Car -1 -1 -1.3478 280.7438 179.8760 365.4091 239.4978 1.4255 1.4197 3.1994 -7.6383 1.6305 19.3337 -1.7198 0.2971
Car -1 -1 1.4415 548.5066 175.0345 574.0549 194.2760 1.5355 1.6043 4.1235 -4.1243 1.7245 60.2488 1.3731 0.2362
Car -1 -1 2.0646 38.1341 141.1780 151.4724 191.7447 1.7784 1.6925 4.2540 -19.5677 0.6647 27.5851 1.4521 0.2341
Car -1 -1 1.2372 450.9496 182.7622 483.6439 200.9960 1.4901 1.6002 3.9801 -12.5886 2.3901 63.3903 1.0416 0.2088
Car -1 -1 -1.5149 367.7981 179.6621 430.3063 237.7201 1.5150 1.5528 3.5175 -6.1511 1.7328 21.1559 -1.7950 0.1869
