Pedestrian -1 -1 2.8890 594.4853 166.3185 614.9962 203.7392 1.7857 0.4669 0.8999 -0.2936 1.4742 34.7716 2.8801 0.4410
Pedestrian -1 -1 -0.3104 652.9753 171.1684 671.2789 204.6459 1.7442 0.5296 0.8378 2.7030 1.6568 37.9475 -0.2403 0.1945
Cyclist -1 -1 2.8890 594.4853 166.3185 614.9962 203.7392 1.7857 0.4669 0.8999 -0.2936 1.4742 34.7716 2.8801 0.1558
Car -1 -1 2.3167 38.1815 186.0872 175.3900 229.9752 1.4232 1.5970 4.4861 -18.7721 1.9642 27.1385 1.7159 0.8350
Car -1 -1 2.6030 275.0909 178.6970 366.9627 209.8921 1.5115 1.6553 4.2373 -15.1660 1.8370 37.9609 2.2250 0.8077
Car -1 -1 2.6841 219.6900 181.4047 301.1814 209.2598 1.5215 1.6134 4.0538 -20.7026 2.0538 42.7880 2.2357 0.6674
Car -1 -1 3.1030 433.9850 173.5330 501.4927 197.2834 1.5877 1.6747 4.4863 -9.8269 1.6361 49.6424 2.9083 0.3590
Car -1 -1 1.0598 1017.7349 165.7276 1062.5908 183.7257 1.5282 1.6061 4.0241 37.6495 0.9234 63.2904 1.5942 0.3439
Car -1 -1 1.3440 888.7130 172.9202 925.5800 194.2785 1.4873 1.5907 4.0450 21.4894 1.4926 52.3778 1.7311 0.2006
Car -1 -1 1.2110 999.6789 167.4267 1039.4463 186.0390 1.5450 1.6607 3.9902 35.1099 1.0949 61.9919 1.7241 0.1932
Car -1 -1 1.5214 480.2323 166.8283 503.4308 186.8030 1.5322 1.6224 4.0587 -9.4710 1.0703 57.4981 1.3587 0.1867
Car -1 -1 1.6168 445.2259 177.9973 478.1661 206.9189 1.4895 1.6056 3.9448 -8.2036 1.7896 39.9678 1.4153 0.1757
Car -1 -1 0.9925 157.3750 190.0250 215.4471 213.7083 1.5253 1.6194 3.9244 -29.6192 2.7630 50.3904 0.4632 0.1713
Car -1 -1 -1.8778 838.3094 167.4419 871.0223 186.3654 1.6473 1.6220 4.0619 21.9251 1.1765 64.8523 -1.5534 0.1648
