Pedestrian -1 -1 -0.7859 44.3356 178.9332 142.3609 332.8748 1.7280 0.6458 0.6858 -6.1391 1.8034 8.5213 -1.3958 0.4830
Pedestrian -1 -1 -0.1642 516.7859 178.9854 529.3705 203.9643 1.8045 0.5689 0.8304 -6.3782 2.2560 52.7019 -0.2845 0.2431
Car -1 -1 2.0635 0.0000 182.2229 353.4410 375.0000 1.7720 1.6766 4.2065 -4.3539 1.8995 7.6765 1.5616 0.9212
Car -1 -1 -1.9213 737.9999 179.2567 957.9731 307.7423 1.4780 1.6119 4.1917 3.1535 1.5921 10.6595 -1.6422 0.9028
Car -1 -1 -2.0774 853.8875 177.9977 1242.0000 375.0000 1.4574 1.5567 3.7703 2.9560 1.5056 4.8028 -1.5536 0.8222
Car -1 -1 1.5685 495.7207 182.3906 524.6836 211.1464 1.5640 1.6187 3.8816 -5.9341 2.1546 42.6247 1.4306 0.6108
Car -1 -1 -1.7525 578.8297 181.9610 607.8501 203.1043 1.6129 1.6549 4.0987 -1.4250 2.3865 59.0867 -1.7770 0.4074
Car -1 -1 -1.6665 663.5012 173.8407 719.7617 224.8496 1.6740 1.5975 3.9384 2.7901 1.7122 25.7301 -1.5604 0.3662
Car -1 -1 -1.7544 608.6435 177.6107 642.0048 202.9339 1.5563 1.5459 3.5017 0.9277 1.8780 46.8910 -1.7352 0.3294
Car -1 -1 -1.7002 627.9509 180.6124 663.8444 209.0922 1.4698 1.5262 3.6316 1.9177 1.9218 40.1268 -1.6533 0.3253
Car -1 -1 1.2177 320.9811 187.9803 387.3064 223.8556 1.5040 1.6268 4.1316 -12.1923 2.2642 34.1322 0.8767 0.2594
