Cyclist -1 -1 3.1870 464.4329 157.5458 513.7072 207.2508 1.7884 0.7646 1.7493 -4.3728 0.7940 26.3432 3.0240 0.4870
Car -1 -1 -1.3098 307.8213 190.7044 447.1256 284.4492 1.4191 1.5030 3.3848 -3.9843 1.5311 12.7974 -1.6061 0.8809
Car -1 -1 -1.2421 240.5668 185.2346 344.0458 241.1979 1.4539 1.5919 3.6637 -8.9322 1.4557 20.5609 -1.6474 0.8232
Car -1 -1 -1.5738 562.4976 177.8345 600.5465 213.2544 1.5089 1.6216 3.4306 -1.2240 1.1956 32.3669 -1.6117 0.8040
Car -1 -1 -1.0742 0.0000 191.8852 367.0737 376.0000 1.4679 1.5345 3.8278 -3.1194 1.5343 5.0946 -1.6006 0.8030
Car -1 -1 -1.0078 0.0000 187.3426 157.2260 250.8312 1.3591 1.5655 3.9182 -12.9403 1.4180 17.5253 -1.6367 0.6510
Car -1 -1 -1.1601 209.2492 181.8869 299.2174 225.1869 1.4905 1.5983 3.7964 -13.0362 1.3771 26.6703 -1.6110 0.3552
Car -1 -1 1.7776 403.6928 182.5005 451.8459 212.6703 1.4311 1.5737 3.8898 -8.9967 1.3034 36.0660 1.5346 0.3181
Car -1 -1 -1.2313 305.2388 178.7962 364.8143 211.7263 1.5043 1.5517 3.6544 -13.1138 1.2122 34.6762 -1.5906 0.3110
Car -1 -1 2.0731 31.5915 185.3857 255.3900 278.2881 1.4119 1.5699 4.0733 -8.1256 1.4166 13.0000 1.5236 0.2887
