Car -1 -1 -1.7814 762.1320 205.0538 918.4985 321.6372 1.4513 1.5950 4.1374 3.6351 2.0938 12.2689 -1.5013 0.9008
Car -1 -1 1.8498 191.3670 150.4020 480.2395 375.0000 1.9003 1.7216 4.4241 -2.7136 1.7160 8.1732 1.5376 0.8952
Car -1 -1 1.0470 871.8504 215.5202 1242.0000 375.0000 1.4506 1.6457 4.3708 3.8844 1.9587 6.3984 1.5707 0.8854
Car -1 -1 1.6472 516.0044 187.6491 566.2298 230.4220 1.5637 1.7595 4.1346 -2.8237 2.2199 29.8991 1.5532 0.8673
Car -1 -1 -1.7651 727.7322 201.7588 824.1062 276.6442 1.4831 1.5688 3.5665 3.8491 2.2555 17.4717 -1.5531 0.8657
Car -1 -1 1.7781 384.9581 191.3889 518.7719 292.9679 1.5361 1.6456 3.9742 -2.8542 1.9377 13.6249 1.5744 0.8520
Car -1 -1 -1.7700 692.7422 195.6703 762.3520 248.4164 1.5170 1.6019 3.5259 3.7987 2.3365 24.1026 -1.6166 0.8329
Car -1 -1 -1.7078 674.6000 193.5939 727.5786 237.2043 1.5180 1.5775 3.7529 3.5256 2.4007 28.8008 -1.5881 0.7973
Car -1 -1 1.5435 644.8396 189.4339 664.1613 207.7473 1.5763 1.6959 4.1095 4.1449 3.1860 67.9523 1.6035 0.4392
Car -1 -1 1.4409 662.7792 189.3888 708.2314 225.5278 1.5297 1.6113 4.2744 3.5238 2.3742 34.6758 1.5405 0.4161
Car -1 -1 1.7596 550.8783 190.5896 597.9672 225.4342 1.5162 1.6101 3.9275 -1.7311 2.4409 35.5448 1.7105 0.3243
