Pedestrian -1 -1 2.4221 364.2920 164.4200 383.6687 198.6258 1.8449 0.5391 0.8658 -12.9295 1.3904 39.4243 2.1069 0.3906
Pedestrian -1 -1 0.8155 470.6027 152.4824 495.5446 187.6302 1.7835 0.5661 1.2466 -6.5858 0.7502 37.2102 0.6413 0.2014
Pedestrian -1 -1 -2.8308 429.3013 162.7649 447.9753 196.4226 1.7787 0.4878 0.8593 -9.1555 1.2459 38.4057 -3.0636 0.1909
Cyclist -1 -1 1.1533 472.1544 151.9575 493.8112 187.2092 1.7824 0.5681 1.4324 -6.5985 0.7262 37.2331 0.9790 0.2048
Car -1 -1 3.1221 434.2781 170.7734 513.2027 205.7261 1.6218 1.6066 3.6396 -6.5760 1.5256 34.6350 2.9354 0.7314
Car -1 -1 -2.4032 979.7109 159.7533 1037.5962 184.6769 1.7936 1.5842 3.6690 29.7027 0.8512 53.9132 -1.9021 0.5277
Car -1 -1 1.2713 699.5112 169.1048 740.6613 193.1572 1.6107 1.6739 4.1909 7.6230 1.3600 50.5143 1.4199 0.5128
Car -1 -1 1.1673 732.0361 164.7540 776.3656 187.0743 1.5340 1.6432 4.0624 10.2573 0.9776 51.7423 1.3616 0.3968
Car -1 -1 -2.0599 774.9756 166.4475 825.4250 190.4472 1.6374 1.7111 4.1640 13.4702 1.2006 51.4473 -1.8055 0.2784
Car -1 -1 -2.0916 837.6183 158.6639 923.7109 200.0717 1.7766 1.7561 4.3574 12.3150 1.1681 33.2499 -1.7400 0.1703
