Pedestrian -1 -1 1.2617 933.1331 175.2831 998.1183 265.4142 1.7071 0.6981 1.6183 7.0873 1.7593 14.5578 1.7060 0.1037
Cyclist -1 -1 1.2617 933.1331 175.2831 998.1183 265.4142 1.7071 0.6981 1.6183 7.0873 1.7593 14.5578 1.7060 0.2234
Car -1 -1 -1.8995 764.9158 177.0058 1029.6405 340.4369 1.5108 1.6157 3.9887 3.0714 1.5731 8.7659 -1.5741 0.9109
Car -1 -1 1.9154 320.6743 191.5204 436.9775 258.8504 1.5014 1.6576 4.0829 -6.0751 2.0552 19.3130 1.6139 0.8956
Car -1 -1 -1.7092 709.3755 177.1879 813.0140 255.5421 1.4048 1.5594 3.6960 2.9634 1.5067 15.0277 -1.5191 0.8562
Car -1 -1 1.7441 482.7981 183.9754 519.4867 211.4070 1.4766 1.5237 3.5727 -6.3418 2.1538 42.1040 1.5951 0.6836
Car -1 -1 -2.4322 967.2480 190.5208 1242.0000 375.0000 1.4808 1.5934 3.8736 2.9244 1.5874 2.3747 -1.6030 0.5628
Car -1 -1 -1.5671 640.3008 175.6507 666.8842 201.2672 1.5345 1.6070 3.8152 2.7253 1.7192 45.5996 -1.5082 0.5454
Car -1 -1 1.3888 299.4267 193.6874 354.2068 232.1830 1.5577 1.6528 4.2214 -13.3713 2.5995 33.8356 1.0147 0.4079
Car -1 -1 1.7690 318.7633 188.0977 357.3779 214.2905 1.6014 1.6720 4.0447 -18.3357 2.6761 48.7207 1.4104 0.2844
Car -1 -1 1.7864 497.7351 181.9090 535.5392 206.6702 1.5062 1.6291 4.1123 -6.1328 2.1299 47.5560 1.6584 0.2386
