Pedestrian -1 -1 1.2325 605.2786 134.2985 627.7363 186.7170 1.9032 0.6462 0.6559 0.1932 0.5037 26.6105 1.2395 0.3927
Pedestrian -1 -1 2.9996 171.5898 156.7656 232.0559 262.4891 1.7796 0.6136 0.8468 -7.2055 1.5092 12.6433 2.4902 0.3478
Pedestrian -1 -1 0.5383 0.0000 160.7198 58.1384 320.3496 1.7462 0.6213 0.5795 -6.8675 1.6138 8.2385 -0.1408 0.1894
Pedestrian -1 -1 -0.9081 991.4583 160.9286 1026.9136 211.4879 1.7262 0.5270 1.0840 13.8366 1.3194 25.0889 -0.4094 0.1391
Pedestrian -1 -1 0.6324 701.7345 180.4449 733.5710 220.2808 1.6045 0.5541 1.2112 4.4176 1.9262 29.9182 0.7768 0.1211
Pedestrian -1 -1 1.7722 466.8719 171.6906 482.0583 207.3204 1.8296 0.6209 0.8363 -7.0720 1.7703 37.4722 1.5865 0.1190
Cyclist -1 -1 -0.8041 987.8355 162.6411 1033.5284 212.3280 1.6970 0.4608 1.5316 13.8898 1.3485 25.0892 -0.3038 0.1460
Cyclist -1 -1 0.6324 701.7345 180.4449 733.5710 220.2808 1.6045 0.5541 1.2112 4.4176 1.9262 29.9182 0.7768 0.1382
Car -1 -1 -2.0102 791.7646 184.7077 1242.0000 375.0000 1.4078 1.5359 3.6246 2.5020 1.5236 5.1996 -1.5848 0.8649
Car -1 -1 1.3248 711.5233 175.0314 908.3257 312.0753 1.5064 1.6000 3.8114 2.4331 1.5424 9.9054 1.5576 0.8637
Car -1 -1 2.3643 561.8204 172.6142 716.2471 239.4445 1.6064 1.6958 4.1414 0.8128 1.6010 19.3603 2.4047 0.7511
