Pedestrian -1 -1 1.2138 639.7882 138.7211 729.4418 288.2522 1.7648 0.8193 1.0039 0.9328 1.2734 8.9287 1.3163 0.9478
Pedestrian -1 -1 1.0826 703.0335 140.8913 793.6541 292.5457 1.8334 0.7539 1.0134 1.7812 1.3563 9.1385 1.2706 0.9187
Pedestrian -1 -1 1.4929 599.3160 137.2413 631.2740 212.8220 1.9358 0.7594 1.0931 0.2240 0.8294 18.6741 1.5068 0.8049
Pedestrian -1 -1 1.0985 455.9411 137.0149 511.3425 249.1389 1.8071 0.5833 0.8841 -2.0988 1.1079 11.9195 0.9309 0.8013
Pedestrian -1 -1 1.4599 448.1968 138.6631 479.8192 214.5688 1.8696 0.6874 0.9705 -3.6307 0.8407 17.9762 1.2662 0.7287
Pedestrian -1 -1 1.1229 595.3310 137.5761 645.6095 243.0123 1.7563 0.6319 0.6881 0.2164 1.0429 12.2167 1.1423 0.7144
Pedestrian -1 -1 1.3618 388.8811 140.8540 415.1974 195.0080 1.8389 0.6934 0.9876 -7.0973 0.4942 24.6025 1.0866 0.6820
Pedestrian -1 -1 1.1832 532.3036 138.9471 576.5701 234.4282 1.8498 0.5694 0.9587 -1.0708 1.0464 14.2490 1.1120 0.6554
Pedestrian -1 -1 0.9619 103.6575 147.2411 183.9547 261.3898 1.8225 0.6757 1.0018 -7.7309 1.2931 11.7883 0.3957 0.5356
Pedestrian -1 -1 0.2363 349.6929 147.2355 378.7969 205.7923 1.7802 0.5588 0.7381 -7.4507 0.7705 21.8006 -0.0864 0.4947
Pedestrian -1 -1 1.1420 551.1530 155.7394 592.5560 248.2328 1.6916 0.5447 0.6864 -0.6747 1.2404 13.3557 1.0946 0.4652
Cyclist -1 -1 1.2332 534.8033 140.8042 579.3693 237.9367 1.8563 0.5875 0.9981 -1.0076 1.0993 14.0820 1.1654 0.1961
Cyclist -1 -1 1.4218 388.8317 141.4438 414.3866 196.0655 1.8516 0.7187 0.9788 -7.0994 0.5292 24.5566 1.1460 0.1039
