Pedestrian -1 -1 1.8035 277.0003 160.6705 301.1232 213.2605 1.8981 0.6866 0.5972 -11.7795 1.4587 26.3952 1.3872 0.5043
Pedestrian -1 -1 -1.9212 172.4328 110.3245 215.2492 191.0683 1.8077 0.6627 0.6823 -9.6386 0.4081 16.6242 -2.4398 0.3459
Car -1 -1 -1.8543 731.7445 188.7511 925.1378 310.4646 1.4077 1.5604 4.3464 3.0221 1.7011 11.1076 -1.5966 0.9007
Car -1 -1 -1.7108 652.9415 174.3519 707.4319 217.7878 1.6982 1.6941 4.2447 2.8490 1.7664 30.5167 -1.6193 0.8987
Car -1 -1 -2.8405 376.0499 175.4449 486.3481 219.0496 1.4642 1.5186 3.4423 -6.2372 1.5581 25.1895 -3.0812 0.7127
Car -1 -1 -2.3565 0.0000 179.1698 168.6985 364.9357 1.4728 1.5897 3.7248 -6.4497 1.5388 6.6334 -3.1078 0.5975
Car -1 -1 -2.4719 0.0000 150.6001 261.3334 314.1125 1.8524 1.7455 4.1071 -6.9283 1.6006 9.1122 -3.1082 0.5819
Car -1 -1 -1.6662 645.5885 178.6633 679.7858 207.4532 1.5501 1.6058 3.6545 2.9487 1.8990 41.4382 -1.5962 0.3703
Car -1 -1 -1.4084 494.3815 164.0823 533.2028 192.0712 1.4959 1.5670 3.7810 -5.3821 1.0275 40.4747 -1.5400 0.3474
Car -1 -1 1.6486 536.0974 170.8748 559.3904 190.4296 1.5148 1.5657 3.8676 -4.9832 1.3618 57.8299 1.5628 0.2826
Car -1 -1 -2.3997 702.4178 181.5573 905.5304 265.5696 1.4754 1.6162 4.1096 3.8785 1.6861 15.2749 -2.1566 0.2785
Car -1 -1 2.0529 0.0000 204.9683 47.3321 375.0000 1.4212 1.6088 3.9737 -3.7790 1.6381 2.7201 1.1526 0.2773
Car -1 -1 -1.5365 639.3325 176.6667 662.6837 198.2938 1.5240 1.6036 3.8654 3.0461 1.8179 53.5434 -1.4805 0.2605
Car -1 -1 0.4349 399.1964 179.2046 511.3825 219.5971 1.4694 1.5985 3.9260 -5.9870 1.7255 27.8438 0.2246 0.2580
