Pedestrian -1 -1 2.2606 605.6014 170.6139 637.5506 221.6931 1.8278 0.7244 0.9631 0.7190 1.4393 26.3036 2.2824 0.6176
Pedestrian -1 -1 0.5985 953.0166 200.1930 1059.7988 374.0000 1.6677 0.5848 0.6279 3.6153 1.8495 6.5178 1.0819 0.3330
Pedestrian -1 -1 -1.6919 754.5635 186.7186 792.6249 289.7892 1.6011 0.4974 0.7662 2.7278 1.6896 11.6028 -1.4717 0.2228
Pedestrian -1 -1 1.6296 690.2127 157.0846 714.8710 218.2827 1.8405 0.7121 0.7682 3.0810 1.1073 22.0455 1.7617 0.2180
Pedestrian -1 -1 0.4069 75.5246 129.5235 132.5580 223.2802 1.7252 0.4479 0.7679 -9.3849 0.7701 13.5100 -0.1961 0.2165
Pedestrian -1 -1 -0.4102 1027.3074 118.4854 1086.3110 240.6016 1.7703 0.6260 0.5332 6.7626 0.8581 10.7570 0.1351 0.1926
Pedestrian -1 -1 0.9686 698.9716 157.5603 730.8347 216.9019 1.8358 0.6259 0.8420 3.5597 1.0963 22.7353 1.1170 0.1648
Pedestrian -1 -1 1.1686 1024.7622 202.8193 1153.4905 374.0000 1.6990 0.6239 0.5670 3.6132 1.8717 5.4391 1.7269 0.1539
Pedestrian -1 -1 -1.3367 885.3124 196.7082 951.3898 347.5753 1.6258 0.5836 0.5810 3.5858 1.8100 8.2269 -0.9432 0.1395
Cyclist -1 -1 1.3119 728.9106 184.0112 780.4023 276.6975 1.5607 0.5186 1.4913 2.6838 1.6097 12.8943 1.5075 0.4814
Cyclist -1 -1 2.9995 475.1089 176.2368 541.0944 241.7147 1.6912 0.6003 1.6668 -2.5125 1.5564 19.0669 2.8648 0.1552
Car -1 -1 1.8888 782.3835 188.0565 980.0063 308.6559 1.4225 1.5995 4.0404 4.2958 1.5409 10.7662 2.2545 0.2943
