Pedestrian -1 -1 2.3690 0.0000 180.3878 33.9453 240.5289 1.8855 0.6693 1.0102 -19.4029 2.1348 23.2924 1.6800 0.7451
Cyclist -1 -1 0.9644 1074.3129 147.4752 1182.0564 246.9481 1.7271 0.7114 1.7998 9.5246 1.2868 13.4251 1.5708 0.2737
Cyclist -1 -1 1.9317 293.1898 179.5325 312.2547 207.2963 1.7351 0.5370 1.7697 -19.7871 2.1733 46.4142 1.5305 0.1743
Cyclist -1 -1 1.6011 825.9921 185.7425 839.6996 218.3730 1.6820 0.6583 1.8621 12.0041 2.3959 38.9573 1.8972 0.1643
Car -1 -1 -1.5508 578.8142 176.7714 614.6036 211.0923 1.6226 1.7163 4.2757 -0.6736 1.8340 36.7367 -1.5696 0.7370
Car -1 -1 2.2521 0.0000 199.7356 57.0700 250.7702 1.4627 1.6055 3.8260 -21.1682 2.4532 24.6430 1.5476 0.2068
Car -1 -1 1.2049 465.2793 183.1259 496.7745 200.2550 1.5069 1.5921 4.0231 -12.2314 2.5080 68.1639 1.0276 0.1496
Car -1 -1 -2.3723 668.2708 164.3157 739.9360 195.5394 1.7408 1.6452 4.2076 5.4377 1.2651 42.3806 -2.2459 0.1459
Car -1 -1 1.2106 798.6326 184.5625 853.4577 215.3004 1.5573 1.6108 3.9618 11.9116 2.2421 40.1400 1.4964 0.1301
Car -1 -1 1.1459 70.5178 177.6717 154.8075 215.7470 1.7468 1.7199 4.4938 -24.5206 1.9968 35.4802 0.5445 0.1244
Car -1 -1 -2.9382 500.3594 172.3733 549.7155 192.8352 1.6504 1.6323 3.7685 -6.9692 1.6120 59.1703 -3.0552 0.1162
