Pedestrian -1 -1 -1.5076 418.4801 165.8694 459.7333 266.5669 1.7668 0.6786 1.0291 -2.9998 1.4939 13.1639 -1.7330 0.8798
Pedestrian -1 -1 -1.8757 667.6881 172.1729 714.5281 263.2086 1.6392 0.6283 0.8680 1.6232 1.4725 13.4177 -1.7632 0.8477
Pedestrian -1 -1 -1.6136 717.7610 165.7643 757.5547 258.6521 1.6862 0.6835 0.9867 2.5193 1.4018 13.5711 -1.4390 0.7916
Pedestrian -1 -1 -3.2498 742.8670 163.4908 766.8179 212.2375 1.8359 0.6084 0.8274 5.8250 1.1587 27.3930 -3.0474 0.5767
Pedestrian -1 -1 -1.6214 523.5897 169.0317 541.1125 214.6223 1.8059 0.6530 0.8934 -2.8061 1.3130 28.9424 -1.7223 0.5383
Pedestrian -1 -1 0.3986 460.5488 179.2508 478.0288 209.6757 1.8001 0.4574 0.9200 -7.8731 1.6677 42.8174 0.2127 0.5131
Pedestrian -1 -1 -1.9209 726.4417 165.4119 751.8085 216.1408 1.7687 0.6975 0.6497 4.8458 1.2088 25.4210 -1.7396 0.4914
Pedestrian -1 -1 -0.1542 664.4855 172.5970 680.2222 200.7523 1.8347 0.4996 0.9587 4.6552 1.2552 47.0851 -0.0612 0.3929
Pedestrian -1 -1 1.3108 611.2379 168.6788 637.1471 214.8703 1.7815 0.6030 1.6976 0.8743 1.2880 28.5969 1.3359 0.1126
Cyclist -1 -1 1.8083 572.5718 168.8329 603.9615 228.1402 1.7280 0.5643 1.7750 -0.4110 1.3601 21.8545 1.7845 0.8485
Cyclist -1 -1 1.3195 565.0081 169.4951 589.2444 215.0190 1.8210 0.5693 1.7593 -1.0331 1.3418 29.6554 1.2799 0.6798
Cyclist -1 -1 1.3108 611.2379 168.6788 637.1471 214.8703 1.7815 0.6030 1.6976 0.8743 1.2880 28.5969 1.3359 0.6729
Cyclist -1 -1 -1.8644 665.7323 169.7675 712.8221 262.1504 1.6631 0.6315 0.9004 1.5897 1.4532 13.4296 -1.7543 0.1258
Cyclist -1 -1 -1.5078 418.5559 164.8633 459.9145 266.2386 1.7779 0.6792 1.0651 -2.9995 1.4874 13.1756 -1.7330 0.1034
