Pedestrian -1 -1 -2.4018 483.3690 182.9930 502.4250 218.1348 1.7800 0.6519 0.7212 -6.0880 2.3110 37.2868 -2.5631 0.2201
Pedestrian -1 -1 -1.3861 353.3602 148.7288 374.8519 196.3854 1.8420 0.6072 1.1184 -9.7413 0.9099 28.4831 -1.7130 0.1946
Pedestrian -1 -1 1.8321 721.1949 145.9603 744.8633 195.6868 1.8786 0.6833 0.9390 4.7067 0.8629 27.8245 1.9976 0.1711
Cyclist -1 -1 -1.3759 353.7064 149.5968 375.4892 196.5937 1.8207 0.6066 1.1365 -9.7453 0.9200 28.5526 -1.7021 0.1089
Car -1 -1 -1.2909 303.0481 191.7790 485.9351 318.3444 1.4692 1.5842 3.7924 -3.0546 1.8041 10.8470 -1.5601 0.9064
Car -1 -1 1.4299 629.2341 184.1231 687.4418 227.5555 1.4860 1.6621 4.0870 1.7455 1.9547 27.8786 1.4910 0.8811
Car -1 -1 1.6626 535.7722 175.8443 568.6411 206.6545 1.8738 1.7292 4.2222 -3.7014 2.0753 46.4119 1.5830 0.8152
Car -1 -1 2.2367 0.0000 170.8934 302.7527 375.0000 1.4398 1.6006 3.9238 -3.0174 1.4367 3.2659 1.5304 0.6690
Car -1 -1 1.5725 499.3576 180.2490 526.9359 207.1321 1.4865 1.5577 3.8819 -5.8075 1.9488 43.0375 1.4387 0.3897
Car -1 -1 -1.6302 626.7292 175.7741 655.8461 203.1491 1.6570 1.6206 3.8112 1.9250 1.8513 46.0022 -1.5891 0.3815
