Pedestrian -1 -1 1.3843 683.0536 176.0967 700.8289 214.1995 1.8484 0.7530 0.6770 3.9816 2.0096 35.4273 1.4946 0.3331
Pedestrian -1 -1 -0.5886 712.4967 147.5886 743.8848 197.1566 1.8750 0.7396 0.9419 4.5120 0.9196 27.8228 -0.4298 0.1846
Pedestrian -1 -1 -1.0866 18.1735 129.3983 56.0473 193.1809 1.9429 0.7112 0.6199 -17.7809 0.6196 22.3458 -1.7530 0.1744
Car -1 -1 -1.1833 122.5663 199.9822 441.5763 375.0000 1.4224 1.5866 3.9107 -3.1223 1.7859 7.6920 -1.5580 0.9154
Car -1 -1 1.4293 627.1768 182.7311 693.7406 232.6339 1.5040 1.6838 4.0737 1.5900 1.8708 24.6696 1.4921 0.8564
Car -1 -1 1.6938 524.7939 174.0857 561.4199 208.8414 1.9682 1.6872 4.1062 -3.9765 2.0456 43.0824 1.6018 0.8235
Car -1 -1 1.6719 480.5555 178.9165 517.8813 208.1594 1.5049 1.6430 4.1009 -6.1362 1.8596 40.0848 1.5205 0.4613
Car -1 -1 -1.7182 619.0853 174.0808 655.7032 202.7663 1.6147 1.6160 3.8078 1.5443 1.6912 42.7651 -1.6828 0.3752
Car -1 -1 1.3724 547.5340 180.4964 579.8793 202.9972 1.5039 1.5707 3.8930 -3.3844 2.0742 51.7221 1.3070 0.2678
Car -1 -1 -0.3428 824.6234 174.0221 999.7278 233.0737 1.4761 1.6155 3.9258 7.7837 1.5086 18.9555 0.0408 0.2272
