Pedestrian -1 -1 2.7875 573.7681 169.0122 590.7161 197.2763 1.8717 0.5094 1.0187 -1.5204 1.1123 47.2440 2.7572 0.6393
Pedestrian -1 -1 -2.0990 891.7589 137.7834 921.3245 190.2733 1.8292 0.6977 0.7118 10.6436 0.3421 25.0325 -1.6996 0.5670
Pedestrian -1 -1 0.6928 451.0754 175.9468 468.6320 205.1326 1.8747 0.5821 0.9686 -9.4234 1.5836 45.8967 0.4933 0.4622
Pedestrian -1 -1 -0.3759 504.0584 169.0877 519.9579 196.7426 1.8749 0.5789 0.9324 -6.3653 1.1025 48.4090 -0.5041 0.3526
Pedestrian -1 -1 -2.8413 407.3210 181.5019 419.9550 202.5035 1.8576 0.5603 0.9615 -16.9908 1.9482 62.8600 -3.1025 0.3246
Pedestrian -1 -1 2.3482 512.9291 170.0573 528.9553 198.1802 1.8627 0.5653 0.9456 -5.6292 1.1724 47.3727 2.2324 0.2445
Pedestrian -1 -1 -1.0877 634.5372 169.2338 653.8400 196.6658 1.7676 0.5661 1.6434 2.5797 1.0430 46.4035 -1.0309 0.1953
Pedestrian -1 -1 2.1811 388.2635 179.4949 417.1098 214.3853 1.7751 0.5704 1.7036 -10.5478 1.7253 36.8645 1.9063 0.1288
Cyclist -1 -1 -0.0949 630.8643 169.4052 658.5190 196.9254 1.7940 0.5639 1.7665 2.6000 1.0720 46.4004 -0.0377 0.6630
Cyclist -1 -1 -0.0508 578.3057 171.0318 603.9996 196.8643 1.7732 0.6726 1.7462 -0.9602 1.1246 48.9246 -0.0686 0.6455
Cyclist -1 -1 2.1596 389.6474 179.5579 419.3466 214.4934 1.7774 0.5707 1.8278 -10.4688 1.7309 36.9256 1.8872 0.4607
Cyclist -1 -1 2.8720 573.0702 169.1098 590.0521 197.0257 1.8491 0.4999 1.0382 -1.5657 1.0960 47.2216 2.8408 0.1616
Car -1 -1 2.6206 902.9772 145.9953 1028.3376 185.8703 1.4844 1.5963 4.0443 13.8032 0.2014 27.2239 3.0870 0.8059
Car -1 -1 -1.4641 523.3519 177.2085 557.6094 203.5187 1.4696 1.6043 3.6963 -3.7363 1.2872 41.3523 -1.5518 0.5866
