Pedestrian -1 -1 0.5676 0.0000 12.9270 144.7590 376.0000 1.6574 0.5396 0.6575 -2.4445 1.0257 2.9323 -0.0821 0.3717
Car -1 -1 -1.5663 554.8003 174.9142 621.6672 238.9108 1.6052 1.6786 3.4716 -0.5780 1.3480 19.7834 -1.5955 0.9186
Car -1 -1 -1.3616 384.9573 182.3417 505.9771 265.2584 1.5481 1.6790 4.1741 -3.3734 1.4955 15.5059 -1.5727 0.9086
Car -1 -1 -1.2020 253.7123 181.0926 371.2500 240.4038 1.4361 1.5987 3.9180 -7.8418 1.3374 19.3701 -1.5821 0.9006
Car -1 -1 1.8965 176.6718 195.4818 450.5430 359.6304 1.4220 1.6025 4.3229 -3.1883 1.5781 8.6706 1.5537 0.8800
Car -1 -1 -1.3931 456.2755 173.8496 534.8922 227.8774 1.5488 1.7043 4.3693 -3.4839 1.2241 22.8103 -1.5432 0.8704
Car -1 -1 -1.2428 337.9641 180.1689 392.0419 208.9269 1.4405 1.5755 3.7337 -12.7518 1.1889 37.8754 -1.5658 0.7134
Car -1 -1 -1.4495 511.3080 177.7738 556.4438 212.4270 1.4819 1.5941 3.7598 -3.3300 1.1648 32.6323 -1.5508 0.6513
Car -1 -1 -0.9434 0.0000 191.1619 176.9608 325.3778 1.4382 1.5720 3.6814 -7.7293 1.5353 9.7285 -1.6015 0.5659
Car -1 -1 1.7731 449.0261 172.3644 486.1012 197.3091 1.4777 1.5368 3.6954 -8.6444 0.7175 44.4357 1.5818 0.5415
Car -1 -1 -1.3166 385.0827 175.9869 446.2356 213.7252 1.5363 1.6106 3.9855 -8.3042 1.1618 31.2567 -1.5745 0.5262
Car -1 -1 -1.1791 245.5179 183.1187 328.6303 225.3152 1.5110 1.5830 3.7816 -12.2627 1.4371 27.6463 -1.5933 0.3976
Car -1 -1 1.2268 593.2496 177.8487 647.6497 207.7835 1.5509 1.6438 4.2385 0.6029 1.1703 39.5106 1.2415 0.3737
