Car -1 -1 1.9883 230.7483 192.4517 385.3270 279.7835 1.4834 1.5704 3.6583 -6.1120 1.9401 14.9415 1.6055 0.9017
Car -1 -1 -1.7784 683.5678 178.0354 779.5698 245.0521 1.5054 1.6042 3.9588 2.9464 1.6534 18.5364 -1.6241 0.8872
Car -1 -1 1.8511 346.4507 189.8207 444.2342 252.4460 1.5162 1.6023 4.0172 -6.0302 2.0475 20.5657 1.5687 0.8852
Car -1 -1 1.6719 428.2235 177.9207 482.1608 225.0750 1.7130 1.6819 4.2686 -6.1599 1.9318 28.8963 1.4632 0.7908
Car -1 -1 1.7127 461.8769 180.3922 506.3257 214.5936 1.5485 1.6209 3.8631 -6.1697 1.9400 35.4825 1.5413 0.4159
Car -1 -1 0.8048 1171.3158 137.1548 1242.0000 195.8490 2.0980 1.8394 4.7220 24.7302 0.8223 28.1927 1.5197 0.3433
Car -1 -1 1.6627 498.6070 179.7297 528.7078 204.3222 1.4801 1.5651 4.0209 -6.2118 1.9440 46.6031 1.5305 0.2847
Car -1 -1 1.6942 524.9620 179.4998 549.2861 198.4101 1.5098 1.5762 3.9223 -6.1486 2.0900 60.9742 1.5937 0.2818
Car -1 -1 1.5995 562.1248 178.3240 582.0435 196.7954 1.5613 1.6586 4.0234 -3.3674 2.0639 64.2196 1.5469 0.2005
Car -1 -1 1.7634 492.9897 186.9897 534.5635 216.7945 1.5132 1.5897 3.9523 -5.3902 2.3480 40.5686 1.6316 0.1926
