Pedestrian -1 -1 1.8424 567.3431 176.1823 580.6873 201.0978 1.7049 0.5446 1.5199 -2.5357 1.9414 50.3851 1.7919 0.1969
Cyclist -1 -1 1.8387 566.9739 176.2551 580.6979 201.3033 1.7096 0.5435 1.6392 -2.5451 1.9513 50.3357 1.7880 0.4877
Car -1 -1 -1.7419 693.8359 185.5337 791.3177 259.9655 1.4586 1.5654 3.5663 2.8679 1.7809 16.5307 -1.5741 0.8949
Car -1 -1 -0.2176 758.0380 178.7787 903.6757 235.2863 1.5944 1.6452 3.8793 6.4418 1.7792 21.5098 0.0688 0.8739
Car -1 -1 0.3985 200.1460 184.8882 438.9488 266.5979 1.4726 1.6343 4.0207 -5.6127 1.7232 14.1271 0.0262 0.8717
Car -1 -1 -2.4643 0.0000 188.3947 248.1126 316.3037 1.4531 1.6063 3.8083 -7.0158 1.6729 9.2967 -3.0972 0.7711
Car -1 -1 3.6010 74.2139 189.2722 378.7764 287.2346 1.4653 1.6306 4.1570 -6.2082 1.7559 11.9126 3.1292 0.7666
Car -1 -1 0.3714 298.6786 180.6110 469.6520 242.5792 1.5195 1.6335 3.9488 -5.8816 1.7333 18.8884 0.0730 0.7000
Car -1 -1 0.4976 255.2409 178.6795 440.0251 246.2903 1.4456 1.5618 3.7196 -6.0478 1.5891 16.6639 0.1540 0.6888
Car -1 -1 -2.4418 948.1088 167.8184 1242.0000 375.0000 1.4930 1.5865 3.8188 2.9333 1.4892 2.5507 -1.6426 0.6854
Car -1 -1 0.1875 406.9093 164.9637 512.8419 201.7967 1.6635 1.7079 4.5731 -6.9394 1.3075 33.4745 -0.0156 0.5437
Car -1 -1 -1.7304 633.6292 179.4562 665.4749 202.6703 1.5153 1.6010 3.9378 2.6870 1.9946 50.3007 -1.6779 0.5053
Car -1 -1 2.7644 686.1863 177.4584 774.3179 211.4041 1.5725 1.6441 3.8800 5.7664 1.8038 34.9701 2.9259 0.5037
Car -1 -1 -2.7568 311.3914 177.8564 449.2812 229.7710 1.4661 1.5505 3.5907 -6.8205 1.6217 21.4672 -3.0614 0.4625
Car -1 -1 -2.8522 375.2163 179.5801 492.7804 221.9524 1.4758 1.5927 3.8714 -6.4055 1.7298 26.3095 -3.0892 0.4361
Car -1 -1 3.1756 481.7472 179.1694 543.2078 204.2763 1.5031 1.5860 3.7059 -6.0342 1.9029 44.6596 3.0417 0.3911
