Pedestrian -1 -1 1.7202 327.1503 156.9882 355.8801 223.2908 1.8737 0.6432 0.9650 -7.8237 1.4257 20.9252 1.3662 0.3297
Pedestrian -1 -1 1.0126 882.2159 115.0562 959.2162 287.8434 1.6052 0.4240 0.6108 2.9623 1.0686 7.0380 1.3958 0.2457
Pedestrian -1 -1 1.8289 912.7061 175.7865 970.7949 264.8020 1.7012 0.6850 1.6828 6.7332 1.7649 14.7137 2.2496 0.1061
Cyclist -1 -1 1.7010 556.6073 172.6819 571.2633 204.2952 1.8080 0.6159 1.9083 -2.7211 1.7985 42.2341 1.6366 0.4972
Cyclist -1 -1 1.6776 546.3242 175.6609 559.5713 206.6026 1.7452 0.5732 1.8498 -3.3309 1.9118 41.7953 1.5981 0.3203
Cyclist -1 -1 1.8150 913.4935 176.2905 968.8509 262.7486 1.6556 0.6519 1.7054 6.7411 1.7304 14.7558 2.2351 0.2708
Car -1 -1 -1.1254 81.6001 178.4468 383.2577 347.9554 1.6653 1.6953 4.1697 -4.4946 1.7541 9.3137 -1.5646 0.9462
Car -1 -1 1.7608 413.7686 179.4776 489.8807 235.8987 1.6206 1.6535 4.0014 -5.0289 1.8526 23.2144 1.5492 0.9166
Car -1 -1 -1.7167 668.3188 175.2419 749.3252 239.5932 1.5810 1.6335 3.7342 2.5532 1.6529 19.7467 -1.5909 0.9044
Car -1 -1 -2.1820 862.4357 184.2352 1242.0000 375.0000 1.4725 1.5952 3.9086 2.7228 1.5616 3.6589 -1.5809 0.7210
Car -1 -1 1.7124 490.4710 182.4229 531.2390 213.6887 1.5482 1.6151 4.1686 -5.3494 2.0948 39.0941 1.5768 0.6458
Car -1 -1 1.8177 530.9178 179.6181 562.9796 200.2745 1.5513 1.6006 4.1175 -5.0299 2.1134 57.7606 1.7308 0.3350
Car -1 -1 -1.4475 632.6998 175.9870 657.8914 196.4888 1.6296 1.6337 3.8692 2.9437 1.8994 60.0186 -1.3992 0.3111
