Pedestrian -1 -1 1.1244 761.1503 153.4614 833.5585 269.2667 1.6812 0.7159 0.9506 2.9267 1.2755 10.9620 1.3739 0.8927
Pedestrian -1 -1 1.4196 671.6666 153.1204 704.2212 223.6682 1.8872 0.7253 1.0791 2.3380 1.1292 19.7671 1.5306 0.7121
Pedestrian -1 -1 1.0664 607.4815 157.3238 646.4747 229.9771 1.8502 0.6365 0.9543 0.6309 1.2357 18.8609 1.0942 0.3533
Pedestrian -1 -1 -1.6824 630.3121 149.3563 645.3743 186.6388 1.9117 0.7089 0.6299 1.8753 0.2644 37.1678 -1.6371 0.2046
Pedestrian -1 -1 1.6739 341.7816 147.3573 364.4864 206.6472 1.8308 0.6117 0.6644 -7.8240 0.7776 22.5724 1.3389 0.1872
Pedestrian -1 -1 2.0409 345.8501 151.9461 424.9351 267.7223 1.7128 0.5502 1.5872 -3.4485 1.2769 11.4544 1.7492 0.1017
Cyclist -1 -1 1.8314 436.6276 160.9481 491.2715 257.2684 1.7688 0.6242 1.7716 -2.7045 1.3927 14.0941 1.6398 0.8764
Cyclist -1 -1 1.8810 348.9850 152.2106 418.5511 270.6176 1.7329 0.5316 1.8147 -3.4613 1.3056 11.4220 1.5876 0.8468
Cyclist -1 -1 -3.1582 809.4039 157.8584 879.5099 223.0249 1.6692 0.8155 1.7244 6.3851 1.0648 19.0400 -2.8439 0.2002
Cyclist -1 -1 1.0925 608.1325 157.6850 645.8057 230.3080 1.8487 0.6197 0.9393 0.6300 1.2437 18.8415 1.1202 0.1375
Car -1 -1 2.2489 1062.8074 183.4618 1238.0000 275.4776 1.4832 1.6387 3.9654 10.5706 1.5229 12.8606 2.9216 0.2630
Car -1 -1 1.9609 0.0000 186.2888 186.5745 374.0000 1.4730 1.5580 3.6902 -4.5978 1.5243 5.5012 1.2817 0.2155
Car -1 -1 -0.7952 808.1746 161.7346 950.0878 225.5191 1.6269 1.6108 3.5941 7.6311 1.1239 19.8092 -0.4371 0.2016
