Pedestrian -1 -1 2.1793 752.1823 114.9181 805.6404 185.4738 1.7107 0.5383 1.5351 4.2258 0.3063 18.2068 2.4038 0.1731
Pedestrian -1 -1 -3.0085 652.1967 211.5889 693.4587 317.9316 1.6377 0.5428 0.6026 0.9701 2.2827 11.6772 -2.9296 0.1694
Pedestrian -1 -1 1.0172 843.1640 172.9571 884.0170 246.8968 1.7750 0.6653 0.7219 6.1809 1.7779 17.7455 1.3464 0.1298
Pedestrian -1 -1 -2.1106 29.8862 160.4705 65.1989 214.4701 1.8065 0.6304 0.7968 -19.1999 1.3926 24.5746 -2.7687 0.1240
Cyclist -1 -1 2.3895 747.9166 115.0785 810.8193 185.0590 1.7045 0.5401 1.6173 4.2343 0.2976 18.2115 2.6145 0.6168
Cyclist -1 -1 1.8552 770.7935 120.9340 812.7390 194.6942 1.6642 0.5830 1.4614 4.2618 0.4931 17.0551 2.0960 0.1469
Car -1 -1 3.0020 380.4644 194.9615 457.3861 226.4209 1.6860 1.6876 4.1853 -11.2848 3.0370 42.4897 2.7434 0.5072
Car -1 -1 2.9467 722.6299 173.6839 771.2894 191.4903 1.5602 1.6246 4.0077 12.1252 1.6353 64.1258 3.1324 0.1895
Car -1 -1 0.9607 949.9454 171.7182 1019.7001 198.7206 1.4812 1.5706 3.9636 21.5117 1.4192 41.6466 1.4343 0.1644
Car -1 -1 1.1457 890.7122 164.4988 944.3849 189.5620 1.5318 1.6112 4.0607 19.5648 1.0215 46.1476 1.5442 0.1412
