Pedestrian -1 -1 -1.3184 219.5184 164.6895 303.4573 308.5189 1.6199 0.7104 0.8701 -4.0804 1.4319 8.5807 -1.7564 0.9117
Pedestrian -1 -1 -1.8631 596.7158 162.9212 664.2189 304.3150 1.6559 0.5932 0.9002 0.2972 1.4397 8.9224 -1.8366 0.8725
Pedestrian -1 -1 -1.6147 724.8308 159.1250 752.5434 228.2725 1.7167 0.6548 0.6437 3.4365 1.1624 18.1939 -1.4358 0.7898
Pedestrian -1 -1 1.3834 447.9269 159.9844 489.9939 244.1929 1.8669 0.7647 1.0546 -3.0992 1.3911 16.5533 1.1958 0.7726
Pedestrian -1 -1 -1.7884 661.9327 158.8739 726.3795 296.5585 1.6670 0.6365 0.8363 1.1170 1.3944 9.1437 -1.6760 0.6719
Pedestrian -1 -1 3.4367 0.0000 162.2903 56.9665 275.4791 1.6243 0.4727 0.6217 -8.5656 1.3499 10.6396 2.7655 0.5474
Pedestrian -1 -1 -1.6416 784.6998 146.0582 812.5398 224.2514 1.8012 0.5583 0.9791 4.6431 0.9860 17.0767 -1.3851 0.5143
Pedestrian -1 -1 -3.3255 761.9265 149.3657 808.4270 233.1949 1.7213 0.4720 0.8652 3.7928 1.0627 15.0064 -3.0873 0.4504
Pedestrian -1 -1 -1.9612 54.6710 168.0260 116.4387 262.1790 1.7453 0.6241 1.0286 -9.9885 1.4968 13.8502 -2.5825 0.4486
Pedestrian -1 -1 -0.8386 644.3360 165.3103 683.0146 226.1436 1.7032 0.6734 0.9124 1.7631 1.2510 20.6670 -0.7598 0.4435
Pedestrian -1 -1 3.2169 412.9270 169.3596 463.0753 224.1812 1.7522 0.6830 1.5499 -5.3368 1.3652 23.4109 2.9900 0.1724
Cyclist -1 -1 1.9372 241.0032 159.0565 375.5753 371.4829 1.7497 0.5702 1.7716 -2.7438 1.5662 6.8027 1.5606 0.9019
Cyclist -1 -1 1.7451 431.9358 162.3577 483.1945 273.5878 1.7565 0.5618 1.7868 -2.4620 1.4555 12.2412 1.5451 0.8345
Cyclist -1 -1 3.2504 408.2668 170.9377 465.3215 223.9953 1.6966 0.7269 1.7488 -5.3786 1.3600 23.4330 3.0220 0.4810
Cyclist -1 -1 -1.9215 53.8482 167.4298 112.3193 260.5724 1.7289 0.6053 1.0131 -10.0488 1.4690 13.8663 -2.5450 0.1123
Cyclist -1 -1 -1.8987 597.2529 160.5801 666.6370 303.4804 1.6773 0.5897 0.9181 0.3167 1.4331 8.9547 -1.8702 0.1102
Cyclist -1 -1 1.4029 448.5800 158.9817 490.1337 244.6441 1.8927 0.7620 1.0903 -3.0833 1.3964 16.5126 1.2157 0.1083
Cyclist -1 -1 -0.8386 644.3360 165.3103 683.0146 226.1436 1.7032 0.6734 0.9124 1.7631 1.2510 20.6670 -0.7598 0.1076
Cyclist -1 -1 -1.6419 785.2188 145.5358 813.8858 224.3937 1.8125 0.5719 1.0334 4.6622 0.9871 17.0687 -1.3842 0.1049
Cyclist -1 -1 -3.3255 761.9265 149.3657 808.4270 233.1949 1.7213 0.4720 0.8652 3.7928 1.0627 15.0064 -3.0873 0.1020
Car -1 -1 1.6637 481.0819 168.5975 518.8659 202.1502 1.8844 1.8072 4.8502 -5.9794 1.1606 42.8089 1.5207 0.6090
