Pedestrian -1 -1 -0.7562 326.5203 124.4071 369.2089 192.0917 1.8501 0.6775 0.9113 -7.4084 0.5262 20.2791 -1.1023 0.4091
Cyclist -1 -1 -0.8035 327.3116 125.8366 371.0934 193.0860 1.8430 0.6781 0.9699 -7.3955 0.5548 20.3523 -1.1480 0.1145
Car -1 -1 -2.5978 121.4912 181.1053 348.0656 271.0600 1.5403 1.5784 3.4269 -6.9365 1.7048 13.4354 -3.0667 0.8754
Car -1 -1 0.9450 892.7393 199.1458 1242.0000 375.0000 1.4711 1.5754 3.6832 3.0437 1.6851 4.0087 1.5585 0.7293
Car -1 -1 -1.6022 650.2941 179.3265 689.7643 217.5072 1.5422 1.5924 4.2181 2.5646 1.8489 32.0121 -1.5237 0.7218
Car -1 -1 -2.7440 271.9864 180.5942 450.6154 244.0269 1.5210 1.6340 4.0092 -6.3391 1.7300 18.4891 -3.0704 0.7093
Car -1 -1 0.4071 199.2447 179.1902 423.7864 259.6995 1.6772 1.7164 4.2993 -6.5783 1.8268 16.0817 0.0240 0.6689
Car -1 -1 0.2742 365.8737 180.8484 495.0885 227.9139 1.4889 1.5883 3.8810 -5.9449 1.7644 23.9725 0.0331 0.6046
Car -1 -1 0.2214 425.4510 182.3901 521.7062 216.0037 1.4905 1.6200 4.1201 -6.3011 1.9436 33.3750 0.0357 0.4074
Car -1 -1 0.1273 482.8104 179.7903 548.4379 203.9600 1.4984 1.6098 3.9776 -6.0126 1.9489 46.0043 -0.0023 0.2901
Car -1 -1 3.3075 386.2621 173.4947 480.9495 208.7210 1.4668 1.5749 3.7419 -7.5587 1.4955 30.9955 3.0699 0.2733
