Car -1 -1 1.8789 272.9648 177.9393 410.8960 260.5803 1.6504 1.7720 4.2359 -6.0940 1.7845 16.8191 1.5357 0.9190
Car -1 -1 2.1756 0.0000 201.1740 264.8594 375.0000 1.5270 1.6217 4.1634 -6.0301 1.9500 8.6754 1.5821 0.9177
Car -1 -1 -2.0204 796.1257 180.0680 1235.8610 375.0000 1.5273 1.6150 3.9877 3.0076 1.6130 6.5055 -1.6057 0.9141
Car -1 -1 1.8396 377.3441 180.3482 460.1538 236.0925 1.6239 1.6060 3.9517 -6.1727 1.8895 23.5388 1.5853 0.7748
Car -1 -1 1.6764 532.9116 177.9549 568.5993 206.4327 1.6049 1.7065 4.3040 -3.5614 1.9289 43.6093 1.5949 0.7097
Car -1 -1 -0.1114 992.4402 153.5434 1156.2183 202.8211 1.5049 1.6517 4.3554 15.0293 0.9155 23.7199 0.4477 0.6751
Car -1 -1 1.6526 503.7866 181.3033 532.1902 204.9850 1.4932 1.5920 4.0017 -6.2362 2.0910 48.9795 1.5261 0.4994
Car -1 -1 1.7796 455.2972 182.1335 501.2838 215.1029 1.4588 1.4867 3.4588 -6.3116 1.9275 34.6598 1.6003 0.4953
Car -1 -1 -1.6203 633.7939 176.0609 657.1313 197.0418 1.5495 1.6037 3.9056 2.6872 1.8068 55.8378 -1.5729 0.2649
Car -1 -1 1.2326 545.2670 176.4855 580.7133 196.7110 1.5345 1.5887 3.9845 -3.8184 1.8358 57.6532 1.1664 0.2278
Car -1 -1 -3.2617 694.9830 162.5967 756.5735 185.3909 1.6104 1.6553 4.2007 8.2578 0.8861 51.8764 -3.1049 0.2165
