Pedestrian -1 -1 -0.4461 978.0736 154.0350 1081.7059 294.8732 1.7598 0.5980 0.9972 5.3601 1.5250 9.3417 0.0605 0.1675
Pedestrian -1 -1 0.9631 799.0616 164.9700 816.5444 199.6182 1.8046 0.5045 0.8293 10.3922 1.3943 38.0526 1.2274 0.1530
Pedestrian -1 -1 0.0664 454.5145 196.3257 469.4229 233.7396 1.7584 0.6638 0.6614 -7.1649 2.9014 34.7509 -0.1361 0.1524
Pedestrian -1 -1 -1.4264 815.4382 161.0125 854.2620 254.5086 1.7145 0.6230 0.6253 4.2050 1.4977 13.6432 -1.1343 0.1082
Cyclist -1 -1 -0.9595 378.3871 159.9845 410.8826 202.9039 1.7581 0.4648 1.6215 -9.0990 1.2313 30.3959 -1.2482 0.1515
Car -1 -1 1.6876 460.6462 181.0949 537.9421 239.4914 1.4859 1.7263 4.4525 -3.1861 1.7546 21.2439 1.5399 0.8233
Car -1 -1 2.1295 0.0000 142.7257 337.9158 375.0000 1.7481 1.6834 4.1016 -3.6199 1.6149 5.2644 1.5499 0.7741
Car -1 -1 1.7249 782.5682 175.1320 810.1613 195.5368 1.5415 1.5478 3.8439 14.7361 1.7284 57.0390 1.9761 0.1500
Car -1 -1 2.3191 973.3784 109.0624 1242.0000 253.2030 1.4892 1.5770 3.6954 6.4444 0.8305 8.5828 2.9470 0.1310
Car -1 -1 0.7942 656.2720 177.6641 707.2363 203.8218 2.2059 1.7542 4.6316 6.3062 2.6490 64.0631 0.8914 0.1108
