Pedestrian -1 -1 1.0081 813.6524 144.6216 849.6097 202.5415 1.8878 0.6902 1.0527 7.3522 0.9680 24.1135 1.3003 0.2750
Pedestrian -1 -1 -2.0576 807.6732 159.6976 827.6587 199.3134 1.8498 0.6170 0.7726 9.7805 1.2358 34.1303 -1.7811 0.1383
Pedestrian -1 -1 0.8465 636.2708 177.0455 671.6210 225.0699 1.6722 0.5600 1.2761 1.5264 1.8271 25.9138 0.9039 0.1300
Pedestrian -1 -1 1.1804 79.5191 167.1484 138.9871 279.4356 1.7592 0.5451 0.7750 -8.2028 1.6701 11.7419 0.5810 0.1212
Pedestrian -1 -1 0.6425 0.0000 167.5527 61.3540 316.7431 1.7206 0.6377 0.5593 -7.1494 1.6598 8.6465 -0.0334 0.1103
Pedestrian -1 -1 -1.3804 815.5867 162.9440 833.2115 204.4120 1.7615 0.6047 0.7259 9.2060 1.3409 31.1089 -1.0956 0.1031
Pedestrian -1 -1 -0.2583 1049.9337 152.3598 1121.2585 269.9907 1.6722 0.4780 0.7737 6.9175 1.3812 10.5988 0.3068 0.1016
Cyclist -1 -1 1.4024 642.4416 177.4167 664.1599 225.7180 1.6783 0.5452 1.4109 1.5027 1.8474 25.9384 1.4588 0.2164
Cyclist -1 -1 1.0081 813.6524 144.6216 849.6097 202.5415 1.8878 0.6902 1.0527 7.3522 0.9680 24.1135 1.3003 0.1207
Cyclist -1 -1 1.2697 760.2336 145.5618 780.0178 182.8392 1.7891 0.5259 1.4844 7.8060 0.4796 35.3884 1.4849 0.1037
Car -1 -1 2.1884 435.4306 180.1556 670.6176 294.1682 1.5347 1.7460 4.4084 -0.7963 1.6836 12.3428 2.1241 0.9159
Car -1 -1 1.1289 769.2009 190.4419 1242.0000 375.0000 1.4019 1.6019 3.9570 2.4246 1.5811 5.3305 1.5338 0.8681
Car -1 -1 1.0088 952.6552 150.3895 1036.7301 185.6851 1.5542 1.6225 3.9064 17.8633 0.5654 33.7813 1.4916 0.1360
Car -1 -1 0.3453 437.9906 169.1476 522.1548 198.3927 1.5414 1.6301 4.1946 -7.0653 1.3464 39.1811 0.1677 0.1089
