Pedestrian -1 -1 1.6707 316.8855 178.2359 341.0964 241.9941 1.8021 0.5681 0.9011 -8.2132 1.9628 20.9872 1.3014 0.3305
Pedestrian -1 -1 -1.9803 665.5233 173.7608 689.4007 218.4542 1.7623 0.6619 0.8686 2.6630 1.7997 28.9849 -1.8903 0.2805
Pedestrian -1 -1 -1.2952 221.1711 109.4711 262.7912 195.9057 1.8627 0.6966 0.5305 -8.1385 0.4971 15.8737 -1.7622 0.2237
Pedestrian -1 -1 -1.7143 773.3745 131.5883 796.2712 182.5359 1.8578 0.7222 0.7400 6.4222 0.3534 26.7092 -1.4809 0.1469
Cyclist -1 -1 2.0686 266.8769 173.9315 330.8578 260.8219 1.6731 0.5060 1.5686 -6.3641 1.6967 14.7159 1.6665 0.1596
Cyclist -1 -1 -1.9803 665.5233 173.7608 689.4007 218.4542 1.7623 0.6619 0.8686 2.6630 1.7997 28.9849 -1.8903 0.1266
Cyclist -1 -1 1.6707 316.8855 178.2359 341.0964 241.9941 1.8021 0.5681 0.9011 -8.2132 1.9628 20.9872 1.3014 0.1026
Car -1 -1 1.8704 306.3978 171.9339 464.3885 288.7525 1.8455 1.6549 3.9614 -4.0044 1.8313 13.3879 1.5843 0.9356
Car -1 -1 2.1215 0.0000 204.2561 342.8551 375.0000 1.4185 1.6085 4.1055 -3.5867 1.7431 5.3830 1.5556 0.8622
Car -1 -1 1.7678 497.3133 175.5125 553.2040 213.8518 1.4966 1.6009 3.9427 -3.5472 1.6168 30.4752 1.6524 0.7221
Car -1 -1 1.6629 521.5688 169.6187 559.0110 201.5844 1.5344 1.5464 3.7706 -3.5172 1.3795 36.5211 1.5672 0.5975
