Pedestrian -1 -1 -2.5136 758.0645 151.7903 805.0176 207.6487 1.7184 0.5077 1.4181 5.4620 0.6913 22.8138 -2.2817 0.1480
Pedestrian -1 -1 -1.3752 470.2606 176.4201 501.6531 238.6138 1.6980 0.5588 1.7225 -3.4979 1.4590 20.4915 -1.5425 0.1314
Cyclist -1 -1 -1.3752 470.2606 176.4201 501.6531 238.6138 1.6980 0.5588 1.7225 -3.4979 1.4590 20.4915 -1.5425 0.3306
Cyclist -1 -1 -2.4221 756.3029 150.7700 804.5856 206.7002 1.7176 0.5054 1.5355 5.4304 0.6609 22.8432 -2.1918 0.1983
Car -1 -1 -1.0456 0.0000 199.1809 342.3229 376.0000 1.4434 1.6063 3.9201 -4.6157 1.6408 8.1213 -1.5486 0.9202
Car -1 -1 -1.1783 244.7329 183.8266 365.6695 240.6101 1.4520 1.6496 4.2544 -8.4986 1.4176 20.5087 -1.5668 0.8829
Car -1 -1 -1.6049 580.5797 172.3582 638.8722 227.1434 1.5794 1.6844 3.4520 -0.0488 1.2099 22.4764 -1.6074 0.8797
Car -1 -1 -1.4590 483.7989 174.1636 532.6878 211.6848 1.4614 1.5969 3.8129 -4.1133 1.0320 29.9191 -1.5948 0.8325
Car -1 -1 -1.7051 569.6891 176.5996 615.7414 212.8655 1.5205 1.5749 3.5723 -0.7575 1.1604 32.0241 -1.7289 0.5096
Car -1 -1 -1.5007 506.5570 175.3598 537.8521 203.2415 1.5710 1.5740 3.7748 -5.0341 1.0168 42.4233 -1.6185 0.3414
Car -1 -1 2.5926 235.6075 174.1412 347.2214 213.9557 1.4902 1.5571 3.8663 -12.6829 1.0769 28.9324 2.1827 0.2886
Car -1 -1 -1.2679 343.4104 179.5598 416.9933 222.1819 1.5087 1.5881 3.8325 -8.6019 1.3096 27.3581 -1.5700 0.2198
