Pedestrian -1 -1 -2.0890 745.4064 165.6816 824.1442 285.1858 1.6139 0.7352 0.8886 2.5487 1.4016 10.2283 -1.8564 0.9220
Pedestrian -1 -1 1.2653 646.4907 159.4332 679.0718 229.1031 1.8415 0.7195 0.6168 1.6176 1.2594 19.3665 1.3423 0.5862
Pedestrian -1 -1 1.6596 308.5414 144.9513 332.0262 203.6601 1.8371 0.6537 0.5099 -8.9507 0.6945 22.8124 1.2847 0.2585
Pedestrian -1 -1 1.1702 568.9708 163.6062 606.5938 231.8349 1.8022 0.6210 1.1511 -0.4146 1.3307 19.6239 1.1440 0.2370
Pedestrian -1 -1 3.3327 431.4658 163.7375 496.5392 233.1510 1.7100 0.5785 1.5201 -3.4617 1.2736 17.9841 3.1399 0.1113
Pedestrian -1 -1 2.3130 375.2198 160.8207 443.1636 244.5726 1.7042 0.5481 1.4889 -4.1345 1.2847 15.4014 2.0497 0.1061
Cyclist -1 -1 1.8263 384.3513 163.0710 431.5378 248.3172 1.7129 0.5281 1.8547 -4.1452 1.3438 15.3609 1.5616 0.8229
Cyclist -1 -1 1.7261 446.7144 162.1676 480.3169 235.8439 1.7517 0.5671 1.7675 -3.4635 1.2933 17.9703 1.5331 0.8044
Cyclist -1 -1 1.1702 568.9708 163.6062 606.5938 231.8349 1.8022 0.6210 1.1511 -0.4146 1.3307 19.6239 1.1440 0.1682
Car -1 -1 -2.7864 683.6009 163.1441 826.2612 219.6239 1.5202 1.6042 3.7578 4.4289 1.0273 21.0038 -2.5862 0.4503
Car -1 -1 -1.5468 794.9868 170.4539 874.0521 242.8893 1.5341 1.6194 3.7882 5.5771 1.3014 17.2646 -1.2441 0.3239
Car -1 -1 1.0539 938.4407 187.9082 1140.8257 271.2221 1.4313 1.6005 4.1890 8.6691 1.5828 14.7552 1.5720 0.2821
Car -1 -1 1.7230 512.1343 160.3494 541.8456 182.9064 1.6380 1.6509 4.0724 -5.5601 0.1027 54.2315 1.6165 0.2405
Car -1 -1 -2.2448 1123.4214 113.9484 1238.0000 244.6834 1.4755 1.5927 3.8838 9.4150 0.7144 10.0899 -1.5119 0.2270
