Pedestrian -1 -1 1.9210 217.5164 121.2924 256.6710 195.4733 1.8715 0.7079 0.6692 -9.6402 0.5710 18.5759 1.4480 0.4866
Car -1 -1 -1.8193 714.7114 188.9117 868.9789 288.6670 1.4201 1.6255 4.2426 3.0265 1.7598 13.1016 -1.5983 0.8955
Car -1 -1 -1.7277 652.8318 175.0435 704.8879 215.7161 1.6882 1.6877 4.0178 2.9656 1.7927 32.2294 -1.6374 0.8749
Car -1 -1 -2.4731 0.0000 180.0517 267.7882 317.3239 1.4524 1.6072 3.8902 -6.4554 1.5473 8.6028 -3.1023 0.8465
Car -1 -1 -2.5418 0.0000 149.8631 326.7353 281.9878 1.8444 1.7462 4.0734 -6.7769 1.5238 11.0642 -3.0810 0.6400
Car -1 -1 0.9034 0.0000 200.1254 211.6846 375.0000 1.5023 1.6305 3.9338 -5.7535 1.7754 6.0832 0.1676 0.6090
Car -1 -1 -2.8759 378.5294 178.0324 496.5230 220.9042 1.5491 1.6410 4.0323 -6.4772 1.7509 27.1709 -3.1083 0.4427
Car -1 -1 -1.6758 644.8595 178.4533 678.6064 205.5266 1.5251 1.6104 3.9468 3.0383 1.8783 43.4716 -1.6071 0.4342
Car -1 -1 -1.4696 502.2527 165.2017 535.7135 191.7295 1.4888 1.5775 3.7703 -5.3379 1.0597 42.3943 -1.5943 0.3842
Car -1 -1 -2.6026 934.9935 188.2058 1242.0000 375.0000 1.5047 1.6083 3.7950 2.9773 1.5999 2.4354 -1.7756 0.3757
Car -1 -1 -1.8413 979.8123 179.8438 1070.5950 235.5269 1.6475 1.5982 3.8534 13.5940 1.8996 23.9248 -1.3306 0.3089
Car -1 -1 2.3549 1074.8361 183.7406 1201.9353 228.4358 1.5550 1.5976 3.7948 19.4896 1.9752 26.7287 2.9791 0.2630
