Pedestrian -1 -1 2.2916 493.2283 168.1453 543.0129 237.2881 1.8973 0.8647 1.1461 -2.4985 1.5599 20.1142 2.1716 0.8101
Pedestrian -1 -1 2.0297 452.3320 172.2522 473.6624 213.5799 1.8321 0.6451 0.8179 -6.4057 1.4679 31.8181 1.8346 0.4781
Pedestrian -1 -1 2.1350 528.3364 172.1740 542.4854 191.1769 1.6995 0.5756 1.4726 -6.2729 0.9560 64.0143 2.0395 0.1851
Pedestrian -1 -1 -0.5816 368.6248 142.9756 393.9048 186.4839 1.8295 0.6653 0.7976 -9.5916 0.2531 30.2450 -0.8835 0.1849
Pedestrian -1 -1 -1.4417 33.3251 108.3670 67.7077 183.7784 1.8324 0.5888 0.6607 -13.8400 0.0813 17.6086 -2.0964 0.1805
Pedestrian -1 -1 0.9985 1052.4658 121.7174 1224.0000 370.0000 1.7819 0.6307 1.0039 3.8775 1.3915 5.2251 1.6103 0.1627
Pedestrian -1 -1 1.0209 967.8542 129.4072 1116.1047 354.3866 1.8567 0.6745 1.0381 3.8272 1.4367 6.3584 1.5428 0.1575
Cyclist -1 -1 1.7745 530.0217 172.6418 540.2443 192.1212 1.7386 0.5722 1.7735 -6.2971 1.0384 64.0128 1.6786 0.4101
Cyclist -1 -1 2.3209 495.7668 168.0248 545.9483 236.8050 1.8912 0.8577 1.1640 -2.4262 1.5497 20.1587 2.2047 0.1462
Car -1 -1 -1.6815 576.2797 164.7240 621.3943 209.4167 2.1659 1.8123 4.8598 -0.4068 1.4028 36.7809 -1.6909 0.7115
Car -1 -1 1.4373 568.6199 174.3075 607.1996 202.8865 1.5791 1.6667 4.5405 -1.0659 1.2383 41.4353 1.4134 0.4353
Car -1 -1 -1.8124 1134.2703 127.4636 1224.0000 190.9833 1.6298 1.6108 3.9901 16.6440 0.2706 20.2842 -1.1311 0.1976
