Pedestrian -1 -1 2.1771 52.8123 161.6641 156.3184 290.6460 1.8337 0.7709 1.1119 -7.5560 1.5000 10.7741 1.5770 0.2206
Cyclist -1 -1 2.0649 0.0000 117.7078 115.9531 376.0000 1.6699 0.9960 2.3278 -3.4553 1.4655 3.4375 1.3157 0.1297
Car -1 -1 -1.2832 341.3618 170.6695 466.5906 256.4930 1.7742 1.6712 4.2743 -4.6859 1.4746 17.0124 -1.5483 0.9655
Car -1 -1 -1.0825 142.0189 188.1935 304.9289 266.6682 1.5422 1.6316 3.7368 -8.4688 1.6180 16.1438 -1.5591 0.9088
Car -1 -1 -1.2046 260.0172 183.9375 335.6618 221.7483 1.4924 1.6011 3.9950 -13.0355 1.4431 30.3956 -1.6069 0.8824
Car -1 -1 -1.4082 458.8980 182.9299 512.9814 222.0172 1.5089 1.5966 3.8329 -4.9922 1.4218 29.6656 -1.5739 0.8697
Car -1 -1 -1.6002 575.4117 177.9183 622.1353 221.7916 1.5602 1.6594 3.5685 -0.4374 1.3018 27.3799 -1.6165 0.8254
Car -1 -1 -0.8964 0.0000 125.2756 144.0389 327.0685 1.9400 1.7592 4.3909 -8.1749 1.3649 9.1368 -1.6116 0.5060
Car -1 -1 -0.8344 0.0000 118.1171 130.5287 376.0000 1.5031 1.5917 3.7289 -3.7170 1.4279 2.7745 -1.7175 0.3732
Car -1 -1 1.7983 439.2956 173.7193 481.3967 200.3589 1.4881 1.5653 3.9489 -8.6129 0.8470 42.1452 1.5976 0.3334
Car -1 -1 1.5245 532.6575 174.3482 556.7835 195.5311 1.4882 1.5708 3.9242 -4.6579 0.7258 52.5492 1.4362 0.3163
Car -1 -1 -1.2524 124.8158 187.5549 230.8538 241.7263 1.4906 1.6015 3.9881 -13.0919 1.5704 22.0767 -1.7826 0.3044
