Pedestrian -1 -1 -0.7207 825.0901 149.8089 851.9908 203.4529 1.8322 0.6697 0.5967 7.8930 1.0454 25.0682 -0.4193 0.2231
Pedestrian -1 -1 1.7320 272.6273 185.3476 302.4856 241.2032 1.7424 0.6305 1.7091 -10.6711 2.1708 23.8169 1.3144 0.1405
Cyclist -1 -1 1.7056 273.6862 186.1221 301.5257 240.9427 1.7039 0.6060 1.7433 -10.6591 2.1588 23.7914 1.2881 0.3416
Cyclist -1 -1 -0.9799 434.7422 191.3551 471.7395 232.3441 1.6961 0.6975 1.8124 -6.9100 2.5342 31.7007 -1.1934 0.2550
Car -1 -1 -2.0148 804.0590 182.9595 1242.0000 375.0000 1.4357 1.6078 3.9969 3.0675 1.5551 6.4832 -1.5914 0.9283
Car -1 -1 1.9263 281.0314 190.5603 418.2618 270.6371 1.5653 1.6808 4.1789 -6.0379 2.0380 17.1397 1.5918 0.8874
Car -1 -1 -1.7457 728.0585 175.8851 855.0194 271.7942 1.4405 1.5277 3.4085 2.9870 1.5015 12.6848 -1.5205 0.8364
Car -1 -1 1.7391 474.3190 183.5190 515.0223 212.5767 1.4692 1.5938 3.8642 -6.3502 2.0872 39.8431 1.5815 0.6624
Car -1 -1 1.4575 640.1677 173.1828 673.0890 199.2774 1.4969 1.5594 3.6333 2.7238 1.5178 43.2886 1.5195 0.4969
Car -1 -1 1.7301 491.7529 181.6027 529.2032 208.0733 1.5358 1.6845 4.2298 -6.2408 2.1126 45.4049 1.5938 0.4424
Car -1 -1 -1.2234 301.6160 190.0199 349.6610 216.6243 1.5475 1.6276 3.9621 -18.3115 2.7030 46.5500 -1.5966 0.2624
