Cyclist -1 -1 1.5565 481.7251 182.6679 497.8449 232.3978 1.8220 0.5830 1.8064 -4.6754 2.2126 27.7457 1.3904 0.8353
Cyclist -1 -1 1.5487 455.5096 182.7935 472.9398 232.9241 1.7055 0.5701 1.8598 -5.2872 2.0760 25.8986 1.3487 0.6624
Car -1 -1 -1.8116 644.2935 186.0953 725.5137 244.5854 1.4457 1.4993 3.3611 1.9839 1.8532 20.4062 -1.7170 0.9165
Car -1 -1 1.2817 723.3018 185.8423 902.9570 304.4026 1.4683 1.5665 3.9228 2.9082 1.7093 11.3658 1.5247 0.8771
Car -1 -1 -1.5494 389.6075 193.1583 444.5327 245.0713 1.4002 1.5579 3.6508 -6.1316 2.1015 22.9473 -1.8083 0.8713
Car -1 -1 -2.0072 781.0556 148.6497 1242.0000 375.0000 1.6313 1.7409 4.4453 2.8673 1.4979 6.2273 -1.5946 0.8705
Car -1 -1 -1.7308 561.4171 187.1994 602.7673 220.0341 1.6173 1.6672 3.7133 -1.6017 2.4377 39.2575 -1.7720 0.8425
Car -1 -1 -1.7985 604.3128 183.7621 665.9249 227.5723 1.4852 1.5423 3.5923 0.8394 1.9276 27.3229 -1.7689 0.6286
Car -1 -1 -1.6533 541.0258 188.8538 568.7006 213.0653 1.5037 1.5796 3.7173 -3.8347 2.6422 49.3620 -1.7310 0.5207
Car -1 -1 1.6572 397.6444 194.9777 448.5733 237.5450 1.4176 1.5905 3.8857 -7.2757 2.3455 28.2013 1.4063 0.2918
