Pedestrian -1 -1 2.0755 828.7847 104.4412 900.5118 269.6021 1.6035 0.4249 0.6763 2.5811 0.8204 7.3604 2.4012 0.1616
Pedestrian -1 -1 -0.1327 1025.6102 140.9402 1138.0514 314.4120 1.6893 0.5163 0.8984 4.8069 1.2593 7.4170 0.4251 0.1499
Cyclist -1 -1 -3.3604 797.9239 152.2101 884.8408 241.5375 1.7132 0.5264 1.5433 4.5186 1.0813 14.1112 -3.0566 0.2205
Car -1 -1 -1.2947 341.4652 179.8332 413.2649 224.3404 1.4544 1.5241 3.3779 -8.0316 1.2796 25.1972 -1.6005 0.8890
Car -1 -1 -1.6113 570.4299 175.0070 624.2747 224.6026 1.5752 1.6848 3.6636 -0.4648 1.2521 24.7068 -1.6303 0.8865
Car -1 -1 1.9813 77.6338 175.7922 408.4609 369.5985 1.6519 1.6846 4.1733 -3.7418 1.5727 8.2143 1.5658 0.7507
Car -1 -1 -1.2135 320.1324 178.0509 381.4333 211.0226 1.5112 1.5792 3.7482 -12.4059 1.1839 34.8311 -1.5536 0.5537
Car -1 -1 0.3854 612.9340 174.0260 702.2280 206.5871 1.5482 1.6551 4.1190 2.4415 1.0173 35.8207 0.4526 0.2283
Car -1 -1 -1.5906 541.1138 177.8603 580.9033 216.8716 1.5814 1.6139 4.1580 -2.1158 1.2844 31.2778 -1.6580 0.1556
Car -1 -1 0.6874 176.6348 192.5147 358.5854 264.8421 1.3748 1.4584 3.2503 -7.1068 1.5394 14.9945 0.2514 0.1481
Car -1 -1 1.5292 515.7604 176.3372 543.7002 201.2358 1.4944 1.5768 3.9628 -4.9687 0.9626 45.2179 1.4200 0.1432
