Pedestrian -1 -1 -1.1974 190.4071 162.5048 299.0164 341.4768 1.6315 0.6641 0.9054 -3.5026 1.4597 7.0237 -1.6514 0.9144
Pedestrian -1 -1 -1.4527 869.9126 160.6446 915.9725 260.5869 1.5721 0.6245 0.7805 4.7485 1.2454 11.7881 -1.0828 0.8181
Pedestrian -1 -1 -1.6146 728.6442 174.8705 808.1851 354.0268 1.5570 0.6673 0.7885 1.4795 1.5008 6.6827 -1.4110 0.7124
Pedestrian -1 -1 -1.3669 734.3101 162.7134 767.5038 231.1385 1.6451 0.6828 0.6846 3.6572 1.1946 17.7160 -1.1714 0.6890
Pedestrian -1 -1 2.4010 826.3853 160.1284 866.9965 220.2218 1.8236 0.6013 1.0698 7.5821 1.1762 22.2893 2.7202 0.5750
Pedestrian -1 -1 -2.2488 780.9929 163.8033 823.6478 239.5196 1.7619 0.7150 0.6755 4.7618 1.3513 17.1666 -1.9874 0.5508
Pedestrian -1 -1 -0.4675 461.5391 172.1257 488.7578 214.4419 1.7787 0.6898 0.9365 -5.4212 1.3857 30.7495 -0.6457 0.5136
Pedestrian -1 -1 -2.3314 799.3518 159.4232 829.2308 213.6026 1.8068 0.7191 0.6564 7.2071 1.0716 24.4101 -2.0523 0.4094
Pedestrian -1 -1 2.7230 0.0000 91.8681 274.0028 374.0000 1.6155 0.6363 1.4484 -2.3518 1.3198 3.1628 2.1151 0.1277
Pedestrian -1 -1 1.7965 592.9458 171.1279 608.3601 201.8091 1.7173 0.5212 1.7152 -0.0363 1.1375 41.0975 1.7905 0.1224
Cyclist -1 -1 2.1484 0.0000 96.1321 240.4448 374.0000 1.6357 0.6067 1.5754 -2.3538 1.3494 3.2133 1.5468 0.8099
Cyclist -1 -1 1.7965 592.9458 171.1279 608.3601 201.8091 1.7173 0.5212 1.7152 -0.0363 1.1375 41.0975 1.7905 0.3658
Cyclist -1 -1 2.4240 821.4376 160.3260 866.9590 219.7835 1.8003 0.6079 1.2490 7.4990 1.1603 22.2710 2.7401 0.3452
Cyclist -1 -1 -1.5242 732.6752 172.4003 812.6475 355.6366 1.5859 0.6828 0.9061 1.5639 1.5085 6.7402 -1.3108 0.1591
Cyclist -1 -1 -1.2402 192.8838 159.8754 298.8918 345.0260 1.6771 0.6499 0.9559 -3.4865 1.4826 7.0179 -1.6927 0.1015
Car -1 -1 1.7256 533.9139 167.9119 582.7363 209.6709 2.0115 1.8219 4.7506 -2.1519 1.3579 37.0486 1.6629 0.7834
