Pedestrian -1 -1 1.1833 961.4350 150.3845 1064.3510 303.5059 1.7809 0.7797 0.9928 4.8910 1.5199 8.9219 1.6701 0.8951
Pedestrian -1 -1 1.3466 313.1518 155.5986 328.6712 193.4151 1.8834 0.5378 0.9199 -14.6502 1.0244 36.4629 0.9669 0.2672
Pedestrian -1 -1 1.7498 535.7354 172.4733 559.1040 232.8962 1.7289 0.5602 0.7234 -1.8656 1.7184 21.0283 1.6616 0.1975
Pedestrian -1 -1 3.3302 75.6443 160.8882 92.7982 186.5808 1.8789 0.6050 0.9255 -38.8154 1.0042 53.2347 2.7025 0.1913
Cyclist -1 -1 1.3466 313.1518 155.5986 328.6712 193.4151 1.8834 0.5378 0.9199 -14.6502 1.0244 36.4629 0.9669 0.1423
Cyclist -1 -1 1.7493 535.4614 172.5135 559.1924 233.4473 1.7399 0.5575 0.7992 -1.8671 1.7305 21.0226 1.6610 0.1042
Car -1 -1 0.2827 302.5002 177.2822 454.1042 228.3000 1.5893 1.7091 4.4065 -7.5094 1.7397 23.5372 -0.0233 0.9006
Car -1 -1 1.9192 0.0000 197.2544 344.9015 375.0000 1.4048 1.6224 4.1928 -3.9760 1.7202 7.1234 1.4251 0.8985
Car -1 -1 2.6052 624.2082 173.9619 731.7790 210.9661 1.6196 1.7386 4.7527 3.1346 1.6741 33.4917 2.6972 0.7807
Car -1 -1 2.5836 465.3155 175.6651 575.3375 218.3336 1.6313 1.7126 4.2566 -3.7006 1.7558 29.8524 2.4608 0.7339
Car -1 -1 -0.3024 959.5598 118.2130 1242.0000 234.3928 1.5386 1.6218 3.8755 7.4913 0.8153 10.8809 0.2881 0.2001
