Pedestrian -1 -1 -0.1553 559.0387 171.9350 572.3420 198.3330 1.7699 0.5269 0.8248 -2.8641 0.8806 48.5389 -0.2143 0.2046
Pedestrian -1 -1 1.0103 704.2220 166.9417 727.4828 213.1469 1.7830 0.5950 0.7470 4.1994 1.0790 28.1981 1.1563 0.1992
Pedestrian -1 -1 0.8520 760.0503 158.2332 803.4666 239.2531 1.7179 0.5422 0.7780 3.7493 1.1469 15.7096 1.0819 0.1751
Pedestrian -1 -1 -0.7974 655.1782 182.3461 691.7981 233.6251 1.6071 0.4706 1.1981 2.0756 1.5183 23.0935 -0.7093 0.1272
Cyclist -1 -1 -1.6221 665.7685 183.3583 682.4968 234.9460 1.6041 0.4526 1.4982 2.0832 1.5475 23.1056 -1.5338 0.2532
Cyclist -1 -1 3.5906 0.0000 67.0660 271.8871 339.0569 1.7333 0.5867 1.7276 -3.3886 0.9815 4.9747 3.0183 0.2080
Cyclist -1 -1 0.2575 837.1188 153.5840 967.1397 270.2988 1.6465 0.5904 1.7313 4.3834 1.2014 10.8862 0.6311 0.1576
Car -1 -1 -1.5551 582.0193 176.8579 619.5030 212.6106 1.5776 1.6543 3.4353 -0.3347 1.2099 33.4382 -1.5654 0.7834
Car -1 -1 -1.4380 0.0000 184.1782 41.7071 280.5948 1.5706 1.6265 3.9289 -12.1612 1.5549 13.7953 -2.1510 0.2830
Car -1 -1 -1.4848 414.8417 176.9287 455.2141 212.4705 1.5818 1.5416 3.6249 -8.1252 1.2141 33.8955 -1.7187 0.2723
Car -1 -1 1.6533 523.6846 185.7940 569.4036 224.9140 1.4711 1.5245 3.8673 -2.4471 1.4971 29.0198 1.5695 0.1856
Car -1 -1 -1.4194 201.7587 83.9303 423.3602 339.7686 2.3822 1.7979 4.1160 -3.3650 1.4402 8.8858 -1.7717 0.1726
