Pedestrian -1 -1 -2.7458 748.3807 164.1372 784.6155 229.8817 1.7643 0.6526 0.7826 4.4123 1.3268 19.4618 -2.5246 0.3373
Pedestrian -1 -1 3.2095 51.0465 199.0823 84.8088 264.1171 1.7205 0.6533 0.6921 -14.7839 2.2449 19.4260 2.5682 0.1802
Pedestrian -1 -1 -0.6844 422.0047 172.8005 444.5317 198.7506 1.7048 0.4484 1.5187 -11.4536 1.2003 47.1857 -0.9193 0.1641
Pedestrian -1 -1 -2.9836 617.4572 159.7447 629.1891 181.5438 1.9599 0.5360 0.9880 1.6806 0.0950 63.9195 -2.9556 0.1633
Pedestrian -1 -1 0.5490 856.0947 123.8857 926.4536 254.8690 1.7008 0.5426 0.7103 3.8443 0.9673 9.6227 0.9200 0.1336
Pedestrian -1 -1 1.7656 834.4007 151.8268 878.6224 268.1270 1.6792 0.5048 0.7182 3.7462 1.2669 10.6412 2.0968 0.1277
Cyclist -1 -1 -0.8485 421.4528 173.1557 444.4059 199.1661 1.7033 0.4407 1.7479 -11.4692 1.2237 47.1708 -1.0837 0.6386
Cyclist -1 -1 -1.6484 774.7956 134.2781 799.5149 219.7150 1.6818 0.3634 1.6064 3.7419 0.7736 14.7355 -1.4027 0.1742
Cyclist -1 -1 -2.3110 729.8925 159.1084 782.7667 222.7275 1.7038 0.5524 1.5286 4.1696 1.1325 19.7296 -2.1041 0.1505
Car -1 -1 -1.5903 551.9258 166.2947 572.1788 185.9322 1.5415 1.5717 3.7806 -3.5015 0.4277 57.4434 -1.6490 0.3024
Car -1 -1 -1.5700 517.2604 164.8143 539.4711 188.2871 1.6274 1.5337 3.5897 -5.5046 0.5412 50.8820 -1.6753 0.1559
Car -1 -1 1.9595 569.0370 173.7685 609.9473 194.6919 1.4810 1.5967 4.0600 -1.0917 1.0058 52.2211 1.9404 0.1352
Car -1 -1 -1.8747 563.2009 161.3690 597.1951 182.7933 1.8822 1.8091 4.6077 -2.2873 0.2026 64.5840 -1.9081 0.1235
Car -1 -1 2.2137 347.0227 178.0617 405.0991 201.7275 1.4966 1.6126 3.9411 -15.1002 1.3437 46.8338 1.9055 0.1169
