Car -1 -1 -1.8394 728.1210 181.7312 953.0169 332.9885 1.5283 1.6377 4.2334 2.7036 1.6735 9.6570 -1.5756 0.8940
Car -1 -1 -1.8378 666.4856 187.4834 797.0282 273.2847 1.4414 1.5722 4.1296 2.3027 1.7893 14.9928 -1.6895 0.8760
Car -1 -1 1.7215 437.2958 189.4398 527.2494 256.5471 1.4095 1.6161 4.1874 -3.1576 1.8791 18.3023 1.5523 0.8663
Car -1 -1 -1.9914 800.8519 170.5533 1242.0000 375.0000 1.5382 1.5604 3.8323 2.4236 1.5298 4.6970 -1.5414 0.8077
Car -1 -1 -1.1570 0.0000 191.3696 395.1880 375.0000 1.4694 1.6060 4.1993 -2.7593 1.6490 4.8212 -1.6545 0.7968
Car -1 -1 1.5766 528.5354 182.6055 560.0759 213.4031 1.5550 1.6474 4.1031 -3.6557 2.1229 39.8808 1.4853 0.7002
Car -1 -1 -1.7206 623.8363 179.0753 658.9418 204.3757 1.4750 1.6003 4.0338 1.8868 1.8829 45.1819 -1.6797 0.4666
Car -1 -1 1.4668 551.6055 179.2650 576.4409 200.3598 1.6001 1.5757 4.0925 -3.7645 2.1366 58.1846 1.4020 0.4002
Car -1 -1 1.7205 375.3777 206.9117 491.6408 305.8008 1.4646 1.6068 3.8273 -3.3208 2.2196 14.0132 1.4909 0.2222
Car -1 -1 1.5729 516.0434 182.1648 534.5309 200.2598 1.5481 1.6281 4.0146 -7.7607 2.4267 65.9649 1.4558 0.2172
Car -1 -1 -1.7521 614.2597 170.1265 642.1588 189.5928 1.5764 1.6290 4.0545 1.4692 1.3558 60.5563 -1.7283 0.1771
