Pedestrian -1 -1 -1.5005 447.4620 159.8735 476.8346 232.5379 1.8158 0.6932 0.5894 -3.8056 1.4918 18.3651 -1.7026 0.2548
Pedestrian -1 -1 -2.2610 818.9684 154.4076 860.5319 232.7192 1.7851 0.6460 0.6712 5.3203 1.3650 16.8782 -1.9613 0.2504
Pedestrian -1 -1 3.3890 69.3922 158.8642 204.8780 356.2972 1.7853 0.5951 0.9722 -4.5754 1.6591 6.9562 2.8241 0.2483
Car -1 -1 -1.8235 747.2471 166.3199 997.2647 343.7848 1.6191 1.6818 3.9717 2.7223 1.5598 8.6001 -1.5279 0.9420
Car -1 -1 -1.3812 375.4597 176.5672 535.4498 293.3629 1.4907 1.6610 4.1174 -2.2665 1.5604 11.3991 -1.5740 0.9374
Car -1 -1 -1.6663 680.4030 174.3179 729.0574 211.8165 1.4394 1.6086 3.8767 3.8061 1.5042 29.8080 -1.5411 0.8710
Car -1 -1 -1.3809 463.4881 175.2794 570.5426 251.2390 1.4994 1.6326 4.2970 -2.0319 1.5629 16.5803 -1.5018 0.8608
Car -1 -1 -1.7832 714.9276 176.1734 844.9673 266.3734 1.4825 1.5814 3.9400 3.0630 1.5562 13.9725 -1.5727 0.8269
Car -1 -1 -1.5448 580.4642 172.9543 609.1633 199.8298 1.5519 1.6359 4.1592 -0.9129 1.5586 43.7610 -1.5660 0.6525
Car -1 -1 -1.6213 672.2623 173.4698 704.0320 201.0484 1.5362 1.6356 4.0962 4.5095 1.5745 42.3720 -1.5164 0.5280
Car -1 -1 1.7077 482.6389 174.1564 556.8839 229.7281 1.4406 1.5878 3.9486 -2.5456 1.4821 20.7815 1.5867 0.1741
