Pedestrian -1 -1 0.4036 202.6729 175.7841 253.8661 278.5691 1.6499 0.4634 0.6094 -6.3134 1.6994 11.8484 -0.0772 0.2826
Pedestrian -1 -1 -1.0630 0.0000 208.4249 61.9748 335.2935 1.6970 0.6467 0.5635 -8.3004 2.2150 10.1652 -1.7351 0.2619
Pedestrian -1 -1 3.3282 292.3156 184.6767 323.9645 264.3853 1.6245 0.4482 0.5348 -6.3453 1.8761 15.0577 2.9351 0.1884
Pedestrian -1 -1 1.6732 402.1534 179.6478 420.6837 227.6992 1.7483 0.6004 0.6287 -7.3909 2.0035 26.7102 1.4052 0.1725
Pedestrian -1 -1 2.2948 666.5569 165.5676 690.3740 212.0396 1.7664 0.5489 0.7638 2.6043 1.4898 27.8841 2.3864 0.1451
Pedestrian -1 -1 -1.5642 434.5612 189.2684 446.9104 224.1380 1.7215 0.6017 0.7687 -8.5920 2.5617 36.4756 -1.7945 0.1287
Car -1 -1 -1.4814 440.6849 185.0997 500.6571 239.0080 1.4989 1.5456 3.3332 -4.3350 1.9119 22.5815 -1.6696 0.8944
Car -1 -1 3.4718 96.0245 178.9994 330.5139 262.8099 1.7560 1.7522 4.3670 -8.9290 1.9073 16.5040 2.9823 0.8475
Car -1 -1 1.6773 475.0043 182.1365 526.0748 224.7218 1.5569 1.6328 3.9585 -4.4110 1.9597 29.2664 1.5284 0.7879
Car -1 -1 1.6463 516.2509 180.5695 545.8079 206.4004 1.5235 1.5725 3.9099 -4.9952 2.0339 45.7162 1.5376 0.2005
