Car -1 -1 -1.8476 729.8585 182.2238 974.0803 337.0410 1.4654 1.6514 4.4042 2.6934 1.6152 9.2997 -1.5754 0.9218
Car -1 -1 -0.3079 835.5201 180.8221 1050.5396 262.5960 1.4751 1.5486 3.5178 6.3403 1.6423 14.1529 0.1048 0.8411
Car -1 -1 3.7798 0.0000 169.5187 183.0042 319.5758 1.5201 1.6174 3.7421 -7.3000 1.4867 8.2450 3.0711 0.6824
Car -1 -1 2.7846 754.9507 176.3211 937.7062 239.6933 1.5487 1.6567 4.1773 5.9765 1.6433 18.6697 3.0891 0.6692
Car -1 -1 -0.1858 683.0330 174.2879 768.0212 207.0547 1.6877 1.7058 4.1911 6.0272 1.7657 38.1590 -0.0308 0.6204
Car -1 -1 -0.2963 738.6013 179.2000 859.6708 222.3978 1.4958 1.6031 3.9430 6.7487 1.7339 26.1369 -0.0470 0.6159
Car -1 -1 0.2733 411.8419 174.0070 518.3453 213.2361 1.4654 1.5743 3.7574 -5.6060 1.5119 27.9338 0.0766 0.5968
Car -1 -1 0.3237 302.7658 173.6135 461.2090 226.5607 1.4619 1.6067 4.0535 -6.5355 1.4851 20.7927 0.0224 0.5904
Car -1 -1 0.4422 53.6570 176.1558 369.1600 285.8592 1.4808 1.5880 3.7708 -5.7544 1.5340 10.6633 -0.0427 0.5633
Car -1 -1 -2.7869 357.7397 176.0677 492.3697 224.5625 1.4952 1.6031 3.9138 -5.9846 1.6042 23.3820 -3.0352 0.5110
Car -1 -1 -1.5411 635.6655 175.1464 659.0402 196.1465 1.4577 1.5891 3.9159 2.7227 1.6314 52.5373 -1.4900 0.5081
Car -1 -1 -0.2674 728.0593 175.1414 836.9246 219.4191 1.6791 1.6650 3.8547 6.6809 1.7722 28.3603 -0.0390 0.4220
Car -1 -1 0.0647 485.1417 175.2845 547.1403 200.0199 1.5474 1.6338 3.8446 -6.0089 1.7067 46.2573 -0.0642 0.3881
Car -1 -1 3.7508 0.0000 196.3430 116.1636 375.0000 1.4648 1.6074 3.8607 -6.5094 1.6907 5.7249 2.9246 0.3808
