Pedestrian -1 -1 -1.9532 594.6952 161.7618 665.5500 313.2590 1.6929 0.5499 0.8600 0.2780 1.4737 8.5234 -1.9275 0.8805
Pedestrian -1 -1 -0.8488 199.8303 169.1120 301.1101 322.2882 1.6547 0.6399 0.8563 -4.0594 1.5222 8.2554 -1.2994 0.8492
Pedestrian -1 -1 -1.8441 644.4620 168.0511 676.1008 229.1586 1.6821 0.7148 0.7170 1.6180 1.3131 20.1937 -1.7704 0.7964
Pedestrian -1 -1 -1.5078 728.3578 160.9173 759.3299 236.5336 1.7792 0.6980 0.6763 3.4034 1.2961 17.3128 -1.3218 0.6462
Pedestrian -1 -1 -2.1359 653.6028 157.6552 732.5079 305.7299 1.7055 0.5925 0.8393 1.0594 1.4322 8.7782 -2.0252 0.6350
Pedestrian -1 -1 -1.1770 709.1190 162.4536 747.2234 230.8501 1.8138 0.6647 1.1006 3.4508 1.3098 19.6892 -1.0110 0.5415
Pedestrian -1 -1 -0.2856 775.3345 147.7906 816.7116 233.8747 1.6594 0.4924 0.6683 3.7747 1.0108 14.1016 -0.0338 0.5326
Pedestrian -1 -1 1.0898 423.6152 167.5669 449.6699 224.0316 1.7571 0.5620 0.6613 -5.2556 1.3247 22.7853 0.8604 0.4075
Pedestrian -1 -1 1.9882 377.7436 164.6718 466.4048 292.4087 1.6704 0.6384 1.5869 -2.5544 1.4517 10.2274 1.7437 0.1741
Cyclist -1 -1 1.5720 437.2049 164.1390 468.6900 256.8660 1.7790 0.5943 1.7943 -3.0843 1.4471 14.7177 1.3634 0.8955
Cyclist -1 -1 1.8201 383.4389 163.6150 457.7930 295.3827 1.7076 0.6089 1.7631 -2.5648 1.4772 10.1889 1.5738 0.8757
Cyclist -1 -1 1.9707 101.7783 165.3901 298.8154 374.0000 1.6724 0.5307 1.7323 -2.7189 1.5818 4.9897 1.4865 0.8670
Cyclist -1 -1 -2.0502 0.0000 169.0043 90.2126 268.6446 1.7134 0.6245 1.8067 -10.1866 1.4998 13.0111 -2.7101 0.6266
Cyclist -1 -1 1.3884 938.9960 113.2523 1006.4694 235.6866 1.6670 0.5641 1.6531 5.4210 0.7391 10.6501 1.8443 0.4169
Cyclist -1 -1 -1.1468 709.2069 162.2313 747.3771 230.5354 1.8119 0.6503 1.0801 3.4523 1.3019 19.6819 -0.9807 0.1161
Car -1 -1 1.6833 482.1523 169.8011 521.1585 205.2772 1.9506 1.7752 4.4494 -5.7367 1.3082 41.7438 1.5425 0.7374
Car -1 -1 -2.3563 270.8776 170.8789 346.6939 199.4980 1.5343 1.6162 3.9078 -16.3017 0.9657 40.0068 -2.7459 0.4493
