Pedestrian -1 -1 0.2723 925.9190 108.8968 1013.4493 286.1310 1.7613 0.5879 0.7036 3.7442 1.1260 7.6200 0.7135 0.2648
Pedestrian -1 -1 1.4429 883.8448 155.8027 892.9379 178.5245 1.9679 0.6139 1.0199 24.3051 0.4915 63.0560 1.8092 0.2235
Car -1 -1 -0.3482 640.4850 171.8376 819.1942 236.0973 1.4814 1.6361 4.0368 2.8595 1.4583 17.8196 -0.1924 0.9222
Car -1 -1 0.3260 109.3596 182.1441 315.2171 249.0791 1.5047 1.6438 4.1093 -9.6364 1.7477 17.6889 -0.1669 0.8599
Car -1 -1 3.5713 0.0000 191.6369 233.4928 297.4201 1.5039 1.6254 3.9107 -8.6045 1.8427 11.8338 2.9530 0.8336
Car -1 -1 3.6659 0.0000 201.5235 195.5726 330.9708 1.4411 1.6081 3.9502 -8.0417 1.8679 9.6250 2.9833 0.7607
Car -1 -1 3.3518 266.6427 179.4128 387.7031 222.0423 1.5744 1.6650 4.1392 -10.9810 1.8411 28.1488 2.9827 0.7400
Car -1 -1 3.4666 178.4913 186.3608 340.4589 243.4495 1.4846 1.6059 3.7766 -9.7800 1.8835 20.2675 3.0217 0.6750
Car -1 -1 -0.2399 591.8807 170.5085 698.9762 211.9348 1.5668 1.6256 3.9442 1.3244 1.4784 28.4648 -0.1944 0.6716
Car -1 -1 -2.7243 216.7849 180.6423 360.8159 229.1226 1.4742 1.5799 3.8880 -10.2032 1.7313 22.9903 -3.1380 0.5535
Car -1 -1 -1.8007 573.0347 174.2886 628.8724 211.8092 1.5324 1.5952 3.8844 -0.5034 1.5999 31.7024 -1.8170 0.2589
