Pedestrian -1 -1 1.2977 834.1759 161.8325 855.6628 205.1080 1.9167 0.6838 0.9510 10.5164 1.4289 32.4429 1.6081 0.5679
Pedestrian -1 -1 -1.4277 99.5295 178.3759 147.4797 278.0967 1.7056 0.5880 0.8747 -8.7458 1.8088 12.9171 -2.0136 0.2337
Pedestrian -1 -1 1.1706 0.0000 137.0945 56.3327 269.4693 1.7653 0.5555 0.7516 -8.2749 1.2888 10.0421 0.4943 0.1461
Pedestrian -1 -1 1.8717 1199.0228 134.5539 1242.0000 239.1509 1.7761 0.5345 0.8331 10.8104 1.1261 12.7001 2.5654 0.1191
Pedestrian -1 -1 0.9616 291.8474 171.5963 320.4269 227.0991 1.7750 0.5396 0.7267 -9.9406 1.7352 23.4952 0.5650 0.1180
Pedestrian -1 -1 -3.1723 860.2189 65.6388 1001.2678 368.8211 1.6609 0.4515 0.7300 1.8193 1.0739 4.2862 -2.7954 0.1128
Pedestrian -1 -1 2.7675 362.2641 168.7609 384.3800 209.0516 1.8175 0.5959 0.7999 -10.8748 1.6332 33.0303 2.4514 0.1127
Cyclist -1 -1 0.6876 983.1738 162.3868 1041.9766 220.1836 1.7252 0.6482 1.5215 12.4079 1.4131 22.3614 1.1882 0.1071
Car -1 -1 1.7818 460.7756 180.4501 565.2765 256.2133 1.5463 1.6471 4.0085 -2.2222 1.7495 17.2037 1.6544 0.9422
Car -1 -1 1.6917 577.9574 173.1041 622.3842 209.3982 1.5890 1.6287 3.7495 -0.4419 1.6017 33.5661 1.6780 0.7523
Car -1 -1 0.9699 664.1929 174.2675 716.2079 196.9979 1.4993 1.5897 4.0029 5.4781 1.6018 49.9955 1.0780 0.1232
Car -1 -1 1.3023 867.2692 166.9583 905.5066 189.0440 1.5957 1.6484 4.0735 20.6931 1.1701 54.2339 1.6648 0.1194
Car -1 -1 -2.0716 82.5409 157.0918 163.6985 190.4281 1.5341 1.6088 3.8318 -23.5307 0.8091 34.7975 -2.6627 0.1108
Car -1 -1 1.4478 551.0107 169.5184 586.2252 196.3083 1.5381 1.6198 4.1377 -2.5803 1.3470 43.6057 1.3886 0.1092
