Pedestrian -1 -1 -2.0141 923.6740 161.7518 965.4860 234.3927 1.6512 0.5846 0.8174 7.7363 1.3992 16.8130 -1.5900 0.7481
Pedestrian -1 -1 -1.8472 769.5587 169.8364 789.6422 210.6094 1.6907 0.5924 0.9167 7.0963 1.5659 30.3894 -1.6204 0.6544
Pedestrian -1 -1 1.9936 1129.2363 151.3632 1184.4371 247.8743 1.7661 0.6791 0.5219 10.2701 1.3732 13.6248 2.6288 0.4241
Pedestrian -1 -1 -1.8113 888.8615 155.9178 952.8519 250.4456 1.6986 0.7297 1.6727 5.8755 1.3947 13.8452 -1.4182 0.1644
Pedestrian -1 -1 -1.9928 952.3336 161.3444 1008.9106 237.2578 1.6816 0.5204 1.6679 8.5608 1.4270 16.8246 -1.5297 0.1249
Cyclist -1 -1 -1.9173 885.4103 156.0369 957.6324 253.0466 1.7410 0.6984 1.7493 5.8790 1.4395 13.8363 -1.5239 0.9307
Cyclist -1 -1 -1.9928 952.3336 161.3444 1008.9106 237.2578 1.6816 0.5204 1.6679 8.5608 1.4270 16.8246 -1.5297 0.4365
Cyclist -1 -1 -1.7577 768.8945 169.0117 787.7319 210.1323 1.7066 0.5781 1.0911 7.0667 1.5475 30.4990 -1.5327 0.2552
Car -1 -1 1.1363 1006.0541 178.2443 1045.4353 195.7180 1.4907 1.5672 3.8739 37.2521 1.9899 64.7792 1.6558 0.4270
Car -1 -1 1.3122 789.2780 173.4290 829.7757 197.0710 1.4932 1.6070 3.9475 13.0898 1.5331 47.6452 1.5784 0.2995
Car -1 -1 -1.6345 664.2111 172.6836 687.8961 192.7984 1.5309 1.6022 3.9606 5.1524 1.5183 56.9125 -1.5450 0.2750
Car -1 -1 -0.9444 22.2317 154.6583 109.4799 187.1821 1.5823 1.6147 3.8547 -27.8562 0.6974 37.0408 -1.5858 0.2261
