Pedestrian -1 -1 3.4401 230.6127 153.7856 357.6781 335.5342 1.8104 0.6187 1.0810 -3.2740 1.5460 7.4001 3.0410 0.8869
Pedestrian -1 -1 -2.3617 838.3848 176.6064 874.9373 249.0506 1.7841 0.6962 0.5318 6.2978 1.6898 17.7999 -2.0257 0.1568
Pedestrian -1 -1 1.6530 957.4093 152.6018 997.0225 259.6978 1.7029 0.5260 0.8115 6.1335 1.2609 11.7209 2.1258 0.1209
Pedestrian -1 -1 0.8104 229.1461 167.9369 297.2135 251.2993 1.5544 0.4848 1.2109 -6.6308 1.3218 13.6231 0.3685 0.1139
Pedestrian -1 -1 0.1318 849.3975 152.3805 941.9359 261.3146 1.7252 0.6962 1.3583 4.8178 1.2815 11.8285 0.5111 0.1054
Cyclist -1 -1 0.6961 224.6012 168.3090 302.4600 251.5265 1.5570 0.4876 1.3605 -6.6250 1.3306 13.6316 0.2547 0.1843
Cyclist -1 -1 1.5380 857.0089 164.5056 906.6155 277.1642 1.7135 0.6803 1.8549 4.5171 1.4719 11.7369 1.8980 0.1736
Cyclist -1 -1 3.4529 236.6113 153.5587 365.1832 335.3415 1.8087 0.6300 1.0915 -3.1979 1.5423 7.3876 3.0616 0.1009
Car -1 -1 -2.7448 523.9842 159.5525 618.8245 194.7479 1.5500 1.6336 4.0521 -1.5626 0.6290 32.5983 -2.7903 0.1291
Car -1 -1 1.7778 535.2151 141.6375 624.0650 205.0980 1.6149 1.6794 4.2626 -0.6377 0.6276 20.2341 1.7490 0.1140
Car -1 -1 0.7411 317.6201 194.9808 474.3492 259.5206 1.4847 1.5937 3.8916 -5.5346 1.8984 18.5403 0.4571 0.1002
