Pedestrian -1 -1 1.4795 139.1769 171.2904 156.7000 212.3711 1.7958 0.5834 0.8385 -20.5677 1.7278 32.0492 0.9126 0.2542
Pedestrian -1 -1 -3.1215 772.5319 166.1614 785.9945 197.7134 1.8684 0.6138 0.7729 10.0837 1.4725 43.1171 -2.8937 0.1312
Cyclist -1 -1 0.7469 1048.9247 126.1463 1102.9254 176.9739 1.8208 0.7053 1.6307 17.1879 0.1479 26.7225 1.3137 0.2015
Car -1 -1 2.0368 57.4107 195.2209 212.7766 272.8850 1.4125 1.4611 3.3936 -10.3261 1.9604 15.8982 1.4681 0.8689
Car -1 -1 1.3359 875.5344 177.7551 926.2502 208.7315 1.5455 1.6267 3.9585 15.5055 1.8230 38.7282 1.7136 0.2531
Car -1 -1 1.2479 422.6769 178.2363 472.7830 206.2701 1.4894 1.5981 4.0266 -9.3661 1.8137 41.2881 1.0258 0.2057
Car -1 -1 1.6692 922.1976 187.3060 965.2393 218.6853 1.4856 1.6911 4.2401 17.8105 2.3022 38.4935 2.0991 0.1865
Car -1 -1 1.3221 379.2634 188.4251 413.4371 210.2200 1.5351 1.6141 3.9606 -16.6248 2.7886 55.9526 1.0341 0.1660
Car -1 -1 1.5357 850.6707 188.3300 885.8212 222.9194 1.6401 1.5936 3.9097 13.5841 2.5049 38.1964 1.8742 0.1376
Car -1 -1 -1.1094 278.6860 191.7394 347.2932 226.8595 1.5322 1.5819 3.8250 -14.5876 2.5147 35.5562 -1.4965 0.1298
