Pedestrian -1 -1 3.0232 480.3452 162.4323 500.8250 198.7355 1.8375 0.5355 0.9770 -6.1483 1.3104 36.9113 2.8590 0.6816
Pedestrian -1 -1 -2.4897 36.9891 160.1420 73.7282 215.0865 1.7990 0.4863 0.8419 -18.3868 1.3832 23.8659 -3.1408 0.4699
Pedestrian -1 -1 2.3328 0.0000 174.6825 32.7162 302.7661 1.6190 0.4280 0.6743 -8.1330 1.6442 9.4781 1.6374 0.1969
Pedestrian -1 -1 -1.8113 270.4331 171.9267 293.2845 217.7286 1.5975 0.4376 1.3506 -11.7986 1.5655 25.8301 -2.2362 0.1937
Cyclist -1 -1 -1.5646 274.3658 172.5722 287.7579 218.5021 1.5958 0.4244 1.4713 -11.8117 1.5864 25.8253 -1.9900 0.3509
Cyclist -1 -1 0.1028 480.6213 162.2534 501.6540 198.4495 1.8352 0.5393 1.0112 -6.1089 1.2981 36.8803 -0.0605 0.1798
Car -1 -1 1.2026 434.6349 161.3304 493.8814 192.8480 1.6585 1.7457 4.4750 -8.2383 1.0525 40.3214 1.0020 0.8486
Car -1 -1 -1.9809 480.8311 162.3840 532.7039 191.1251 1.6065 1.6364 3.7873 -6.1385 1.0216 42.3679 -2.1242 0.7729
Car -1 -1 -2.1031 523.1871 159.1057 590.7994 192.0073 1.8598 1.8139 4.8772 -3.2843 1.0830 43.3027 -2.1786 0.5984
Car -1 -1 0.8976 676.4956 158.5252 738.0939 186.1509 1.7049 1.7142 4.1831 6.2168 0.8210 46.7600 1.0287 0.4902
Car -1 -1 0.8126 745.3225 158.1174 799.1605 183.1111 1.6955 1.6286 3.6651 11.3820 0.6962 50.9356 1.0311 0.2439
Car -1 -1 0.5934 901.7188 158.0575 962.0647 181.0697 1.8231 1.7025 4.3227 26.4381 0.6512 59.4415 1.0100 0.2000
Car -1 -1 -2.1331 611.0369 155.9971 721.6531 213.5985 1.8400 1.7745 4.4272 1.8232 1.3019 25.4154 -2.0629 0.1960
