Car -1 -1 -1.8616 776.5788 193.2701 975.0979 318.8575 1.4317 1.6043 4.0468 3.6938 1.7992 10.9303 -1.5451 0.9232
Car -1 -1 1.8063 467.0883 188.7070 536.3169 237.7141 1.5928 1.6598 3.9643 -3.9783 2.2275 26.8210 1.6597 0.9210
Car -1 -1 -1.7307 734.9867 186.7750 840.4455 267.3286 1.5516 1.6651 4.2465 3.9350 1.9185 16.8194 -1.5058 0.9189
Car -1 -1 1.7185 505.3992 187.1877 555.2662 227.6670 1.6052 1.6260 4.0588 -3.5188 2.2847 32.1267 1.6096 0.7182
Car -1 -1 -3.0829 1021.6987 175.5462 1242.0000 256.0268 1.5552 1.6428 4.1993 11.6331 1.6227 16.0269 -2.4643 0.6165
Car -1 -1 -1.5719 696.5276 181.0978 724.3691 208.9941 1.6090 1.6445 4.2314 6.2395 2.1502 45.1265 -1.4360 0.4726
Car -1 -1 1.9163 212.9741 195.1599 286.6749 235.2542 1.5569 1.6308 4.2442 -16.2337 2.6351 32.6633 1.4580 0.4458
Car -1 -1 1.4326 539.7141 187.5082 576.1133 217.7000 1.5573 1.5616 3.7323 -3.0461 2.4335 41.1333 1.3586 0.4331
Car -1 -1 1.6699 524.5414 188.2958 563.0453 221.4542 1.5202 1.5807 3.9161 -3.3688 2.3518 36.8719 1.5788 0.2957
Car -1 -1 -1.6836 235.4684 173.0606 300.2489 230.3866 1.5854 1.4531 2.6826 -10.2702 1.5923 21.4856 -2.1250 0.2796
