Pedestrian -1 -1 -1.4237 749.9709 175.2914 775.0693 230.9725 1.7236 0.6644 0.8614 4.7996 1.8030 22.8959 -1.2205 0.2118
Pedestrian -1 -1 0.1968 1017.1288 110.4572 1123.4260 273.1090 1.7145 0.5651 0.9249 5.1215 1.0571 8.1239 0.7429 0.1724
Pedestrian -1 -1 -2.8807 977.0773 138.9318 1025.6460 224.8556 1.7678 0.5931 0.7846 8.2622 1.0702 15.3260 -2.3946 0.1594
Cyclist -1 -1 -0.1003 1018.6258 111.5267 1126.8069 271.6530 1.7022 0.5703 0.9630 5.1274 1.0507 8.1326 0.4459 0.1061
Cyclist -1 -1 -1.4441 752.8572 174.6428 778.6807 232.3399 1.7757 0.6790 1.0352 4.8924 1.8342 22.8407 -1.2365 0.1033
Car -1 -1 -1.5837 594.2735 171.8954 624.4561 200.1955 1.5115 1.6127 4.0506 -0.1020 1.4606 40.5711 -1.5866 0.7118
Car -1 -1 1.7976 401.6231 178.5755 436.8778 200.8995 1.5145 1.5980 3.9915 -13.7272 1.9433 52.0026 1.5404 0.4225
Car -1 -1 0.7210 1105.3759 174.9107 1219.3246 208.4726 1.4706 1.6407 4.2372 25.9383 1.5746 34.1284 1.3664 0.2641
Car -1 -1 0.7836 1007.3173 166.6086 1092.4523 194.8726 1.4925 1.6060 4.1126 24.4225 1.1631 40.2891 1.3251 0.2421
Car -1 -1 0.9869 963.2808 191.9782 1072.7533 238.8430 1.5154 1.6096 3.9971 15.1156 2.2876 27.0629 1.4909 0.2409
Car -1 -1 1.9413 389.5069 181.6991 426.1621 200.9302 1.4839 1.5776 3.9911 -16.6848 2.2407 59.6354 1.6694 0.2121
Car -1 -1 0.6136 1107.8148 174.1277 1242.0000 233.2497 1.5111 1.5910 4.0695 16.7712 1.5519 20.7092 1.2870 0.1593
Car -1 -1 1.8110 341.7630 179.6582 393.6405 212.9689 1.5925 1.6217 4.0786 -12.5379 1.9658 37.4483 1.4897 0.1524
