Pedestrian -1 -1 3.2330 517.0341 159.5300 540.0287 202.1370 1.8225 0.6174 0.9352 -3.3206 0.9270 30.5537 3.1277 0.7647
Pedestrian -1 -1 0.3475 419.7711 160.5300 449.4625 208.1603 1.8565 0.7027 0.9591 -6.7563 1.0796 27.9576 0.1148 0.6821
Pedestrian -1 -1 2.9216 406.8661 162.0721 432.9825 207.6481 1.8617 0.5949 0.9433 -7.7086 1.1104 29.3556 2.6692 0.4069
Pedestrian -1 -1 -1.9922 295.4940 171.6215 314.2758 211.6945 1.8426 0.5511 0.7461 -14.0118 1.4358 32.9625 -2.3890 0.3015
Pedestrian -1 -1 -0.6109 313.9257 169.5499 364.8547 220.7708 1.7574 0.5658 1.6688 -9.4405 1.3833 25.1016 -0.9648 0.2481
Cyclist -1 -1 -0.2726 724.3071 157.5248 767.4871 197.1581 1.7524 0.6114 1.7959 6.2779 0.7380 31.6320 -0.0768 0.8756
Cyclist -1 -1 0.0698 784.5765 151.3311 833.9371 198.8019 1.7893 0.6600 1.7882 7.8522 0.6914 27.2621 0.3490 0.8415
Cyclist -1 -1 -0.7393 313.3951 169.9462 363.5264 221.7421 1.7706 0.5561 1.7401 -9.4557 1.4113 25.0649 -1.0941 0.7444
Cyclist -1 -1 -0.5047 619.1972 159.8659 651.8044 191.8449 1.7540 0.6152 1.7361 1.6948 0.6236 39.4366 -0.4602 0.5219
Car -1 -1 -1.4342 466.0695 173.5896 530.6539 220.3018 1.4228 1.5952 3.8257 -3.4798 1.2139 23.4493 -1.5777 0.9040
Car -1 -1 -0.4253 907.8490 159.1951 985.7112 187.6143 1.5436 1.5717 3.5559 18.9081 0.3878 39.2243 0.0224 0.6100
