Pedestrian -1 -1 0.4190 583.7409 154.2762 626.4989 230.0490 1.7750 0.7206 0.8087 -0.0304 1.1623 17.0517 0.4191 0.9053
Pedestrian -1 -1 -2.3228 121.0282 172.1358 177.6682 254.7349 1.8071 0.6818 0.8417 -10.2806 1.6257 15.8999 -2.8860 0.8271
Pedestrian -1 -1 3.3350 165.1437 174.3971 217.3379 250.7800 1.8514 0.6479 1.0136 -10.3242 1.7051 17.6029 2.8140 0.7724
Pedestrian -1 -1 -2.0120 268.9259 160.1714 308.1024 237.1883 1.8507 0.7010 0.5860 -7.8453 1.3638 17.4421 -2.4260 0.7365
Pedestrian -1 -1 0.6528 383.1754 152.5891 444.3641 243.9006 1.8247 0.7289 0.9844 -3.9986 1.2686 14.6499 0.3937 0.6722
Cyclist -1 -1 -0.4665 1113.9882 131.9028 1210.9995 202.7663 1.7603 0.7499 1.8066 14.2005 0.5547 18.0989 0.1920 0.9153
Cyclist -1 -1 2.6645 857.3760 151.3278 906.2730 195.0638 1.7535 0.6294 1.7592 11.2270 0.5854 28.7487 3.0349 0.8360
Cyclist -1 -1 -1.3009 888.6109 149.5988 920.2819 200.4958 1.7513 0.5683 1.8745 10.6747 0.6896 25.2357 -0.9034 0.5918
Car -1 -1 -1.2754 264.7453 183.5380 462.4121 306.4625 1.4196 1.5740 3.7329 -3.2438 1.4728 10.1220 -1.5747 0.9053
Car -1 -1 -0.8246 1070.9105 146.1071 1201.4342 190.2410 1.5429 1.6289 3.8775 19.3724 0.3421 25.8718 -0.1860 0.6094
Car -1 -1 1.6174 465.7141 166.8599 491.9511 189.1728 1.5301 1.6505 4.1003 -8.9882 0.5960 50.6172 1.4446 0.6033
