Pedestrian -1 -1 -2.9275 609.1530 167.8955 619.9753 188.7855 1.9150 0.5340 0.9051 0.4027 1.4608 66.5018 -2.9218 0.3198
Pedestrian -1 -1 1.4249 95.7941 143.8339 148.5657 260.7322 1.7688 0.6133 0.5754 -7.7179 1.3301 11.3341 0.8378 0.2143
Pedestrian -1 -1 1.4407 922.2836 136.1218 969.0198 256.8023 1.7381 0.5141 0.8992 4.9994 1.2095 10.8937 1.8603 0.1554
Pedestrian -1 -1 1.7274 72.5298 184.9271 105.5848 237.8686 1.7719 0.7080 1.5278 -18.3451 2.2109 25.3716 1.1062 0.1319
Pedestrian -1 -1 1.7054 54.9954 131.8849 109.3175 238.3024 1.8032 0.6531 0.9207 -9.3845 1.1093 12.7831 1.0819 0.1254
Pedestrian -1 -1 1.4962 820.5289 165.9859 840.1223 219.6670 1.7833 0.5750 0.7452 7.3983 1.5555 24.3920 1.7867 0.1229
Cyclist -1 -1 1.8964 68.7900 185.0774 110.3409 238.3334 1.7776 0.6873 1.6559 -18.3290 2.2231 25.3829 1.2758 0.2974
Car -1 -1 1.3606 689.4327 165.5341 742.7927 205.0100 1.8255 1.7504 4.1475 5.1077 1.4874 35.4925 1.5019 0.8666
Car -1 -1 -2.6989 251.6267 177.9140 392.2790 231.5633 1.5625 1.6190 3.6659 -8.8106 1.7245 22.1181 -3.0743 0.7821
Car -1 -1 1.5960 538.9726 175.4674 574.4758 206.5094 1.4803 1.7069 4.4277 -2.7167 1.6230 37.0368 1.5228 0.7515
Car -1 -1 -2.6100 283.4855 178.4508 404.7611 223.2772 1.5174 1.5910 3.7925 -9.5247 1.7268 25.8263 -2.9603 0.1957
Car -1 -1 -1.7602 613.6041 167.2775 639.8737 185.5424 1.6591 1.6772 4.3243 1.5184 1.1529 67.8083 -1.7381 0.1525
