Car -1 -1 -1.3717 400.5595 179.4150 489.2070 242.1692 1.5449 1.6331 3.7215 -4.3635 1.4032 19.5681 -1.5885 0.9179
Car -1 -1 -1.7298 667.5820 181.5262 734.7537 230.0148 1.3861 1.5179 3.4148 2.7748 1.2818 22.2799 -1.6079 0.9142
Car -1 -1 -1.0694 0.0000 180.6978 371.0814 376.0000 1.5196 1.6448 4.1058 -3.6643 1.4933 6.4130 -1.5708 0.9077
Car -1 -1 -1.2009 247.7980 184.1282 358.9102 240.4471 1.4535 1.5997 3.8846 -8.5781 1.4265 20.5077 -1.5927 0.9063
Car -1 -1 -1.2997 353.7050 168.0283 426.0231 219.0447 1.9215 1.7267 4.2423 -8.7839 1.2753 29.2080 -1.5896 0.8932
Car -1 -1 -1.4072 481.0111 180.1180 528.4102 214.2280 1.4474 1.5612 3.4551 -4.6009 1.2322 32.2438 -1.5482 0.8081
Car -1 -1 -1.6468 582.9261 176.7401 615.8398 205.4714 1.5431 1.5784 3.5288 -0.5379 1.0890 40.4322 -1.6605 0.5381
Car -1 -1 -1.5698 518.9380 178.3223 546.1830 203.5688 1.4534 1.5631 3.7670 -4.5578 1.0577 43.3333 -1.6743 0.5090
Car -1 -1 1.4103 619.0353 173.6129 650.6436 195.1814 1.4807 1.6226 4.0670 1.8773 0.6853 51.4643 1.4461 0.4418
Car -1 -1 2.2728 0.0000 187.1672 131.4691 328.5368 1.4218 1.5526 3.7571 -8.1334 1.4530 9.1639 1.5614 0.3546
Car -1 -1 -1.3328 569.1011 178.2467 605.2968 201.1975 1.4835 1.5739 3.8806 -1.3660 1.0342 48.5233 -1.3612 0.3182
Car -1 -1 -1.4766 464.9125 176.1287 495.2246 200.0373 1.4779 1.5727 3.8327 -8.2254 0.9173 46.4052 -1.6514 0.2896
