Cyclist -1 -1 -1.9912 0.0000 154.1062 47.1434 238.7434 1.7536 0.4261 1.6724 -12.8515 1.3655 15.5131 -2.6747 0.3007
Car -1 -1 -1.3241 388.8571 183.6373 465.7393 234.9949 1.5701 1.6379 3.9704 -6.2390 1.9720 24.8777 -1.5679 0.9129
Car -1 -1 -1.7020 676.9296 180.1598 752.5261 240.2350 1.4979 1.5880 3.8234 2.8090 1.7239 20.3678 -1.5677 0.9040
Car -1 -1 2.0115 184.6521 194.6724 364.7633 290.8421 1.4658 1.6027 3.8162 -6.2275 1.9417 13.7952 1.5940 0.8946
Car -1 -1 -3.6682 919.9409 162.1521 1218.7881 253.1614 1.5711 1.6985 4.4256 8.2597 1.3867 13.3410 -3.1242 0.8828
Car -1 -1 -3.5711 859.1387 150.6322 1091.3357 229.9989 1.7027 1.7173 4.3930 8.0989 1.2263 16.3836 -3.1196 0.8284
Car -1 -1 2.7975 795.1917 159.8568 954.7430 219.2074 1.7882 1.7637 4.3543 8.1662 1.3970 22.6242 3.1392 0.7593
Car -1 -1 2.3477 0.0000 203.6302 252.6576 375.0000 1.4909 1.6098 4.0050 -3.8574 1.7458 3.9345 1.6055 0.7267
Car -1 -1 1.7683 462.5964 182.5155 509.3424 215.6241 1.5105 1.5675 3.8772 -6.1681 2.0195 36.0204 1.5994 0.5682
Car -1 -1 -0.5760 1106.6464 140.6896 1239.0868 180.0562 1.5177 1.6046 3.9292 22.3147 0.2780 28.7690 0.0789 0.5128
Car -1 -1 -0.7216 1174.0284 143.2802 1242.0000 187.7486 1.5255 1.5901 3.9012 22.5027 0.5113 25.5546 -0.0053 0.3344
Car -1 -1 1.0342 1035.6571 144.6315 1120.9868 179.6670 1.5093 1.5672 3.7256 21.2487 0.2939 32.9679 1.6027 0.3263
