Pedestrian -1 -1 -1.9872 797.3516 153.5264 830.7512 218.7483 1.7288 0.6633 0.6404 5.4578 1.2168 19.4878 -1.7185 0.5395
Pedestrian -1 -1 -0.7840 769.4524 151.3002 806.9052 213.7191 1.7034 0.6856 0.7527 4.9330 1.1155 20.1762 -0.5480 0.3262
Car -1 -1 2.0405 89.9645 188.5383 330.9718 322.6355 1.6134 1.5910 3.8474 -5.8565 1.8962 11.0601 1.5628 0.9266
Car -1 -1 1.8644 286.1527 191.3437 405.8411 270.1355 1.4737 1.5304 3.5332 -5.8067 1.9339 16.1389 1.5236 0.8822
Car -1 -1 -1.9580 742.5884 182.7644 949.8877 309.7680 1.4432 1.5171 3.4767 3.0785 1.6097 10.2869 -1.6762 0.8787
Car -1 -1 -2.0913 846.2319 184.3205 1242.0000 375.0000 1.5042 1.6017 4.0386 3.0371 1.6158 4.9786 -1.5707 0.8412
Car -1 -1 -1.8140 709.4941 183.1850 821.7999 257.7299 1.3975 1.5284 3.6771 3.2435 1.6526 15.9153 -1.6175 0.8034
Car -1 -1 0.8691 0.0000 199.3172 138.1873 261.1377 1.4989 1.5813 3.7518 -15.1599 2.2645 19.6813 0.2191 0.3893
Car -1 -1 1.1848 308.4153 187.4001 353.8932 211.4366 1.5216 1.5971 3.8806 -19.3837 2.5697 50.0078 0.8165 0.3535
Car -1 -1 -2.7589 351.7025 178.7323 440.1147 212.1347 1.8076 1.7074 4.4399 -12.0077 2.1464 40.4794 -3.0459 0.3357
Car -1 -1 -1.6802 728.0895 176.5731 760.7089 201.6486 1.4783 1.5752 3.8962 8.3287 1.7216 45.1269 -1.4993 0.3208
