Pedestrian -1 -1 -0.1772 1160.4216 150.4126 1242.0000 304.7336 1.7969 0.7283 0.8834 7.3794 1.5359 8.9294 0.4967 0.6185
Pedestrian -1 -1 -1.9093 768.7424 169.5008 791.8536 211.9582 1.7745 0.7076 0.8560 7.1797 1.6347 30.6175 -1.6817 0.3318
Car -1 -1 -1.7276 719.7421 183.1011 811.9809 254.8752 1.4869 1.5780 3.5417 3.5650 1.7580 17.2624 -1.5283 0.9073
Car -1 -1 0.5139 216.9045 182.4065 451.9380 267.8876 1.5147 1.6537 4.0227 -5.3804 1.7176 14.1651 0.1565 0.8688
Car -1 -1 0.2904 319.6139 179.2393 480.7573 233.5635 1.5058 1.6625 4.2156 -6.0804 1.7001 21.0553 0.0120 0.8639
Car -1 -1 -1.7222 701.5119 177.5562 772.7914 233.0517 1.5504 1.5991 3.7118 3.7987 1.7086 22.3391 -1.5568 0.8285
Car -1 -1 -2.8672 391.9620 180.0206 510.8136 224.8881 1.5764 1.6591 3.9785 -5.8327 1.8503 26.5977 -3.0815 0.7228
Car -1 -1 -1.6642 679.5833 181.0443 716.5754 211.9284 1.4180 1.4927 3.4319 4.2853 1.8441 35.7775 -1.5466 0.6431
Car -1 -1 -2.4660 966.7434 202.1162 1242.0000 375.0000 1.4853 1.6036 3.8288 3.1018 1.6719 2.6163 -1.6508 0.5252
Car -1 -1 -2.8757 438.7939 179.5242 535.7017 214.6456 1.4525 1.5840 3.8487 -5.3064 1.7502 31.1849 -3.0434 0.3884
Car -1 -1 0.3686 471.6710 180.1104 559.5809 212.0961 1.5131 1.6102 4.0359 -4.7231 1.8878 35.9605 0.2384 0.3721
Car -1 -1 3.5302 0.0000 212.9654 33.2130 375.0000 1.4731 1.6151 3.9870 -6.0388 1.8006 4.1521 2.5923 0.3125
Car -1 -1 -1.7638 758.1135 162.3272 810.6940 197.9999 1.5029 1.5734 3.7726 7.7009 1.0598 32.3118 -1.5322 0.3090
