Pedestrian -1 -1 -3.4168 962.5187 179.8104 989.8284 223.8073 1.7897 0.6539 0.8604 15.1143 2.0820 29.8767 -2.9531 0.3108
Car -1 -1 -1.8192 721.4464 171.2376 919.0703 318.6165 1.7284 1.6710 4.1154 2.7311 1.7098 10.5187 -1.5733 0.9413
Car -1 -1 -1.7719 682.9496 180.3657 794.1433 260.3214 1.5552 1.6482 4.1741 2.7410 1.7500 16.5492 -1.6116 0.8859
Car -1 -1 3.6289 7.0788 189.7888 346.8854 308.6898 1.5692 1.6736 4.0055 -6.2504 1.8414 10.6768 3.1096 0.8845
Car -1 -1 0.7166 0.0000 198.3894 270.1417 352.0397 1.4695 1.6113 4.0010 -6.2686 1.7932 8.1752 0.0778 0.8834
Car -1 -1 -1.7160 656.7321 174.2089 716.7460 224.1658 1.6412 1.6123 3.4272 2.6031 1.6928 25.5441 -1.6163 0.8609
Car -1 -1 -1.6530 640.8004 178.4767 673.4508 206.8069 1.4522 1.4953 3.3518 2.4965 1.7724 39.3451 -1.5906 0.7133
Car -1 -1 3.5086 104.2114 186.3574 374.2635 277.9862 1.4973 1.6380 4.0379 -6.5890 1.7613 13.0837 3.0497 0.5886
Car -1 -1 3.2285 452.8500 180.8786 536.7103 212.5282 1.5495 1.6528 4.0935 -5.8552 1.9698 36.7822 3.0713 0.4745
Car -1 -1 3.9095 0.0000 209.6587 123.9739 375.0000 1.4758 1.6109 3.9266 -6.3884 1.8106 5.6411 3.0857 0.4286
Car -1 -1 0.2785 354.8532 182.9628 489.2457 231.1334 1.5385 1.6384 4.0836 -6.2997 1.8913 24.2820 0.0267 0.4133
Car -1 -1 1.9831 493.7468 174.1817 541.3602 199.2910 1.4992 1.5665 3.8258 -5.7900 1.5868 45.3528 1.8565 0.3046
