Car -1 -1 -2.3958 778.9273 177.3801 927.9365 237.9710 1.4043 1.5692 3.5757 6.2260 1.5357 18.9532 -2.0837 0.9012
Car -1 -1 -1.7723 631.5413 176.4377 681.6203 212.1610 1.4396 1.5134 3.3073 1.9183 1.6034 31.1667 -1.7120 0.8889
Car -1 -1 -2.4572 0.0000 178.3583 264.1239 301.8219 1.5743 1.6355 3.7477 -7.2213 1.6603 10.2539 -3.0589 0.8036
Car -1 -1 3.5553 141.1210 150.8593 408.5777 259.3525 2.0595 1.8595 4.5639 -6.6776 1.6424 14.6417 3.1338 0.6586
Car -1 -1 -1.6059 616.5372 174.3560 647.1929 201.6891 1.4615 1.5810 4.0050 1.1593 1.5510 40.8063 -1.5781 0.6048
Car -1 -1 -1.4209 423.3553 176.8846 479.7652 219.0772 1.4971 1.5817 3.7400 -6.0908 1.6639 27.8813 -1.6344 0.5245
Car -1 -1 0.5175 58.2103 181.2839 334.0830 278.1443 1.5110 1.6174 3.7561 -6.9171 1.6639 12.2278 0.0116 0.5074
Car -1 -1 0.3566 288.2090 176.5547 434.1678 228.3909 1.5012 1.6103 3.8655 -7.5157 1.6182 21.8771 0.0290 0.4425
Car -1 -1 0.2362 399.8268 177.9705 488.9803 211.0196 1.4885 1.5959 3.7743 -7.6964 1.7327 33.5694 0.0122 0.3447
Car -1 -1 1.6676 494.5237 176.5433 526.5184 202.2502 1.5221 1.6072 4.0745 -6.2431 1.7650 45.3788 1.5312 0.3337
