Pedestrian -1 -1 1.4941 547.0385 158.3387 572.6826 221.7930 1.8135 0.6720 0.9593 -1.2551 1.1527 21.0489 1.4302 0.8781
Pedestrian -1 -1 1.7930 573.7776 161.4328 609.7224 232.8409 1.6390 0.6942 0.7984 -0.2556 1.1796 16.9457 1.7729 0.8706
Pedestrian -1 -1 -1.7782 804.6658 149.8135 856.5470 252.7499 1.7419 0.6677 0.9948 3.9851 1.2070 12.6774 -1.4848 0.8678
Pedestrian -1 -1 -0.8888 990.3864 148.1577 1083.3475 303.5774 1.6425 0.6702 0.5815 4.7932 1.2915 8.0064 -0.3690 0.8197
Pedestrian -1 -1 -2.6238 133.4922 169.1049 250.7374 360.2140 1.6080 0.5259 0.7302 -3.6249 1.5051 6.3073 -3.1340 0.7618
Pedestrian -1 -1 1.6720 403.9451 154.3729 465.5071 293.9432 1.7443 0.6980 1.0443 -2.2358 1.4066 9.5375 1.4420 0.7243
Pedestrian -1 -1 2.1002 497.9883 156.9546 531.2172 227.9587 1.7512 0.6138 0.6012 -2.2194 1.1470 18.1110 1.9748 0.6619
Pedestrian -1 -1 1.7147 706.3987 152.6636 735.0384 217.9440 1.7676 0.6689 0.9204 3.2954 0.9880 19.9863 1.8709 0.6577
Pedestrian -1 -1 -1.6202 538.2446 156.7073 554.1750 200.1323 1.9013 0.6500 1.0606 -2.4802 0.8168 32.0174 -1.7019 0.6452
Pedestrian -1 -1 -2.2156 0.0000 183.4645 144.3123 374.0000 1.6923 0.6399 0.6276 -2.6588 1.7037 3.2555 -2.8698 0.4813
Pedestrian -1 -1 1.1059 688.7510 161.5325 755.4819 248.5055 1.6540 0.5560 1.8331 2.3809 1.2756 14.6162 1.2592 0.1004
Cyclist -1 -1 1.1075 689.7616 161.2017 759.3061 248.1921 1.6444 0.5646 1.9349 2.4206 1.2620 14.5839 1.2638 0.5538
Cyclist -1 -1 1.7029 556.1450 158.9608 576.8265 207.0486 1.7281 0.5482 1.7918 -1.3088 0.9192 26.7267 1.6495 0.4041
Cyclist -1 -1 1.6772 401.6472 156.6072 464.4103 296.5442 1.7385 0.7025 1.0595 -2.2468 1.4306 9.4912 1.4450 0.1956
