Pedestrian -1 -1 -1.5706 466.2917 171.6338 481.7748 211.7628 1.8741 0.7121 0.5541 -6.4521 1.8175 34.0326 -1.7570 0.2315
Car -1 -1 -1.5026 474.2212 173.7801 535.0381 229.0778 1.6333 1.6740 4.1360 -3.3888 1.6665 23.5039 -1.6448 0.9342
Car -1 -1 -1.7908 639.9382 171.9672 720.1621 227.0261 1.5463 1.5978 4.0503 2.0205 1.5218 22.3739 -1.7026 0.9087
Car -1 -1 -1.8242 697.3602 174.6137 898.2202 307.7751 1.4354 1.5905 3.8692 2.2298 1.4645 9.7898 -1.6078 0.9060
Car -1 -1 -2.5142 0.0000 187.5618 232.9219 271.5148 1.4323 1.5511 3.5903 -9.2667 1.7235 13.4329 -3.1091 0.8744
Car -1 -1 -1.5887 625.9328 168.6930 659.4436 205.1601 1.8688 1.7169 4.1009 1.6885 1.6559 39.0439 -1.5463 0.4999
Car -1 -1 -1.6334 633.9919 172.6260 681.2285 214.4490 1.5337 1.5955 3.8629 1.7678 1.5257 28.3903 -1.5724 0.4057
Car -1 -1 -1.5323 491.4006 173.2570 536.2381 215.5488 1.5439 1.5980 3.8317 -3.7614 1.5612 28.3574 -1.6635 0.3395
Car -1 -1 -1.5314 520.4414 176.3789 553.9806 208.1456 1.5449 1.5867 3.6614 -3.7645 1.7370 37.3785 -1.6316 0.2212
Car -1 -1 -1.3533 307.1118 169.3341 338.3055 189.0415 1.6103 1.6255 3.9946 -24.2890 1.3231 61.0570 -1.7306 0.1894
Car -1 -1 0.1128 467.8286 160.0052 522.4089 181.0624 1.5623 1.6054 3.9099 -8.6581 0.6094 54.4203 -0.0443 0.1888
