Pedestrian -1 -1 -1.0526 651.6346 188.1253 696.9654 235.5017 1.6010 0.7929 1.8361 2.3272 1.7089 25.3896 -0.9627 0.1217
Cyclist -1 -1 -1.0470 651.6058 187.8540 697.7931 235.4565 1.6076 0.8055 1.8592 2.3403 1.7055 25.3750 -0.9566 0.4027
Car -1 -1 -1.3772 383.2886 180.1207 466.1423 235.5697 1.4681 1.6069 3.9222 -5.2834 1.3343 21.0276 -1.6207 0.9034
Car -1 -1 -1.2738 275.9185 190.2445 430.3104 280.6465 1.3735 1.5548 3.7742 -4.4645 1.4792 13.0373 -1.5977 0.8911
Car -1 -1 -0.9435 0.0000 190.6922 205.0517 306.2271 1.4658 1.6046 4.1589 -8.4067 1.5696 11.3953 -1.5681 0.8758
Car -1 -1 -1.2096 245.2693 183.0044 354.9811 238.2658 1.4744 1.6062 4.1183 -8.9842 1.4165 21.2609 -1.6052 0.8149
Car -1 -1 -1.5851 575.4342 175.8769 612.6133 213.1109 1.6462 1.6452 3.6171 -0.7062 1.2344 33.6148 -1.6064 0.6814
Car -1 -1 2.3413 0.0000 222.9273 173.7205 376.0000 1.4140 1.6069 3.8469 -4.5226 1.7371 4.1926 1.5495 0.6138
Car -1 -1 1.9258 248.3181 178.1855 282.5366 195.8427 1.5424 1.5711 3.7589 -30.7898 0.9294 64.7294 1.4831 0.4004
Car -1 -1 -1.3119 375.5903 174.1809 434.4361 211.1962 1.4979 1.5598 3.5925 -8.6758 1.0525 30.8930 -1.5837 0.3963
Car -1 -1 -1.5909 514.8524 175.4841 540.6322 199.3695 1.5382 1.6380 4.0309 -5.4433 0.9127 48.3971 -1.7026 0.2415
Car -1 -1 -1.0470 651.6058 187.8540 697.7931 235.4565 1.6076 0.8055 1.8592 2.3403 1.7055 25.3750 -0.9566 0.1121
