Pedestrian -1 -1 0.6264 1026.1959 133.3591 1098.4774 224.1071 1.8443 0.7375 1.0685 9.5232 1.0420 15.2966 1.1744 0.4432
Pedestrian -1 -1 -0.0717 498.8649 137.8769 528.2739 193.0351 1.8321 0.6019 0.9427 -3.3043 0.6707 24.3544 -0.2053 0.3480
Pedestrian -1 -1 1.2683 988.4865 175.4669 1048.2565 290.3828 1.7608 0.6902 0.5291 6.3842 1.8036 11.3946 1.7671 0.1797
Pedestrian -1 -1 -3.1325 1160.4972 151.7400 1188.5049 211.8775 1.7950 0.6054 0.6645 17.1461 1.1652 21.9773 -2.4767 0.1086
Cyclist -1 -1 0.6565 1018.8994 136.7272 1109.6516 227.1076 1.8034 0.7316 1.4752 9.4946 1.0829 15.2138 1.2056 0.1519
Cyclist -1 -1 0.9576 900.4453 147.2099 965.4807 232.2588 1.6740 0.4734 1.4453 6.6148 1.1696 14.9552 1.3664 0.1202
Cyclist -1 -1 -2.7895 536.8510 144.7250 580.5079 189.1019 1.8083 0.6432 1.6891 -2.1691 0.6624 29.9410 -2.8615 0.1173
Cyclist -1 -1 -0.0586 499.9166 138.6667 529.7124 193.6687 1.8260 0.6031 0.9622 -3.2604 0.6914 24.3389 -0.1906 0.1056
Car -1 -1 -1.8861 739.7322 179.5013 975.7365 328.6000 1.5286 1.6349 4.1352 2.9341 1.6374 9.6727 -1.6013 0.9320
Car -1 -1 -0.8327 1167.8204 139.3127 1242.0000 202.9527 1.6587 1.6321 3.8300 17.7388 0.7848 19.8249 -0.1101 0.1048
