Pedestrian -1 -1 -0.3137 751.7492 144.5965 778.9595 197.7997 1.8077 0.5417 0.7849 5.2966 0.8480 24.8246 -0.1062 0.3858
Pedestrian -1 -1 1.0696 173.0760 131.6973 228.7233 238.7680 1.7820 0.4820 0.8637 -7.1077 1.0974 12.4393 0.5595 0.3152
Cyclist -1 -1 1.0696 173.0760 131.6973 228.7233 238.7680 1.7820 0.4820 0.8637 -7.1077 1.0974 12.4393 0.5595 0.1077
Car -1 -1 -1.7375 680.9178 179.1984 784.9774 255.0721 1.5068 1.6543 4.1829 2.6602 1.6732 16.7804 -1.5839 0.9342
Car -1 -1 1.7111 429.4972 179.7399 499.2095 230.7498 1.4721 1.6510 4.1384 -4.6879 1.7169 23.5011 1.5158 0.8911
Car -1 -1 1.6788 467.6885 174.7319 518.6178 220.6355 1.7101 1.6039 3.9492 -4.6767 1.7913 29.0552 1.5201 0.8650
Car -1 -1 -1.8726 765.7252 182.5700 979.1894 327.5891 1.4633 1.5020 3.4220 3.0481 1.6110 9.2238 -1.5641 0.8625
Car -1 -1 2.2293 0.0000 199.6156 251.3032 375.0000 1.4676 1.5556 3.6280 -4.3077 1.7284 5.1979 1.5619 0.8210
Car -1 -1 -2.0627 860.7192 188.2432 1242.0000 375.0000 1.5146 1.5309 3.6081 2.9316 1.6551 4.7380 -1.5373 0.7986
Car -1 -1 -1.7022 668.4962 176.3382 734.9280 228.7119 1.5146 1.5948 3.7332 2.7912 1.6350 22.9898 -1.5837 0.7802
Car -1 -1 0.5096 158.6436 177.1544 335.1270 237.1230 1.4791 1.5841 3.8274 -9.4295 1.5968 18.8073 0.0502 0.7524
Car -1 -1 -1.6864 650.6152 177.7835 697.7136 215.3570 1.5161 1.5967 3.8984 2.7073 1.7459 31.6030 -1.6023 0.5689
