Pedestrian -1 -1 -1.6065 747.6337 114.4850 772.7120 182.1461 1.8395 0.6538 0.6413 4.1056 0.2530 19.9833 -1.4067 0.1963
Pedestrian -1 -1 1.1714 439.5011 170.1792 460.8783 216.9711 1.8151 0.6297 0.6222 -6.3392 1.7117 28.4217 0.9534 0.1838
Pedestrian -1 -1 2.8748 223.5596 172.7841 300.8682 260.2757 1.5847 0.5152 1.2275 -6.6270 1.5838 13.6621 2.4304 0.1691
Pedestrian -1 -1 0.0262 85.5642 157.8352 123.2534 227.8555 1.7682 0.6809 0.7803 -13.1520 1.3893 18.7162 -0.5798 0.1501
Pedestrian -1 -1 -1.4757 367.7507 180.2041 395.3346 247.1476 1.8091 0.6758 0.5573 -6.3474 2.0158 19.9142 -1.7811 0.1453
Pedestrian -1 -1 1.3388 785.3130 158.4714 826.4285 248.3384 1.7669 0.6733 0.5972 3.8745 1.4845 14.4899 1.5942 0.1423
Cyclist -1 -1 2.6818 212.8796 172.1929 299.6489 262.2169 1.6101 0.5252 1.3795 -6.7013 1.5987 13.6082 2.2315 0.2145
Car -1 -1 1.9045 219.8753 189.2886 443.6705 327.0490 1.5294 1.6663 4.3301 -3.8416 1.8228 10.6936 1.5665 0.9339
Car -1 -1 1.7406 467.0837 176.3439 534.3751 224.1286 1.5553 1.7067 4.1103 -3.8657 1.6908 25.8589 1.5931 0.8688
Car -1 -1 -1.6369 633.8125 173.9575 694.2438 227.8668 1.4918 1.5688 3.4158 1.5102 1.5281 21.7434 -1.5692 0.8316
Car -1 -1 -3.2210 661.4601 157.5832 721.7042 182.6240 1.5347 1.5779 3.6210 5.0279 0.5991 45.0629 -3.1108 0.3542
Car -1 -1 -0.9211 79.2170 157.3041 234.6247 220.9820 1.6235 1.6584 3.9454 -12.6811 1.2274 20.4392 -1.4708 0.1741
Car -1 -1 -1.7770 695.6587 174.1248 755.1498 216.9313 1.5197 1.5150 3.6105 4.2938 1.5719 27.5661 -1.6247 0.1410
