Pedestrian -1 -1 3.0390 520.8503 126.7818 566.5575 190.8747 1.7334 0.5196 1.2068 -1.8793 0.4877 19.8837 2.9458 0.1584
Pedestrian -1 -1 2.1947 412.0094 162.1089 423.8729 184.2230 1.9492 0.5656 0.9591 -17.0923 1.0024 64.1438 1.9351 0.1528
Pedestrian -1 -1 2.4398 512.8684 116.6023 564.1707 179.1428 1.7950 0.5870 1.4918 -2.1598 0.1809 21.4459 2.3406 0.1307
Pedestrian -1 -1 -0.1410 423.8965 197.4952 458.2679 282.7460 1.6025 0.4920 0.5901 -3.3535 2.0956 14.0907 -0.3714 0.1132
Cyclist -1 -1 2.1566 513.9626 115.1995 560.3932 179.4155 1.8296 0.5715 1.6192 -2.1886 0.1873 21.4044 2.0559 0.2406
Cyclist -1 -1 2.5255 521.0121 126.0934 566.6255 191.8636 1.7615 0.5127 1.1727 -1.8672 0.5095 19.8986 2.4329 0.1480
Cyclist -1 -1 1.0933 283.5092 153.8556 308.8933 190.0166 1.7439 0.5798 1.3713 -15.4613 0.8280 35.4522 0.6846 0.1288
Cyclist -1 -1 2.1574 411.4958 162.5463 425.7458 183.4109 1.8368 0.5799 1.3434 -17.0565 0.9297 64.2461 1.8988 0.1217
Car -1 -1 3.0182 122.8795 194.8170 213.4262 226.6379 1.5541 1.6752 4.0909 -24.3848 2.8253 39.8226 2.4715 0.5575
Car -1 -1 1.8778 89.5422 197.6105 134.3611 220.7253 1.6097 1.7393 4.1943 -39.5393 3.6552 57.3447 1.2760 0.2414
Car -1 -1 1.4850 183.1687 189.0331 209.0536 208.3101 1.5174 1.6081 4.0101 -35.8592 2.9651 62.4360 0.9653 0.1740
Car -1 -1 -1.7747 242.9180 175.8044 278.8951 198.1301 1.5465 1.5918 3.9683 -25.4958 1.7703 52.5807 -2.2244 0.1277
Car -1 -1 1.6306 924.3757 173.7443 967.9659 211.8241 1.6784 1.6419 4.0845 15.8879 1.7236 34.0902 2.0629 0.1238
