Car -1 -1 -1.0186 0.0000 169.7912 248.6638 293.7523 1.6715 1.6848 4.0863 -7.7494 1.4646 11.7493 -1.5913 0.9446
Car -1 -1 -1.2543 285.7564 187.0420 465.2467 296.5274 1.4726 1.6149 3.7594 -3.5765 1.5081 11.6271 -1.5466 0.9314
Car -1 -1 -1.6103 582.2874 177.2578 621.8229 213.1319 1.5522 1.6569 3.6628 -0.3448 1.2090 32.9709 -1.6211 0.7576
Car -1 -1 -1.1107 241.8568 186.8559 378.2569 250.1826 1.4446 1.6031 4.0350 -7.5549 1.4928 18.5758 -1.4923 0.7491
Car -1 -1 1.7532 471.4021 163.3354 542.0270 218.8179 1.6914 1.6349 3.9079 -3.3071 1.0255 23.9001 1.6169 0.6574
Car -1 -1 -1.3867 438.3059 178.3883 482.6900 208.8810 1.5188 1.6095 3.8032 -7.6981 1.1799 37.7155 -1.5870 0.6382
Car -1 -1 1.8086 379.8945 182.3714 447.6061 224.1529 1.4757 1.5683 4.0763 -7.3483 1.3764 27.4404 1.5490 0.5855
Car -1 -1 2.0935 127.1326 185.5512 266.5170 240.8235 1.4006 1.5849 4.0297 -11.4353 1.4122 20.2630 1.5851 0.5516
Car -1 -1 1.8542 343.2798 171.7904 395.9746 201.6775 1.4937 1.5841 3.9785 -12.5247 0.8238 37.9370 1.5372 0.4184
Car -1 -1 -1.3866 459.3956 179.0193 493.6299 203.3037 1.5448 1.5791 3.6915 -8.6654 1.1518 47.5750 -1.5662 0.3817
Car -1 -1 1.7102 502.7126 171.6994 541.6722 201.1966 1.5158 1.5669 3.8942 -4.6077 0.8223 38.8995 1.5928 0.2873
Car -1 -1 -1.1740 234.6474 180.4372 320.3894 223.3385 1.4962 1.5669 3.7939 -12.3224 1.3306 26.9841 -1.5989 0.2675
Car -1 -1 1.6963 490.7447 174.3340 516.8703 193.7941 1.4871 1.5659 3.9497 -8.2104 0.6567 56.9188 1.5534 0.2584
