Pedestrian -1 -1 0.2303 838.3239 160.8407 875.6806 220.4242 1.8640 0.5752 1.0288 7.8570 1.4885 23.0845 0.5539 0.5919
Pedestrian -1 -1 0.0858 908.2684 174.7727 938.3893 232.9845 1.6652 0.4959 0.7702 9.1016 1.7226 21.0629 0.4880 0.2004
Pedestrian -1 -1 1.4708 816.9647 174.4396 834.5784 215.6176 1.8416 0.7001 0.6496 9.7290 1.9146 32.6799 1.7570 0.1924
Pedestrian -1 -1 -0.1424 1137.3226 153.3498 1205.4797 260.2144 1.7856 0.6145 0.8476 9.6744 1.4601 12.5270 0.5034 0.1840
Pedestrian -1 -1 -2.1645 997.9239 131.1751 1023.2363 177.3738 1.8629 0.5513 0.7975 16.3388 0.1826 29.5143 -1.6630 0.1819
Pedestrian -1 -1 1.6024 856.9494 167.8306 873.2458 212.6329 1.6257 0.5374 1.3865 9.4823 1.4438 26.9229 1.9372 0.1363
Cyclist -1 -1 1.6024 856.9494 167.8306 873.2458 212.6329 1.6257 0.5374 1.3865 9.4823 1.4438 26.9229 1.9372 0.2560
Cyclist -1 -1 0.1690 837.1755 161.2191 875.2475 220.6288 1.8574 0.5879 1.0709 7.8266 1.4940 23.0671 0.4917 0.1342
Car -1 -1 1.8974 364.4926 184.2482 418.5535 216.2928 1.5844 1.6307 3.9006 -11.7909 2.2328 39.0566 1.6057 0.7691
Car -1 -1 1.8472 426.9929 181.3763 478.4619 213.1286 1.5411 1.6155 4.0474 -8.2933 2.0172 38.2000 1.6344 0.5310
Car -1 -1 1.7116 492.9148 179.4586 518.7012 198.2985 1.5255 1.6373 4.0479 -8.9202 2.1108 61.8682 1.5687 0.3895
Car -1 -1 -1.5819 602.9285 178.9646 628.7363 203.8455 1.4765 1.5650 3.7790 0.3115 1.8794 45.6380 -1.5756 0.3683
Car -1 -1 1.4981 725.9581 173.7124 754.4648 198.2229 1.7117 1.7197 4.4852 9.4676 1.7777 52.8663 1.6739 0.3174
