Pedestrian -1 -1 -2.0941 387.4499 163.4000 425.9310 243.3820 1.7857 0.5926 0.6740 -4.7157 1.5750 16.5542 -2.3680 0.2072
Pedestrian -1 -1 1.3150 0.0000 176.4774 89.1991 375.0000 1.7822 0.6737 0.6593 -5.0425 1.8160 6.1919 0.6522 0.2037
Cyclist -1 -1 -1.7410 716.7359 148.3871 730.8955 182.5700 1.7413 0.4553 1.6219 5.8815 0.4953 37.5671 -1.5871 0.2486
Car -1 -1 -1.7992 698.1271 167.1600 824.3281 270.4259 1.8487 1.6400 3.9219 2.9058 1.7471 14.9073 -1.6115 0.9398
Car -1 -1 1.7824 419.2523 159.5144 541.6678 267.9787 1.9889 1.6920 4.1691 -2.6328 1.7446 15.3472 1.6144 0.9332
Car -1 -1 3.5806 59.1190 173.1315 376.4117 276.5526 1.4763 1.6063 4.0280 -5.9403 1.4813 11.1843 3.1018 0.8715
Car -1 -1 1.5892 521.1531 175.1583 574.2172 223.3018 1.4438 1.6050 4.2429 -2.0794 1.5278 24.0150 1.5031 0.7779
Car -1 -1 1.7516 557.1870 170.6832 605.6580 205.1796 1.5815 1.6529 4.1111 -1.3693 1.4824 35.2286 1.7125 0.6465
Car -1 -1 1.6860 539.5751 174.7010 590.0263 213.8928 1.5099 1.6499 3.9524 -1.8537 1.5922 30.0030 1.6243 0.3325
Car -1 -1 -0.4508 596.9998 169.1425 654.3749 196.7676 1.7225 1.5525 3.3461 0.9768 1.4914 46.3894 -0.4303 0.2202
