Pedestrian -1 -1 -1.4352 1.5225 180.4788 51.3979 280.5257 1.7598 0.6196 0.6796 -10.7200 1.9045 13.2076 -2.1073 0.3427
Pedestrian -1 -1 2.1259 27.4501 171.4976 92.8743 286.6743 1.6653 0.4584 0.7351 -8.2799 1.6461 10.8158 1.4842 0.3244
Pedestrian -1 -1 -1.6498 1033.0732 189.6922 1061.4536 248.5464 1.7105 0.6703 0.7055 13.0948 2.2281 21.6972 -1.1136 0.1695
Pedestrian -1 -1 -3.3138 963.6721 151.5777 1043.5946 278.9506 1.7736 0.6857 0.9083 5.6555 1.4777 10.5089 -2.8325 0.1638
Pedestrian -1 -1 -2.2923 19.5966 179.5615 62.0139 244.4240 1.7663 0.6952 0.6167 -15.9184 1.9574 20.1265 -2.9552 0.1549
Pedestrian -1 -1 0.9685 270.3711 178.4650 333.6312 282.7904 1.7826 0.6630 0.8737 -5.5561 1.8873 12.8962 0.5685 0.1465
Car -1 -1 -0.7448 697.1191 203.2047 765.6032 234.4403 1.4902 1.5654 3.5549 6.5760 3.2088 39.2170 -0.5808 0.7517
Car -1 -1 -1.7283 619.4495 187.5829 662.8110 228.2767 2.2991 1.9423 4.9555 1.8475 3.2747 45.2006 -1.6886 0.4207
Car -1 -1 1.0252 639.8768 194.2075 683.4643 215.9193 1.6260 1.7178 4.2100 4.2833 3.4913 60.7513 1.0945 0.1977
Car -1 -1 -2.1719 939.8919 184.2986 1116.6287 264.6488 1.5309 1.5673 3.7087 9.1334 1.8190 16.2134 -1.6674 0.1454
