Pedestrian -1 -1 -2.8898 584.8024 175.0148 603.3347 206.3042 1.7474 0.5644 0.9353 -0.9321 1.8708 40.7250 -2.9131 0.6839
Pedestrian -1 -1 -3.3147 721.9990 181.7267 772.9087 266.0043 1.7484 0.6662 0.9608 2.8668 1.9420 15.3733 -3.1350 0.2185
Pedestrian -1 -1 2.5778 131.3317 138.1006 216.7125 270.9399 1.7588 0.6089 0.8212 -6.1171 1.2990 10.0543 2.0426 0.1872
Cyclist -1 -1 -2.8890 583.9724 175.6036 602.8071 206.9201 1.7487 0.5614 0.9537 -0.9707 1.9058 40.7366 -2.9132 0.1563
Car -1 -1 1.0980 779.1367 136.7019 1099.6359 335.8486 1.8861 1.7004 4.3341 3.6305 1.5440 9.0746 1.4665 0.9316
Car -1 -1 1.9127 189.1162 194.0385 420.9286 335.4523 1.4865 1.6518 4.1593 -4.0760 1.8514 10.3123 1.5442 0.9228
Car -1 -1 1.7530 402.5567 194.4815 492.2245 259.3017 1.3690 1.5456 3.9121 -4.1040 1.9845 18.5384 1.5373 0.8917
Car -1 -1 1.7317 453.4026 180.5690 517.9005 231.9240 1.5891 1.5805 3.8837 -4.2418 1.8761 24.8563 1.5638 0.8357
Car -1 -1 -1.5021 599.6437 177.2580 631.6952 204.5449 1.4466 1.5607 3.7997 0.3267 1.7082 40.8345 -1.4947 0.4837
Car -1 -1 1.5548 543.4736 179.3419 566.1086 201.5089 1.5965 1.6577 4.0279 -4.2853 2.1126 55.2661 1.4773 0.2573
Car -1 -1 1.1120 480.4834 178.3960 523.5300 202.7186 1.7281 1.6278 3.9291 -8.1865 2.1614 54.2870 0.9626 0.2074
