Car -1 -1 -1.3222 351.3602 183.2926 498.4732 276.3538 1.5081 1.6682 4.3561 -3.3477 1.4781 13.8363 -1.5556 0.9301
Car -1 -1 -1.1716 232.2673 180.2704 362.1709 243.1298 1.4346 1.5918 4.0035 -7.8175 1.3228 18.4057 -1.5682 0.9299
Car -1 -1 -1.5547 555.7781 174.8925 621.3876 237.5769 1.6110 1.6867 3.4434 -0.5579 1.3468 20.2022 -1.5823 0.9082
Car -1 -1 -1.4057 448.3908 177.3423 528.4650 234.9866 1.5198 1.6410 4.1048 -3.4170 1.3134 21.0059 -1.5653 0.8590
Car -1 -1 1.9723 34.0602 200.3373 418.5244 376.0000 1.3950 1.5840 4.2274 -3.2323 1.5893 7.0556 1.5566 0.7539
Car -1 -1 -1.5688 510.2632 179.2626 548.5999 214.7938 1.4592 1.5697 3.7404 -3.4599 1.2158 31.4607 -1.6778 0.7063
Car -1 -1 -1.2506 331.0429 179.2391 386.1457 209.5365 1.4781 1.5659 3.7631 -12.7693 1.1877 36.9563 -1.5813 0.6967
Car -1 -1 -0.8399 0.0000 193.4008 120.2289 362.3163 1.4351 1.6138 3.8347 -7.7217 1.5517 8.2132 -1.5782 0.6028
Car -1 -1 1.8359 382.2578 168.9633 444.3690 206.9514 1.4941 1.5626 3.8221 -8.1194 0.8560 30.1842 1.5752 0.4703
Car -1 -1 1.8344 442.4537 174.8787 485.5064 200.9725 1.5036 1.5885 3.8904 -8.6529 0.9091 43.4120 1.6386 0.3190
