Pedestrian -1 -1 -0.1148 994.4819 133.1973 1108.1887 291.6549 1.8638 0.7804 1.1135 5.5234 1.3091 8.8969 0.4268 0.9337
Pedestrian -1 -1 0.7068 159.0649 169.1619 241.6996 282.1725 1.8221 0.6278 1.0429 -6.7919 1.6410 11.8056 0.1980 0.8469
Pedestrian -1 -1 -0.0755 622.3868 145.3347 725.8116 317.4819 1.8468 0.6712 1.0993 0.6995 1.4712 7.9217 0.0110 0.8036
Pedestrian -1 -1 0.1827 606.4383 147.2009 682.1387 298.1360 1.7857 0.6744 0.8336 0.4517 1.3934 8.7846 0.2342 0.5857
Pedestrian -1 -1 -0.1940 820.1452 156.1891 932.5958 260.1354 1.6303 0.6170 1.6175 4.3425 1.2507 11.5175 0.1593 0.1772
Pedestrian -1 -1 -2.0134 975.7558 146.2174 1033.3896 215.2509 1.7312 0.6184 1.7511 10.4527 0.8731 18.6198 -1.5073 0.1078
Cyclist -1 -1 2.7822 816.4280 156.6117 936.5604 260.8451 1.6559 0.6031 1.7285 4.3599 1.2781 11.5336 3.1364 0.8823
Cyclist -1 -1 -2.0456 974.5632 145.5162 1035.4016 214.0147 1.7190 0.6341 1.7932 10.4750 0.8426 18.6446 -1.5392 0.3811
Cyclist -1 -1 0.6903 151.9721 168.5629 237.8686 282.2793 1.8306 0.6358 1.0855 -6.8700 1.6401 11.7851 0.1758 0.1046
Car -1 -1 -3.6620 965.4362 156.7832 1100.0861 198.6251 1.6476 1.6948 4.4265 17.2725 0.7152 28.7226 -3.1237 0.7021
Car -1 -1 -0.8803 0.0000 205.1834 303.9502 370.0000 1.4679 1.5676 3.6561 -3.0925 1.6540 3.4456 -1.5658 0.6326
Car -1 -1 1.7709 446.2635 172.6315 486.6963 199.1678 1.5738 1.6660 4.1608 -8.5686 1.1085 44.0172 1.5817 0.6114
Car -1 -1 2.7736 818.1942 157.4905 937.2017 261.3030 1.6519 0.6112 1.7111 4.3909 1.2874 11.5620 3.1293 0.1117
