Pedestrian -1 -1 1.0576 871.3990 161.5501 926.3854 272.6269 1.7606 0.6169 0.5932 4.6907 1.3866 11.7272 1.4295 0.2806
Pedestrian -1 -1 2.9102 224.1861 160.9646 265.0484 235.8242 1.7555 0.5146 0.7822 -8.7870 1.1879 17.3018 2.4464 0.2800
Pedestrian -1 -1 0.9349 812.7388 167.5898 875.9386 268.8317 1.7624 0.5733 1.0556 4.2456 1.4567 13.1018 1.2416 0.1880
Cyclist -1 -1 0.9050 812.5266 168.9766 876.2497 266.2260 1.7038 0.5588 1.0775 4.2766 1.4204 13.1933 1.2118 0.1389
Cyclist -1 -1 2.5864 213.7445 161.0070 260.1832 236.7796 1.7634 0.5183 0.8426 -8.9237 1.2012 17.2207 2.1145 0.1253
Car -1 -1 -1.0097 26.1056 180.7272 242.6686 283.3164 1.5191 1.5532 3.2629 -7.8886 1.4538 12.2727 -1.5712 0.9122
Car -1 -1 -1.5694 575.7349 176.6873 618.6128 216.5351 1.5234 1.6398 3.5335 -0.4691 1.1985 29.2575 -1.5857 0.7917
Car -1 -1 1.7465 400.5919 186.2402 497.3892 252.0707 1.4202 1.6161 3.9895 -3.7955 1.4493 17.5885 1.5367 0.5684
Car -1 -1 -1.0070 105.8394 183.9373 244.4352 241.9980 1.4942 1.6038 3.7266 -12.1369 1.4624 20.3845 -1.5385 0.5467
Car -1 -1 -1.4829 495.1031 155.2646 550.7294 211.8888 2.1822 1.8869 4.9126 -3.5026 1.0291 30.1803 -1.5977 0.1780
