Pedestrian -1 -1 1.5602 388.2173 149.8066 403.6574 191.0962 1.8555 0.6668 0.9371 -9.8253 0.8202 32.9686 1.2726 0.2817
Pedestrian -1 -1 -1.6069 246.2572 120.9790 274.1928 192.3285 1.8826 0.6582 0.6065 -9.4837 0.5142 19.4573 -2.0551 0.2073
Cyclist -1 -1 1.6232 388.0552 150.5006 404.4134 191.3884 1.8419 0.6691 0.9505 -9.8232 0.8353 33.0410 1.3362 0.1054
Car -1 -1 -2.5496 0.0000 177.0592 338.9417 291.0591 1.4909 1.6569 4.1282 -6.3531 1.5576 10.4469 -3.0851 0.8928
Car -1 -1 3.4131 189.9515 160.2691 438.9031 261.6622 2.0139 1.8356 4.6147 -6.1942 1.7643 15.4803 3.0378 0.8275
Car -1 -1 1.7401 479.9904 175.6334 526.8740 210.8869 1.5693 1.5828 3.8363 -5.0523 1.7095 34.3590 1.5947 0.5496
Car -1 -1 -2.8803 391.3723 175.6306 488.2410 212.5217 1.5193 1.5891 3.7268 -7.2321 1.6410 30.6930 -3.1102 0.5465
Car -1 -1 1.3911 675.8214 181.6900 754.0367 237.3655 1.4483 1.6034 3.7595 2.9495 1.7328 21.2881 1.5260 0.4398
Car -1 -1 1.9746 628.5826 174.4725 671.5527 198.0882 1.5255 1.5738 3.7258 2.7250 1.6400 48.9003 2.0295 0.2513
Car -1 -1 1.4305 525.6942 173.2117 557.2544 197.6338 1.6788 1.6825 4.1988 -4.9977 1.7060 51.8990 1.3346 0.2476
