Pedestrian -1 -1 -1.4481 481.1361 167.1608 509.9782 234.0744 1.7783 0.6733 0.9321 -2.9057 1.3984 19.5635 -1.5989 0.8128
Pedestrian -1 -1 -1.4426 670.4880 171.3934 700.4099 233.5038 1.7141 0.7270 1.0323 2.3659 1.4363 20.4088 -1.3340 0.6732
Pedestrian -1 -1 -1.7024 558.5168 172.3904 574.3740 208.6391 1.8046 0.6776 0.9368 -1.7787 1.3519 36.2808 -1.7561 0.5874
Pedestrian -1 -1 0.3824 703.8303 171.2697 725.1519 206.6202 1.8189 0.6420 0.9279 5.8930 1.2933 37.4692 0.5322 0.5243
Pedestrian -1 -1 2.2468 785.1443 171.3380 884.2890 370.8881 1.6951 0.6454 0.5666 2.0628 1.6102 6.5260 2.5355 0.4132
Pedestrian -1 -1 1.1054 838.9012 184.1512 903.3019 304.2940 1.7295 0.5783 0.8491 3.9998 1.7724 10.8154 1.4460 0.3635
Pedestrian -1 -1 -1.6039 698.8810 174.3229 711.6472 208.7122 1.8355 0.6524 0.7176 5.5913 1.4532 38.7281 -1.4666 0.2806
Pedestrian -1 -1 0.4677 109.1363 172.6073 128.0449 202.1336 1.7346 0.4483 0.8139 -28.5444 1.2130 42.4717 -0.1261 0.2754
Pedestrian -1 -1 1.1045 1090.0217 154.2685 1184.8705 302.3548 1.7407 0.6679 0.7369 6.5357 1.4220 8.8556 1.7209 0.2486
Pedestrian -1 -1 0.5257 358.4198 163.0313 379.8542 196.4743 1.9342 0.5689 1.0468 -13.5565 0.8668 41.9298 0.2100 0.2450
Cyclist -1 -1 1.9715 636.2301 170.6535 660.1860 206.0551 1.8557 0.6215 1.8533 2.5228 1.2880 38.6197 2.0312 0.8006
Cyclist -1 -1 0.5759 567.8896 175.3898 598.9991 206.1752 1.7800 0.5776 1.8021 -1.0611 1.4275 42.2460 0.5459 0.2966
Cyclist -1 -1 -1.0959 139.5712 153.0822 260.6402 307.9422 1.7087 0.5211 1.8073 -4.9068 1.3965 8.8333 -1.5962 0.2454
Cyclist -1 -1 1.0957 838.2723 186.6885 906.1302 309.8621 1.7574 0.5976 0.8965 3.9977 1.8400 10.7708 1.4374 0.1339
Cyclist -1 -1 -1.5590 661.4253 173.1216 688.6075 234.4443 1.6927 0.7478 0.9191 2.0521 1.4626 20.3222 -1.4650 0.1200
Car -1 -1 1.7001 590.0778 175.5635 615.2383 193.8717 1.5061 1.6507 4.0996 0.1674 1.0182 61.2284 1.6979 0.2649
