Pedestrian -1 -1 -2.0731 1043.6620 118.4952 1097.3712 199.4092 1.8062 0.6754 0.9018 10.6457 0.4237 16.2514 -1.5002 0.6573
Pedestrian -1 -1 -2.6777 532.6669 163.5316 552.6194 197.1736 1.8055 0.5556 0.9283 -3.3938 0.8962 38.3697 -2.7634 0.4295
Pedestrian -1 -1 -1.3525 473.9238 169.9299 488.7402 202.5250 1.7520 0.6111 0.9069 -6.7350 1.1853 38.4673 -1.5227 0.2470
Pedestrian -1 -1 -0.9802 355.0948 178.0512 389.5526 218.7204 1.7401 0.5411 1.7791 -10.2621 1.6368 31.1765 -1.2936 0.1176
Pedestrian -1 -1 -0.3066 626.1606 167.7485 658.1677 198.0713 1.7207 0.6059 1.7348 2.1264 0.9985 40.6282 -0.2530 0.1130
Cyclist -1 -1 0.1973 685.7374 162.5230 722.4676 196.2226 1.7444 0.7629 1.8021 5.2115 0.8153 37.2514 0.3369 0.7921
Cyclist -1 -1 -0.2093 625.4249 167.5211 658.6394 198.4790 1.7612 0.5951 1.8234 2.1183 1.0242 40.6542 -0.1559 0.7120
Cyclist -1 -1 -0.9811 356.5818 177.9841 390.1465 218.6776 1.7449 0.5215 1.7482 -10.2329 1.6385 31.2250 -1.2932 0.5883
Cyclist -1 -1 -0.5157 553.9085 168.4140 581.4019 195.3521 1.7560 0.6169 1.7399 -2.4685 0.9695 46.8134 -0.5663 0.3091
Cyclist -1 -1 -2.7238 533.1877 163.9704 553.6126 197.7761 1.8139 0.5638 0.9576 -3.3511 0.9284 38.3560 -2.8085 0.1474
Cyclist -1 -1 -1.3419 474.0783 169.9821 489.0954 202.3663 1.7425 0.6149 0.9074 -6.7286 1.1780 38.5108 -1.5118 0.1230
Car -1 -1 2.4081 1034.6289 131.0156 1224.0000 191.9883 1.5030 1.6437 4.1572 13.6995 0.2848 18.4517 3.0404 0.8834
Car -1 -1 -1.5004 502.2451 175.9701 542.0200 208.9974 1.4301 1.5577 3.5404 -3.7671 1.2354 32.4126 -1.6133 0.8417
