Car -1 -1 -1.2071 274.1180 187.0109 386.3732 243.6805 1.3829 1.5629 3.8500 -7.4583 1.4378 19.5891 -1.5666 0.8861
Car -1 -1 -1.3737 404.6208 185.0428 510.0845 256.5653 1.4300 1.5720 3.9875 -3.3253 1.4277 16.3633 -1.5713 0.8672
Car -1 -1 -0.9412 0.0000 184.5555 181.9570 252.1938 1.3973 1.6306 4.3517 -12.2621 1.3848 17.0330 -1.5579 0.8213
Car -1 -1 -1.3320 379.9632 180.5497 443.9116 219.7794 1.4780 1.6252 3.8145 -7.8539 1.3034 29.0061 -1.5945 0.8115
Car -1 -1 -1.5995 580.9196 177.3249 615.8796 210.1474 1.5569 1.6328 3.6585 -0.5434 1.1837 35.9569 -1.6150 0.7664
Car -1 -1 -0.9444 0.0000 201.2566 299.5290 376.0000 1.4679 1.5540 3.8053 -3.4952 1.6094 4.3732 -1.5893 0.7132
Car -1 -1 -1.1023 241.3137 182.2117 330.2956 222.0516 1.4289 1.5664 3.8150 -12.3419 1.3223 27.7255 -1.5178 0.7003
Car -1 -1 -1.4428 474.2219 179.7572 523.4231 215.0832 1.4737 1.6368 4.2893 -4.8328 1.2472 32.1467 -1.5912 0.5867
Car -1 -1 1.5905 354.4890 178.5384 390.7691 211.1023 1.4899 1.5895 3.8591 -11.4207 1.1855 34.9633 1.2767 0.2333
Car -1 -1 2.4356 0.0000 191.0981 134.5589 372.7385 1.4817 1.5685 3.7672 -7.4732 1.5641 7.9556 1.6982 0.2316
