Pedestrian -1 -1 -1.5755 159.3292 167.5129 225.8082 326.4566 1.7897 0.6642 1.0247 -4.9918 1.6335 8.6954 -2.0897 0.9354
Pedestrian -1 -1 -2.0665 312.2295 155.8457 458.3153 374.0000 1.7640 0.6280 1.0550 -1.7011 1.5927 5.4284 -2.3636 0.9124
Pedestrian -1 -1 -1.9525 209.9848 166.1703 323.7710 370.9258 1.7591 0.6299 1.0358 -3.2061 1.6287 6.7528 -2.3874 0.9002
Pedestrian -1 -1 1.6437 307.4677 165.9938 363.8724 295.6127 1.8092 0.7123 0.9734 -3.9411 1.5941 10.5900 1.2896 0.8886
Pedestrian -1 -1 -2.3176 413.1979 163.1352 496.1118 306.0140 1.7364 0.5930 0.8940 -1.9334 1.5145 9.2277 -2.5244 0.7166
Pedestrian -1 -1 1.5277 651.8978 162.1368 672.5787 218.0426 1.7827 0.6389 0.5131 1.9316 1.1664 23.1706 1.6048 0.6390
Pedestrian -1 -1 3.2856 249.3732 177.2750 332.4408 327.7722 1.6525 0.5279 0.8079 -3.5920 1.6075 8.2443 2.8801 0.6160
Pedestrian -1 -1 0.3571 217.0773 160.5493 267.6515 263.4086 1.7669 0.7122 0.5902 -6.3884 1.4083 12.7224 -0.1055 0.5076
Pedestrian -1 -1 -2.7357 353.4337 170.4333 473.6086 365.2464 1.6776 0.5356 0.9190 -1.7390 1.5837 6.5159 -2.9932 0.5004
Pedestrian -1 -1 -1.8153 279.2344 165.3655 325.9191 275.8576 1.7102 0.5473 0.6655 -4.8510 1.4617 11.5458 -2.2106 0.4381
Pedestrian -1 -1 -0.3478 527.2239 170.4853 574.1259 216.9878 1.7928 0.5675 1.7564 -2.0159 1.3692 28.3108 -0.4234 0.1164
Cyclist -1 -1 1.5366 481.5569 165.3709 507.2801 223.9612 1.7957 0.7423 1.7326 -3.4573 1.3025 22.9332 1.3834 0.8452
Cyclist -1 -1 -0.3243 526.9631 170.2676 575.0242 216.8430 1.7957 0.5657 1.8035 -2.0032 1.3637 28.3044 -0.3994 0.5095
Cyclist -1 -1 -2.0344 338.4294 158.0403 465.3586 374.0000 1.7852 0.5977 1.1062 -1.7565 1.6081 6.0716 -2.3114 0.2618
Cyclist -1 -1 0.2521 249.5587 180.6925 335.1818 327.5176 1.6218 0.5087 0.8016 -3.5773 1.6142 8.2441 -0.1520 0.1352
Cyclist -1 -1 -2.0569 205.7365 168.0515 326.2391 372.0607 1.7595 0.6208 1.0236 -3.2083 1.6449 6.7495 -2.4922 0.1066
Car -1 -1 1.7849 338.5403 182.3941 453.8464 262.6878 1.4437 1.5282 3.6847 -4.1274 1.4657 14.8385 1.5126 0.5197
