Pedestrian -1 -1 -1.1287 130.7048 178.5742 204.7547 304.4580 1.6966 0.6650 0.6591 -6.2371 1.7800 10.1153 -1.6700 0.6956
Pedestrian -1 -1 -2.4139 107.9902 163.1731 185.0983 284.4500 1.7700 0.6696 0.7186 -7.0526 1.6290 10.9170 -2.9767 0.2371
Cyclist -1 -1 1.7734 355.3842 145.0444 384.1172 202.2233 1.6964 0.5298 1.5839 -7.4301 0.8717 22.2220 1.4541 0.2185
Car -1 -1 1.9569 120.7649 177.3575 391.4919 349.7976 1.7541 1.6582 4.1427 -4.3421 1.8271 9.5425 1.5395 0.9340
Car -1 -1 -1.9995 793.4248 178.1776 1215.7336 375.0000 1.4833 1.6484 3.9539 2.9950 1.5472 6.6241 -1.5926 0.9089
Car -1 -1 -1.8589 719.8162 172.8645 888.8077 276.7540 1.5186 1.6350 4.2373 3.1272 1.5192 12.7040 -1.6238 0.9056
Car -1 -1 2.3262 0.0000 183.0956 192.2953 375.0000 1.4918 1.5997 3.8952 -4.3294 1.5785 4.1113 1.5471 0.6825
Car -1 -1 1.3408 625.6877 173.1274 665.1600 200.7925 1.5372 1.5236 3.5139 1.9841 1.5541 41.9917 1.3872 0.6001
Car -1 -1 -1.7112 494.3170 179.7894 528.0594 205.4005 1.4672 1.5535 3.6579 -6.1459 1.9131 44.3727 -1.8485 0.4242
Car -1 -1 -2.0026 590.9680 172.2445 635.5896 196.0529 1.5376 1.5710 3.7609 0.1481 1.4986 48.6334 -2.0000 0.3649
Car -1 -1 -1.6696 582.3931 176.6861 605.6381 195.8168 1.5391 1.5816 3.8496 -1.4001 1.8733 60.8551 -1.6929 0.2568
Car -1 -1 -1.6444 660.1677 168.0538 709.3850 216.4885 1.7276 1.5769 3.8309 2.7586 1.5567 27.6669 -1.5467 0.2407
