Pedestrian -1 -1 -0.1160 646.7954 173.4185 659.4267 197.8960 1.7404 0.4513 0.8539 3.0508 1.7813 51.5617 -0.0576 0.2022
Pedestrian -1 -1 -2.4309 134.9969 184.2422 153.9870 212.4093 1.7869 0.6618 0.7867 -30.0063 2.5267 46.4639 -3.0019 0.1626
Pedestrian -1 -1 -0.5808 605.6613 169.8951 620.2397 196.8195 1.7991 0.5474 0.8168 0.1688 1.6017 48.6623 -0.5778 0.1495
Pedestrian -1 -1 2.3938 214.3621 186.7347 241.5574 212.3633 1.5984 0.5680 1.5973 -24.7810 2.5148 46.7642 1.9086 0.1076
Cyclist -1 -1 2.3938 214.7157 185.7261 242.6996 212.0987 1.6473 0.5654 1.6640 -24.7523 2.4984 46.8035 1.9094 0.2353
Car -1 -1 2.4364 344.7634 181.8110 410.8320 205.4516 1.4966 1.6116 4.3088 -15.9408 2.1412 49.6393 2.1269 0.3387
Car -1 -1 -2.1139 81.4274 189.9844 143.6044 215.1057 1.5300 1.6327 3.8355 -32.8352 2.6963 47.5729 -2.7156 0.2639
Car -1 -1 2.7866 476.9391 176.2625 533.6053 196.8472 1.5925 1.6310 4.2129 -8.4481 1.8755 58.1127 2.6425 0.2387
Car -1 -1 2.9454 429.1569 176.4958 479.7989 195.3783 1.5857 1.6582 4.0614 -13.5487 1.9108 62.7634 2.7334 0.2384
Car -1 -1 1.0563 39.6273 189.4430 108.3618 216.4324 1.5169 1.6074 4.0068 -32.7291 2.5647 44.0055 0.4196 0.1974
Car -1 -1 1.7658 113.4483 200.9696 162.4821 230.6302 1.4709 1.6356 4.0126 -27.4739 3.1945 42.0533 1.1897 0.1293
Car -1 -1 1.0475 217.7330 188.7451 291.5532 222.0339 1.4821 1.5747 3.7901 -17.5265 2.3013 35.4648 0.5911 0.1250
Car -1 -1 1.9629 313.6393 184.4612 367.9303 212.2927 1.5360 1.6054 4.1624 -16.2575 2.2731 43.6877 1.6083 0.1194
