Pedestrian -1 -1 -2.2584 510.0869 150.7896 619.4625 332.2309 1.8683 0.6568 1.1147 -0.4718 1.5534 8.0257 -2.3214 0.9200
Pedestrian -1 -1 -1.9076 408.9487 163.1048 488.2147 299.8193 1.7380 0.7665 0.9814 -2.1324 1.5055 9.7482 -2.1233 0.9174
Pedestrian -1 -1 -2.4785 486.9908 158.1416 564.3858 272.8321 1.7946 0.6926 1.0644 -1.2874 1.4304 11.8114 -2.5904 0.8923
Pedestrian -1 -1 -2.3277 718.4971 149.3922 865.1212 374.0000 1.7933 0.6235 1.0372 1.4978 1.5555 5.9541 -2.0977 0.8877
Pedestrian -1 -1 -2.5053 672.5924 156.4153 784.1097 337.4594 1.7449 0.5859 0.9858 1.2614 1.5045 7.4773 -2.3498 0.8306
Pedestrian -1 -1 -1.8328 446.5836 169.4300 490.7534 266.7154 1.7211 0.5727 0.9389 -2.4996 1.5088 13.2529 -2.0213 0.6898
Pedestrian -1 -1 -1.2073 310.5813 164.4053 358.8126 251.9471 1.6914 0.6955 0.6947 -5.3111 1.3624 14.2265 -1.5641 0.6773
Pedestrian -1 -1 -2.8504 544.8991 154.6210 591.2149 254.4754 1.7751 0.7451 0.6696 -0.6453 1.2986 13.2085 -2.9037 0.6554
Pedestrian -1 -1 -2.5679 549.3949 162.1101 626.5867 305.1357 1.7381 0.6629 0.7515 -0.2139 1.5038 9.2049 -2.5964 0.6153
Pedestrian -1 -1 0.5140 582.1479 161.2477 653.1710 287.1993 1.7271 0.5741 0.8475 0.1899 1.4507 10.3087 0.5262 0.5781
Pedestrian -1 -1 -0.4486 742.9918 142.6323 775.0406 197.2852 1.8385 0.6032 0.8957 5.3604 0.5321 24.5610 -0.2408 0.5159
Pedestrian -1 -1 1.5884 542.9297 160.8401 556.4252 198.1624 1.8184 0.6519 1.8046 -2.5868 0.8127 35.9151 1.5121 0.1403
Cyclist -1 -1 1.5884 542.9297 160.8401 556.4252 198.1624 1.8184 0.6519 1.8046 -2.5868 0.8127 35.9151 1.5121 0.5455
Cyclist -1 -1 -2.3837 704.7339 152.6482 851.2617 374.0000 1.7952 0.6035 1.0792 1.4193 1.5765 6.0929 -2.1705 0.3651
Cyclist -1 -1 -2.1728 511.9798 157.8785 614.0109 331.1201 1.7952 0.6448 1.0691 -0.4951 1.5518 8.0606 -2.2384 0.2156
Cyclist -1 -1 -2.3541 665.2635 154.7325 778.7361 339.7053 1.7712 0.6012 1.0369 1.1868 1.5163 7.4714 -2.2080 0.2033
Cyclist -1 -1 -2.1864 489.7427 159.4096 561.7026 273.4037 1.7781 0.7064 1.0352 -1.2966 1.4349 11.8237 -2.2988 0.1436
Cyclist -1 -1 -1.8783 412.0081 165.5982 487.4319 301.5966 1.7337 0.7327 0.9919 -2.1220 1.5323 9.7672 -2.0926 0.1260
Cyclist -1 -1 0.5736 582.3702 160.7480 652.8762 287.8017 1.7408 0.5761 0.8330 0.1881 1.4578 10.3099 0.5856 0.1140
Car -1 -1 1.7041 441.3928 171.6158 523.6348 241.8079 1.6202 1.5886 3.9571 -2.9944 1.3933 18.5794 1.5412 0.8273
