Pedestrian -1 -1 2.0544 18.9272 157.8421 70.4278 247.0980 1.8324 0.6806 0.5313 -11.8963 1.5246 15.1308 1.3966 0.4433
Pedestrian -1 -1 -1.8849 998.1672 135.9841 1027.8944 190.5291 1.8602 0.6929 0.7708 13.9387 0.6031 25.0475 -1.3821 0.2957
Car -1 -1 -1.7590 663.1875 173.7857 751.3873 241.5633 1.7476 1.6950 4.3939 2.6422 1.7779 20.9111 -1.6360 0.9366
Car -1 -1 -2.6746 189.9720 185.8081 407.5700 261.2585 1.4881 1.6425 3.9872 -6.6392 1.7841 15.5113 -3.0734 0.9210
Car -1 -1 -1.6550 649.4783 179.7577 693.6774 218.3287 1.5556 1.6018 3.7921 2.6051 1.8773 31.6769 -1.5743 0.7676
Car -1 -1 -2.7028 311.4578 185.0740 460.9335 238.9851 1.4052 1.5564 3.7092 -6.2932 1.7669 20.3035 -3.0002 0.7402
Car -1 -1 0.4103 273.4470 185.3495 450.5767 249.4043 1.4765 1.5949 3.8553 -6.1452 1.8045 17.9604 0.0846 0.6562
Car -1 -1 0.1938 373.9891 173.2054 502.7688 219.8405 1.7158 1.7082 4.5289 -6.4997 1.7300 27.4942 -0.0367 0.5804
Car -1 -1 -2.8132 359.5921 178.2793 482.9412 226.0621 1.5891 1.6384 3.8404 -6.5719 1.7859 25.1717 -3.0666 0.5654
Car -1 -1 1.4292 632.6221 179.2473 667.7571 207.5137 1.6033 1.5961 3.8040 2.3611 2.0090 43.7785 1.4822 0.4843
Car -1 -1 -1.2553 441.1492 174.0150 506.3448 213.0747 1.5465 1.6090 3.8368 -5.7563 1.5995 30.6922 -1.4396 0.4077
Car -1 -1 -1.7449 657.2390 181.2590 719.1860 228.4173 1.5530 1.5947 3.8071 2.7406 1.8839 26.4128 -1.6434 0.3766
Car -1 -1 -1.5283 510.9893 175.1750 538.0330 199.0685 1.5143 1.6249 4.0343 -5.7028 1.6764 48.2006 -1.6458 0.3720
Car -1 -1 3.6463 0.0000 188.8721 101.9540 331.7870 1.4776 1.6016 3.8054 -8.9185 1.7060 9.0056 2.8806 0.3326
Car -1 -1 -1.4129 476.5691 179.1727 520.8320 213.1666 1.5437 1.5821 3.6581 -5.4246 1.8691 35.2784 -1.5649 0.2928
