Car -1 -1 -0.4204 819.0900 197.2321 1107.7933 296.9472 1.6134 1.7093 4.3519 6.1317 2.0821 12.9797 0.0109 0.8970
Car -1 -1 0.4336 184.4718 188.0285 414.8850 268.1810 1.5616 1.6905 4.1760 -6.5204 1.9037 15.3255 0.0370 0.8543
Car -1 -1 -0.5484 983.9322 195.9272 1242.0000 341.6240 1.4602 1.5870 3.7760 6.6651 1.7640 8.5123 0.0983 0.8288
Car -1 -1 -0.2126 698.0455 191.5790 798.5052 230.4017 1.6489 1.7028 4.1646 6.1206 2.5146 32.4317 -0.0285 0.7937
Car -1 -1 0.3719 357.1183 188.2141 501.6098 241.3570 1.5199 1.6505 4.0138 -5.5816 2.0186 22.3319 0.1291 0.7933
Car -1 -1 -0.3609 776.1734 196.6100 919.0538 251.5627 1.4367 1.5350 3.5328 6.6265 2.1393 20.4652 -0.0530 0.7443
Car -1 -1 -2.7931 272.7389 189.6156 463.3737 256.4950 1.5158 1.6558 4.1140 -5.8810 1.9479 17.6903 -3.1102 0.7051
Car -1 -1 -2.1360 859.6366 213.8767 1242.0000 375.0000 1.5073 1.5761 3.7876 2.7438 1.8402 3.9474 -1.5647 0.6967
Car -1 -1 0.2434 383.6829 180.4197 505.7230 222.4790 1.5293 1.6550 4.2465 -6.2584 1.8263 27.4168 0.0206 0.6564
Car -1 -1 0.4151 384.1768 193.9864 506.7675 240.5305 1.4550 1.5837 3.7790 -5.6479 2.2130 24.7252 0.1921 0.6310
Car -1 -1 -0.4456 754.0179 188.4405 890.8915 242.8757 1.5917 1.6682 3.8206 6.6469 2.1112 22.8895 -0.1674 0.6280
Car -1 -1 -1.5791 642.9452 190.5799 669.1686 215.9247 1.4816 1.6332 3.9325 2.9457 2.6857 46.9895 -1.5176 0.6025
Car -1 -1 0.2142 467.9192 189.8016 544.2491 218.2999 1.5255 1.6324 4.0089 -5.8641 2.5048 40.7178 0.0715 0.5297
