Pedestrian -1 -1 1.4713 726.9886 164.3353 781.6812 282.9825 1.7190 0.7161 0.8326 2.2496 1.4716 10.8530 1.6652 0.9189
Pedestrian -1 -1 1.8870 503.1765 174.0938 522.8789 215.1193 1.7926 0.6496 0.8141 -3.9283 1.4699 31.8449 1.7601 0.7386
Pedestrian -1 -1 1.7748 429.1255 171.1518 455.3124 230.4185 1.8361 0.6389 0.9240 -5.0543 1.5166 22.7191 1.5530 0.6246
Pedestrian -1 -1 -1.3030 521.9041 173.1366 536.0270 205.0852 1.8601 0.6045 0.9437 -4.2652 1.3740 42.3348 -1.4079 0.4674
Pedestrian -1 -1 1.8569 284.2397 172.0883 326.1968 258.0431 1.8331 0.6820 0.6907 -6.4996 1.6336 15.6964 1.4647 0.4639
Pedestrian -1 -1 -3.3303 1146.5549 206.7166 1238.0000 374.0000 1.7427 0.6734 0.5934 3.3630 1.8972 3.9224 -2.6602 0.3902
Pedestrian -1 -1 -1.6177 556.6433 172.9725 568.8693 204.4204 1.8117 0.6670 0.8475 -2.2549 1.3212 41.8359 -1.6763 0.3728
Pedestrian -1 -1 -2.2717 365.9787 166.8923 395.7185 218.8704 1.7133 0.5776 0.7957 -7.4356 1.2329 24.1331 -2.5727 0.2962
Pedestrian -1 -1 2.9186 458.1292 175.2482 496.5724 212.9963 1.7671 0.5883 1.7171 -5.9214 1.4754 34.2292 2.7435 0.1670
Pedestrian -1 -1 2.7355 539.9686 174.2973 563.6189 198.3198 1.7559 0.4751 1.6962 -3.6496 1.2300 53.1064 2.6622 0.1146
Cyclist -1 -1 2.9186 458.1292 175.2482 496.5724 212.9963 1.7671 0.5883 1.7171 -5.9214 1.4754 34.2292 2.7435 0.3767
Cyclist -1 -1 2.7355 539.9686 174.2973 563.6189 198.3198 1.7559 0.4751 1.6962 -3.6496 1.2300 53.1064 2.6622 0.3419
Car -1 -1 2.0538 0.0000 207.8831 479.6261 374.0000 1.4583 1.6036 4.0063 -2.0456 1.6958 4.3761 1.6314 0.8006
Car -1 -1 -1.6646 591.9365 139.4183 683.2159 236.2539 2.1813 1.8375 4.9385 0.7552 1.2346 18.6976 -1.6300 0.4501
