Pedestrian -1 -1 -1.4406 0.0000 181.4729 19.2013 236.5255 1.7588 0.5395 0.9444 -19.6358 1.7930 23.1461 -2.1357 0.3002
Pedestrian -1 -1 -1.6529 820.0683 145.1436 835.5909 183.0074 1.8066 0.6603 0.6707 10.7374 0.1211 34.1305 -1.3488 0.2682
Pedestrian -1 -1 2.3519 412.6532 171.6238 430.1462 201.9058 1.7894 0.6148 0.8183 -10.9845 1.2663 42.2847 2.1012 0.1925
Pedestrian -1 -1 1.4743 7.5358 187.4993 32.2140 234.1152 1.8960 0.7368 0.6257 -24.3382 2.1931 29.3785 0.7893 0.1492
Pedestrian -1 -1 -2.1151 0.0000 199.3917 21.3522 271.2872 1.7121 0.5756 0.6746 -14.9637 2.1893 17.4137 -2.8146 0.1305
Cyclist -1 -1 3.0220 596.2932 164.0218 619.1075 187.1269 1.8001 0.6165 1.7296 0.2202 0.5176 55.4864 3.0278 0.2117
Cyclist -1 -1 -1.3022 0.0000 180.6367 20.7458 237.4626 1.7886 0.5017 1.4154 -19.5921 1.7947 23.0009 -1.9993 0.1384
Car -1 -1 -1.4993 541.9542 169.3128 568.0217 190.5318 1.4584 1.5790 3.8840 -3.5340 0.6908 50.5367 -1.5669 0.3930
Car -1 -1 -0.4312 829.7554 151.2946 914.3635 181.6564 1.5183 1.5735 3.7449 13.6500 0.0593 36.2720 -0.0723 0.2533
Car -1 -1 -1.1556 279.7875 163.1796 315.7583 182.7511 1.8127 1.6891 3.9517 -29.2394 0.2096 67.4641 -1.5610 0.1728
Car -1 -1 1.1590 8.8899 193.5450 69.7394 219.0386 1.5475 1.6296 4.0786 -37.0629 2.4342 46.3067 0.4888 0.1513
