Pedestrian -1 -1 -0.2994 676.2453 174.2440 686.5999 193.6178 1.8286 0.4877 0.8725 6.7591 1.9615 68.4734 -0.2018 0.1673
Car -1 -1 2.2030 87.7222 170.7458 203.1529 223.0290 2.1004 1.7784 4.6890 -20.0661 2.0161 31.3830 1.6378 0.8071
Car -1 -1 1.9272 320.7574 181.5960 373.9932 209.3312 1.5414 1.6651 4.1549 -15.7898 2.0940 43.4966 1.5806 0.7229
Car -1 -1 1.9825 294.5578 174.0486 346.8059 201.5129 1.8469 1.7812 4.4694 -20.3907 1.9354 50.9775 1.6035 0.4461
Car -1 -1 0.5256 232.5072 174.7837 308.1609 199.7437 1.5183 1.6194 4.0008 -21.1951 1.6417 45.0226 0.0877 0.4157
Car -1 -1 1.8642 456.2079 177.2552 485.5925 193.9569 1.4901 1.5847 4.1043 -13.0142 1.9159 67.6151 1.6744 0.2064
Car -1 -1 2.1561 986.0143 171.7303 1049.8386 198.3421 1.6230 1.6194 3.9310 25.7700 1.5549 45.6217 2.6672 0.1913
Car -1 -1 1.7001 425.5942 178.4542 448.7069 195.0282 1.4814 1.6090 4.0510 -16.2764 2.0259 68.0050 1.4658 0.1820
Car -1 -1 -1.7359 750.8975 161.2350 789.5680 187.5601 1.5545 1.6704 4.1099 9.8383 0.8688 44.6990 -1.5209 0.1689
Car -1 -1 -0.9696 863.2978 156.9119 939.9028 189.3935 1.5555 1.6328 3.9566 14.6673 0.7924 36.3282 -0.5889 0.1504
