Pedestrian -1 -1 1.6865 288.1743 137.6399 313.4047 198.3977 1.8635 0.6540 0.6365 -9.6934 0.7838 22.5253 1.2842 0.2508
Car -1 -1 -2.6160 85.1673 176.1035 379.3398 272.2858 1.5145 1.6634 4.2158 -6.3875 1.5749 12.3745 -3.0842 0.9077
Car -1 -1 3.3490 244.2189 164.7056 457.0121 251.1863 1.9376 1.8027 4.5333 -6.1114 1.7554 17.3451 3.0144 0.7990
Car -1 -1 2.2612 1038.6711 191.8648 1242.0000 375.0000 1.5027 1.6700 4.0716 6.2831 1.7044 6.5314 3.0040 0.6185
Car -1 -1 -2.5993 407.1938 175.6677 501.6841 210.6186 1.5250 1.6243 3.9719 -7.1723 1.6600 33.1185 -2.8113 0.4408
Car -1 -1 1.5162 629.5681 172.8111 656.0215 195.7260 1.5628 1.6418 4.2121 2.2658 1.5602 51.3209 1.5597 0.3586
Car -1 -1 1.4995 491.1075 173.6504 526.7534 204.0223 1.5167 1.5902 3.8565 -5.4287 1.5615 38.1892 1.3588 0.2317
Car -1 -1 1.4005 670.1812 179.0349 739.4113 228.8868 1.4350 1.5532 3.8037 2.9112 1.6505 23.1834 1.5231 0.2280
Car -1 -1 0.6975 477.8746 175.5373 544.8011 200.9502 1.4608 1.5800 3.8949 -6.0040 1.6294 43.5383 0.5609 0.2146
Car -1 -1 0.1040 433.2070 174.8528 518.9634 207.5956 1.5426 1.6216 3.9510 -6.4907 1.6428 35.0707 -0.0781 0.2081
Car -1 -1 -1.7331 686.6836 126.4524 821.9933 259.8075 2.5471 2.0324 5.8215 3.0180 1.6612 16.7022 -1.5583 0.1846
