Pedestrian -1 -1 1.4546 945.4355 153.8398 981.1907 230.4685 1.7791 0.7008 0.5251 8.3216 1.3380 17.1109 1.9001 0.7418
Pedestrian -1 -1 -1.6878 769.2885 167.2971 791.5510 221.1892 1.8337 0.6280 1.0678 5.8789 1.6450 25.1130 -1.4611 0.6877
Pedestrian -1 -1 -0.1497 699.7570 174.1638 709.9149 194.1418 1.7748 0.4678 0.8374 8.4391 1.8925 64.3727 -0.0203 0.2072
Pedestrian -1 -1 0.5433 1114.0228 176.6389 1155.7590 222.7825 1.7545 0.6121 1.1703 20.4601 1.9062 28.1978 1.1656 0.1452
Pedestrian -1 -1 -1.8774 683.6795 168.4594 706.3267 203.7458 1.7853 0.6708 1.7296 4.3589 1.5633 37.4158 -1.7629 0.1147
Pedestrian -1 -1 0.8905 672.6700 172.4639 691.0834 197.2251 1.7721 0.5712 1.4061 5.1849 1.7446 52.3811 0.9882 0.1008
Cyclist -1 -1 -1.8066 684.8215 168.4268 705.3635 204.2721 1.8105 0.6437 1.8225 4.3599 1.5873 37.3852 -1.6919 0.6210
Cyclist -1 -1 1.2276 673.9034 172.9153 689.1462 197.7698 1.7728 0.5457 1.7349 5.1562 1.7777 52.3759 1.3247 0.2094
Cyclist -1 -1 0.7134 1115.9559 178.8717 1163.4785 225.7984 1.7685 0.6139 1.4409 20.6117 2.0102 28.1593 1.3397 0.1515
Car -1 -1 1.5046 712.3987 179.3755 734.8910 198.8739 1.5370 1.5887 3.9319 9.4370 2.1004 60.2603 1.6587 0.1374
