Pedestrian -1 -1 -0.9797 582.1827 167.9963 655.8353 292.9126 1.6984 0.6190 0.9908 0.2203 1.5161 10.3474 -0.9647 0.8861
Pedestrian -1 -1 1.8689 354.5793 159.1146 432.5227 321.1649 1.8452 0.6363 1.0201 -2.5359 1.5917 8.6919 1.5870 0.8861
Pedestrian -1 -1 1.3551 830.2948 135.6600 906.4289 303.5181 1.6690 0.6091 0.6393 2.7175 1.2146 7.4923 1.6864 0.8777
Pedestrian -1 -1 -1.6793 546.3425 168.9978 572.1948 225.8327 1.7181 0.7013 0.8749 -1.3376 1.3413 22.2043 -1.7440 0.8664
Pedestrian -1 -1 -2.1742 922.6063 140.6797 1048.7307 326.0940 1.6253 0.6299 0.9174 3.5492 1.2689 6.7931 -1.7139 0.8523
Pedestrian -1 -1 -1.7322 515.5527 167.2760 539.3376 222.6757 1.7975 0.6341 0.9597 -2.4882 1.3370 23.8508 -1.8402 0.7106
Pedestrian -1 -1 -1.5644 585.4561 167.0509 603.6486 225.8044 1.7651 0.5466 0.9383 -0.2396 1.3321 22.0497 -1.5804 0.6329
Pedestrian -1 -1 0.8806 15.0714 153.2520 125.4897 327.8748 1.7664 0.5431 0.8278 -5.6798 1.4820 7.6296 0.2511 0.5938
Pedestrian -1 -1 1.5135 489.5033 163.9742 510.4924 218.1562 1.8630 0.6831 0.7106 -3.5740 1.2615 25.1137 1.3684 0.5539
Pedestrian -1 -1 -1.2081 566.7487 166.4894 594.3842 221.5270 1.7365 0.6297 0.8644 -0.6934 1.2640 23.1717 -1.2428 0.5360
Pedestrian -1 -1 -1.7562 571.7088 163.1064 590.8215 206.5808 1.7898 0.6862 0.6457 -0.8607 1.0335 29.9602 -1.7897 0.4342
Pedestrian -1 -1 -0.5059 564.1275 170.1442 582.3987 204.7995 1.7679 0.6355 0.7246 -1.4620 1.1895 37.1026 -0.5500 0.4073
Pedestrian -1 -1 0.8893 754.8137 185.4995 947.2586 374.0000 1.5915 0.5471 1.5954 1.8773 1.6298 5.7928 1.1833 0.1204
Cyclist -1 -1 1.7287 447.9317 171.1690 504.2520 298.8329 1.7034 0.5450 1.7639 -1.8369 1.5669 10.4687 1.5534 0.8977
Cyclist -1 -1 0.8893 754.8137 185.4995 947.2586 374.0000 1.5915 0.5471 1.5954 1.8773 1.6298 5.7928 1.1833 0.4674
Cyclist -1 -1 -1.0397 583.2376 164.2038 655.3032 290.2879 1.7164 0.6169 1.0159 0.2266 1.4823 10.3707 -1.0242 0.1181
