Cyclist -1 -1 -3.3408 1191.6897 196.0121 1242.0000 247.6741 1.7505 0.7691 1.6740 21.9404 2.6041 25.8447 -2.6433 0.2542
Car -1 -1 -0.5752 820.7838 192.6624 1242.0000 353.9487 1.5254 1.6513 3.9643 4.5312 1.7735 8.0412 -0.0788 0.9202
Car -1 -1 -0.2851 691.9526 188.5042 851.9255 249.8797 1.4813 1.6038 3.7700 4.1057 1.9106 18.8318 -0.0747 0.8824
Car -1 -1 3.4106 240.4607 177.3304 398.9448 236.7147 1.5313 1.6071 3.7298 -7.8859 1.6604 19.7514 3.0350 0.8415
Car -1 -1 3.6715 0.0000 176.5791 283.2275 279.1479 1.5369 1.6509 3.9224 -7.7234 1.6028 11.7787 3.1012 0.8289
Car -1 -1 0.5561 90.3511 177.4402 337.9569 259.2752 1.5392 1.6525 4.1697 -7.9635 1.6387 14.6356 0.0651 0.8233
Car -1 -1 0.5810 0.0000 168.6678 200.3109 300.3314 1.5191 1.5967 3.6456 -7.6151 1.4711 9.2844 -0.0920 0.7319
Car -1 -1 -0.2569 674.4147 186.0627 815.5132 243.2989 1.5695 1.6239 3.7788 3.8525 1.9754 21.1876 -0.0804 0.5726
Car -1 -1 3.3360 281.3455 173.7078 405.9238 220.9358 1.5378 1.6185 3.7428 -9.0399 1.5685 24.6177 2.9871 0.3678
Car -1 -1 -1.8940 458.1344 179.4329 493.1831 199.3725 1.4903 1.5783 3.9091 -10.7444 2.0332 57.3989 -2.0785 0.3678
Car -1 -1 0.3095 301.2377 170.9937 420.3894 213.1515 1.5513 1.6285 3.9699 -9.4368 1.4832 27.4013 -0.0195 0.3540
