Pedestrian -1 -1 -2.3755 0.0000 187.3245 56.0824 254.3170 1.7612 0.5886 1.1864 -15.7924 2.1589 19.4627 -3.0506 0.1913
Pedestrian -1 -1 -0.9357 825.6246 173.1108 850.1714 218.5142 1.7231 0.5839 0.7321 8.7500 1.7335 27.8370 -0.6347 0.1513
Pedestrian -1 -1 -1.6489 1136.7065 149.3441 1159.1327 195.9764 1.8439 0.6679 0.6721 21.5646 0.9146 28.9890 -1.0143 0.1262
Cyclist -1 -1 -2.3223 0.0000 188.2657 66.8718 254.7217 1.7380 0.5763 1.7793 -15.7478 2.1632 19.4736 -2.9957 0.3346
Car -1 -1 1.7107 426.6209 176.5913 487.2119 223.4186 1.5190 1.5676 3.9859 -5.4261 1.6634 25.7685 1.5047 0.2503
Car -1 -1 2.6380 0.0000 162.4980 91.4670 222.2273 1.5121 1.5892 3.8361 -17.1793 1.2503 20.3391 1.9430 0.2131
Car -1 -1 -1.0675 474.0944 180.9861 532.0063 209.5984 1.5186 1.6108 3.9232 -6.1409 2.0119 41.6159 -1.2136 0.1862
Car -1 -1 2.1406 0.0000 132.0193 95.7548 202.5615 1.6070 1.6646 4.1823 -15.4449 0.6771 18.6080 1.4548 0.1471
Car -1 -1 1.6533 0.0000 197.9393 40.6722 230.7536 1.5296 1.6103 3.9693 -31.9390 2.9559 38.9211 0.9693 0.1139
Car -1 -1 1.4122 732.5795 176.8131 768.2983 201.5734 1.5105 1.6218 4.1595 9.0243 1.7791 46.7896 1.6011 0.1029
Car -1 -1 1.4789 433.5216 185.2825 462.3936 210.1078 1.5361 1.5589 3.7721 -11.0021 2.4106 48.7145 1.2575 0.1014
