Pedestrian -1 -1 0.9634 685.1475 169.2409 713.7446 218.1979 1.7981 0.6278 0.9590 3.3071 1.6657 27.0680 1.0830 0.8276
Pedestrian -1 -1 2.2304 266.7188 162.4027 306.3324 220.0549 1.8576 0.6573 1.1019 -10.7301 1.5212 23.8588 1.8116 0.2272
Pedestrian -1 -1 1.9488 1008.9660 150.1637 1055.9470 250.0735 1.6797 0.4514 0.7960 7.3014 1.2985 12.5527 2.4650 0.2268
Pedestrian -1 -1 0.0683 415.2783 179.5577 427.0550 201.3723 1.8227 0.5153 0.9278 -15.9415 2.3915 60.8342 -0.1873 0.2126
Cyclist -1 -1 2.2304 266.7188 162.4027 306.3324 220.0549 1.8576 0.6573 1.1019 -10.7301 1.5212 23.8588 1.8116 0.1310
Car -1 -1 1.8654 38.5040 177.8270 151.2941 243.5735 1.7471 1.6743 3.8423 -15.2859 1.9105 21.5722 1.2546 0.8519
Car -1 -1 1.4643 449.5987 180.1425 499.5517 222.7243 1.4692 1.5057 3.3337 -5.2202 1.7639 27.3263 1.2767 0.8162
Car -1 -1 0.8211 337.4433 182.4736 423.5142 216.0879 1.5282 1.6407 4.1663 -11.3606 2.0255 35.5334 0.5134 0.7555
Car -1 -1 2.7182 632.0929 174.3587 695.3367 197.1766 1.5331 1.6169 4.0779 3.7001 1.6410 50.1275 2.7910 0.7414
Car -1 -1 -1.1959 0.0000 183.0355 87.7969 242.9391 1.6325 1.6732 4.0995 -18.2096 1.9832 22.6157 -1.8681 0.7255
Car -1 -1 2.5149 521.8699 176.7468 590.7115 201.5587 1.5163 1.6486 4.2982 -3.4747 1.7797 46.7406 2.4407 0.5834
