Pedestrian -1 -1 1.0048 1008.6251 145.4469 1145.6562 346.3212 1.7166 0.7268 0.7764 4.2388 1.4099 6.5293 1.5569 0.7651
Pedestrian -1 -1 2.0711 333.9879 156.3373 392.8162 275.8373 1.6733 0.6127 0.5651 -3.4788 1.3223 10.3885 1.7499 0.6502
Pedestrian -1 -1 2.4132 653.2980 166.4669 691.6235 225.1382 1.8431 0.7416 0.9872 2.2636 1.3720 23.1551 2.5043 0.6381
Pedestrian -1 -1 -1.3655 625.0948 167.3795 644.6806 212.1875 1.7333 0.6099 0.8772 1.3035 1.1881 28.2849 -1.3250 0.5882
Pedestrian -1 -1 -2.1535 390.5553 162.3685 436.9223 238.0492 1.7420 0.5982 1.0289 -4.5068 1.3028 17.0972 -2.4127 0.4281
Pedestrian -1 -1 -1.1662 561.0644 168.5898 593.5882 217.2935 1.7315 0.7674 1.2404 -0.8927 1.2736 26.2524 -1.2050 0.4110
Pedestrian -1 -1 -1.1012 503.9131 167.6920 539.8259 232.2458 1.7714 0.6969 0.8554 -2.2645 1.3937 20.2314 -1.2166 0.4100
Pedestrian -1 -1 1.6937 620.8273 164.2608 632.5137 198.0896 1.8032 0.5488 0.7232 1.3583 0.8851 38.6856 1.7236 0.2440
Pedestrian -1 -1 1.3204 653.2494 165.4610 669.1169 201.0897 1.8893 0.6244 0.9669 3.2042 1.0397 38.6195 1.3977 0.2405
Cyclist -1 -1 -1.1197 560.0364 169.1110 593.8088 217.8112 1.7254 0.7301 1.3308 -0.9049 1.2875 26.2029 -1.1590 0.2943
Cyclist -1 -1 0.3903 470.6493 181.5668 533.1812 232.1297 1.6651 0.8219 1.9275 -3.3828 1.6685 24.2890 0.2481 0.2665
Cyclist -1 -1 -1.8802 392.8464 160.9013 432.9310 238.4230 1.7730 0.5857 1.1803 -4.5284 1.3031 17.0809 -2.1409 0.1799
