Pedestrian -1 -1 3.2592 446.7507 176.9393 475.4128 233.4328 1.7958 0.6553 0.8378 -4.8579 1.9305 23.3485 3.0557 0.4579
Pedestrian -1 -1 -1.7198 629.1700 170.4380 644.2156 203.3698 1.7462 0.6710 0.9586 1.3937 1.6184 38.7706 -1.6846 0.3704
Cyclist -1 -1 -1.7095 629.2111 170.3203 644.1721 203.5940 1.7632 0.6704 0.9912 1.3930 1.6293 38.7596 -1.6743 0.1946
Cyclist -1 -1 1.7295 447.4177 175.8134 472.6782 234.0010 1.8358 0.6610 0.9251 -4.8775 1.9337 23.2876 1.5246 0.1256
Car -1 -1 1.8053 358.7210 181.7192 490.1465 266.6073 1.5381 1.7599 4.3880 -3.8959 1.7588 15.7289 1.5657 0.9281
Car -1 -1 -1.7875 685.8223 178.5092 798.4876 260.5301 1.4435 1.5178 3.3359 2.5032 1.5719 14.6356 -1.6224 0.8680
Car -1 -1 -1.1116 0.0000 176.3670 395.7080 375.0000 1.5163 1.6350 4.1868 -3.1974 1.5556 5.8686 -1.5925 0.8633
Car -1 -1 -1.6553 648.0696 175.7295 704.6287 222.5916 1.4997 1.6257 3.8577 2.2025 1.6084 25.2548 -1.5700 0.8097
Car -1 -1 -1.9318 794.0621 183.5569 1205.5846 375.0000 1.4741 1.6241 4.1561 2.8961 1.6032 6.5727 -1.5344 0.7853
Car -1 -1 3.3012 414.2219 171.5620 508.6123 211.7871 1.7533 1.7035 3.9277 -6.6475 1.6974 32.3803 3.0999 0.7375
Car -1 -1 1.3735 635.0135 150.2454 692.8218 194.2200 1.7620 1.6975 4.0566 2.2017 0.8565 31.0286 1.4434 0.5445
Car -1 -1 1.6606 543.3044 176.7074 564.5428 193.6476 1.5602 1.6854 4.0122 -5.3809 1.9419 69.3869 1.5831 0.2896
