Pedestrian -1 -1 -2.3498 798.7042 168.7733 834.7849 225.4470 1.7744 0.7329 0.8397 6.5787 1.6470 23.1332 -2.0767 0.2747
Cyclist -1 -1 -1.8756 915.9842 149.7724 944.6011 198.1790 1.6967 0.4610 1.6588 11.5425 0.8880 26.1365 -1.4641 0.2580
Cyclist -1 -1 -2.0223 800.2657 168.3959 834.3105 224.0690 1.7477 0.7079 0.9404 6.6029 1.6081 23.1729 -1.7487 0.1023
Car -1 -1 -1.8827 763.5829 185.5910 978.7209 327.7680 1.5164 1.5889 3.7106 3.2489 1.7241 9.8849 -1.5753 0.9238
Car -1 -1 -1.8101 719.6783 178.5826 845.6414 265.4738 1.5273 1.5983 3.8241 3.3416 1.6610 14.8643 -1.5942 0.9060
Car -1 -1 0.4502 132.0580 181.9353 392.2921 265.5124 1.4405 1.6200 4.0783 -6.3971 1.6208 13.4532 0.0135 0.8919
Car -1 -1 -1.7350 677.0748 183.3559 731.0026 222.9286 1.4056 1.5362 3.4418 3.5837 1.8435 28.3053 -1.6111 0.8767
Car -1 -1 0.3316 283.5652 179.1547 448.5994 240.4281 1.5246 1.6154 3.7864 -6.3655 1.6977 18.9503 0.0112 0.7887
Car -1 -1 1.0175 0.0000 185.5831 265.6576 375.0000 1.5118 1.6068 3.9123 -5.4896 1.6595 6.8993 0.3638 0.7644
Car -1 -1 0.3202 421.2987 174.6154 528.1741 213.8109 1.4804 1.5717 3.8328 -5.3252 1.5526 28.3815 0.1360 0.5998
Car -1 -1 -2.8617 364.3088 179.4550 493.8659 226.8142 1.4716 1.5863 3.8065 -5.8788 1.6950 23.5210 -3.1045 0.4542
Car -1 -1 3.3037 394.8640 181.5190 513.1821 224.8119 1.4771 1.5939 3.9387 -5.5625 1.7988 25.8629 3.0934 0.3464
Car -1 -1 -1.4737 492.1626 178.2614 533.1244 212.7063 1.5229 1.5770 3.7676 -4.6277 1.7954 34.4085 -1.6069 0.3035
Car -1 -1 -1.4868 539.9633 177.2140 565.6685 198.7837 1.5055 1.5691 3.8532 -4.1992 1.8382 53.0683 -1.5658 0.2622
Car -1 -1 -1.6631 715.8835 177.2822 751.3593 206.8414 1.5143 1.5599 3.7193 6.6760 1.7685 39.4460 -1.4972 0.2527
