Pedestrian -1 -1 -0.8268 1135.8351 170.6959 1236.8643 297.2875 1.7215 0.6454 0.9558 8.0865 1.6925 10.2087 -0.1716 0.1832
Pedestrian -1 -1 1.1715 649.2752 169.2919 674.3849 207.2069 1.8094 0.6609 1.5743 2.4853 1.6398 35.2828 1.2407 0.1550
Pedestrian -1 -1 -2.6818 827.8493 168.3044 864.6972 237.7298 1.6676 0.4884 0.7208 5.7639 1.5587 17.7546 -2.3734 0.1108
Cyclist -1 -1 1.2851 650.5222 169.3811 673.1249 207.9393 1.8357 0.6259 1.7632 2.4832 1.6707 35.2772 1.3542 0.5098
Cyclist -1 -1 -3.4597 1092.6769 153.4293 1239.7363 281.6654 1.7174 0.6732 1.5111 7.7670 1.4576 10.2160 -2.8240 0.1326
Car -1 -1 -1.4045 582.7576 177.6937 616.1307 201.5986 1.4861 1.5777 3.9662 -0.6871 1.8209 47.7747 -1.4193 0.4016
Car -1 -1 1.4631 693.4451 162.1514 730.2151 189.8634 1.5184 1.6477 4.1623 5.7885 0.9324 41.6367 1.6000 0.1347
Car -1 -1 -1.4563 187.2597 172.7626 217.6589 197.4872 2.1217 1.8443 4.5856 -36.3361 2.1142 64.3850 -1.9685 0.1234
Car -1 -1 -2.0927 59.0351 160.5434 133.4824 193.3836 1.9975 1.7837 4.6092 -32.5523 1.2491 45.6601 -2.7094 0.1106
Car -1 -1 1.5462 667.4886 176.4370 691.5479 198.6468 1.5540 1.6562 4.1764 5.0738 1.8297 53.3127 1.6402 0.1084
