Pedestrian -1 -1 -1.4668 233.5243 190.1871 280.7235 292.9555 1.7466 0.6909 0.6049 -6.2988 2.0641 12.7970 -1.9166 0.6033
Pedestrian -1 -1 0.3551 0.0000 219.3563 132.1410 375.0000 1.6898 0.6070 0.7370 -2.0430 1.8591 2.2110 -0.3338 0.2094
Pedestrian -1 -1 -2.5295 1024.8309 184.9009 1242.0000 375.0000 1.6269 0.8004 1.6814 4.6000 1.7477 6.2870 -1.9211 0.1074
Cyclist -1 -1 -2.3536 1025.7268 184.6646 1242.0000 375.0000 1.6478 0.7641 1.7990 4.5834 1.7669 6.3025 -1.7481 0.4209
Car -1 -1 -1.8557 714.7485 169.5630 916.2280 305.8233 1.6841 1.7120 4.2806 2.8130 1.6437 11.0908 -1.6148 0.9235
Car -1 -1 1.6964 502.3206 179.7204 568.6890 227.2569 1.4859 1.7639 4.6284 -2.5782 1.7517 25.5612 1.5963 0.9126
Car -1 -1 -1.9690 809.2279 190.4362 1242.0000 375.0000 1.4308 1.5240 3.5386 2.7487 1.6154 5.7690 -1.5453 0.8945
Car -1 -1 -1.7355 670.2468 165.5766 745.3007 226.5360 1.9512 1.8279 4.8019 3.2923 1.7186 25.5272 -1.6094 0.8823
Car -1 -1 -1.6843 659.3340 178.5288 703.5737 215.8520 1.5743 1.5745 3.7542 3.1614 1.8483 32.8989 -1.5900 0.6708
Car -1 -1 1.4574 649.7394 176.0898 687.1641 207.1379 1.5749 1.5812 3.7682 3.0678 1.7583 38.9056 1.5349 0.5876
