Pedestrian -1 -1 1.3397 399.8656 184.2910 413.7666 214.2350 1.8879 0.7406 0.5989 -13.0619 2.6287 46.2672 1.0656 0.2287
Pedestrian -1 -1 2.0007 535.9706 153.0471 555.3638 193.3053 1.8878 0.6220 0.8508 -3.0965 0.9593 34.3359 1.9112 0.2124
Pedestrian -1 -1 -2.8139 787.2308 141.1398 874.1024 289.3028 1.7999 0.7611 0.8827 2.8029 1.4150 9.3275 -2.5316 0.1230
Pedestrian -1 -1 1.4826 379.9809 132.1534 398.5299 181.7458 1.8143 0.5597 1.2330 -8.3321 0.3257 27.0707 1.1866 0.1208
Pedestrian -1 -1 1.5094 859.6935 155.7172 893.0046 236.1861 1.6699 0.5873 1.2879 5.7195 1.3147 15.6712 1.8528 0.1162
Cyclist -1 -1 1.3132 853.7255 153.6528 904.9918 238.0068 1.7166 0.6006 1.7172 5.7291 1.3262 15.5626 1.6593 0.2663
Cyclist -1 -1 0.9523 371.9586 132.4290 405.4474 181.5883 1.8029 0.5721 1.2691 -8.3514 0.3207 27.0736 0.6557 0.1459
Car -1 -1 1.5532 193.2900 193.7122 230.8411 226.8284 1.6036 1.7463 4.3597 -22.2336 2.8331 40.1918 1.0504 0.5426
Car -1 -1 0.9802 229.1543 140.3647 336.5216 186.2124 1.6138 1.6664 4.1387 -12.4034 0.4705 27.1938 0.5559 0.3108
Car -1 -1 1.6413 292.3696 192.2325 316.4951 211.7957 1.5542 1.6798 4.1251 -27.0667 3.3318 63.9486 1.2420 0.2632
Car -1 -1 1.3861 462.4235 181.9305 503.0445 211.8217 1.5886 1.6025 4.0115 -7.4549 2.1421 41.8142 1.2103 0.1166
