Pedestrian -1 -1 2.7086 539.8780 161.5848 580.3528 219.8043 1.7774 0.7760 1.0370 -1.4420 1.2015 22.1687 2.6464 0.7311
Pedestrian -1 -1 3.4073 276.2012 171.4403 318.6240 233.2766 1.8067 0.5393 1.0498 -9.1574 1.5435 20.9922 3.0032 0.6342
Pedestrian -1 -1 0.5837 399.3867 157.8337 442.0751 225.4758 1.8360 0.6875 0.9231 -5.1553 1.2224 19.6622 0.3331 0.3535
Pedestrian -1 -1 2.1309 903.3177 144.2209 950.9401 198.2480 1.7302 0.6465 1.6748 10.6262 0.5699 23.3705 2.5544 0.1796
Pedestrian -1 -1 -0.4393 286.6153 170.8342 357.2943 237.0017 1.7241 0.5128 1.7299 -7.7102 1.4738 19.2231 -0.8133 0.1143
Pedestrian -1 -1 -1.0721 335.3849 176.1418 353.9701 201.3712 1.7092 0.4279 1.7236 -17.9478 1.4153 48.7794 -1.4209 0.1070
Cyclist -1 -1 -0.1757 971.0898 134.6861 1056.3118 206.2641 1.7771 0.7109 1.7968 10.4389 0.6413 18.1842 0.3398 0.9039
Cyclist -1 -1 -0.3960 897.2047 144.5966 959.1649 198.6116 1.7581 0.6268 1.7549 10.6287 0.5911 23.3463 0.0279 0.8434
Cyclist -1 -1 -0.4954 732.7126 159.0414 773.1968 197.3462 1.7498 0.5698 1.7835 6.8508 0.7710 32.8215 -0.2898 0.7650
Cyclist -1 -1 -1.0793 335.5714 176.2220 353.9808 201.3922 1.7056 0.4247 1.7263 -17.9458 1.4171 48.7924 -1.4280 0.5395
Cyclist -1 -1 -0.3757 288.9110 171.2379 359.0121 236.8372 1.7156 0.5027 1.7089 -7.6699 1.4750 19.2516 -0.7475 0.5306
Cyclist -1 -1 3.3912 276.9647 171.4734 319.1039 232.9376 1.7953 0.5405 1.0461 -9.1396 1.5332 20.9941 2.9878 0.2151
Cyclist -1 -1 2.7254 540.9694 160.4131 582.3331 219.1032 1.7904 0.8142 1.0557 -1.3946 1.1792 22.1680 2.6653 0.1266
Car -1 -1 -1.3693 386.3053 178.7591 500.6583 256.5091 1.4497 1.6129 3.7914 -3.3335 1.4189 15.0824 -1.5807 0.9360
Car -1 -1 -0.5615 1005.2598 151.4716 1110.7542 187.6341 1.5276 1.5690 3.5645 19.5635 0.3028 30.6538 0.0037 0.5523
Car -1 -1 1.6714 479.6612 172.4977 505.3712 192.3136 1.5014 1.6011 3.9317 -8.7936 0.8964 55.5725 1.5171 0.3238
