Pedestrian -1 -1 -1.9512 93.1749 181.2382 131.0662 239.8179 1.8085 0.6678 1.0140 -15.9130 2.0825 22.9921 -2.5514 0.7156
Pedestrian -1 -1 -1.4092 657.3648 168.7539 680.2218 224.0359 1.7088 0.5829 0.9229 1.8196 1.5824 22.8182 -1.3313 0.4738
Pedestrian -1 -1 -0.0774 271.1078 180.7815 289.3091 218.2772 1.7533 0.6315 0.7432 -15.7581 2.1365 34.3860 -0.5045 0.3955
Pedestrian -1 -1 2.2330 666.4796 154.9995 701.4401 217.8489 1.7830 0.6246 0.8465 2.1068 1.2768 20.9884 2.3310 0.3740
Pedestrian -1 -1 -2.5880 680.7186 160.4091 719.6515 221.2597 1.8010 0.6010 1.0071 2.6893 1.4330 21.9019 -2.4681 0.3164
Pedestrian -1 -1 0.0081 331.6328 178.4548 346.0074 206.2772 1.8163 0.5100 0.8844 -17.9367 2.1896 47.6506 -0.3504 0.2930
Cyclist -1 -1 -2.4459 676.6861 159.8059 738.6931 228.4812 1.7654 0.4436 1.7689 2.5501 1.4304 19.3454 -2.3176 0.6525
Cyclist -1 -1 2.0453 389.8860 123.9751 436.3159 188.7752 1.7914 0.5605 1.7384 -5.7128 0.4405 20.8526 1.7810 0.3744
Cyclist -1 -1 -1.3664 656.3408 168.7685 680.8053 224.4869 1.7243 0.5679 1.0975 1.8236 1.5982 22.9323 -1.2888 0.1756
Cyclist -1 -1 -2.5880 680.7186 160.4091 719.6515 221.2597 1.8010 0.6010 1.0071 2.6893 1.4330 21.9019 -2.4681 0.1398
Car -1 -1 -1.3818 381.3048 175.9415 518.4639 280.5314 1.6171 1.6872 4.1146 -2.8171 1.6834 13.3460 -1.5868 0.9507
Car -1 -1 2.0670 139.1031 190.1475 263.8676 250.1141 1.5842 1.6443 3.9238 -12.4271 2.1631 22.1655 1.5608 0.8845
Car -1 -1 -1.5792 587.5913 174.2223 613.4952 198.5256 1.5032 1.6111 4.0381 -0.6667 1.5964 46.8920 -1.5938 0.4970
Car -1 -1 1.9395 375.4723 179.7918 433.6806 211.4327 1.5044 1.5594 3.9686 -10.5664 1.8827 37.2504 1.6646 0.2874
