Pedestrian -1 -1 2.3519 849.5844 136.4021 940.4801 276.1173 1.8391 0.6784 0.9868 3.8948 1.3597 10.0090 2.7124 0.7215
Pedestrian -1 -1 -0.2244 1092.5824 104.6573 1183.6046 288.0054 1.6932 0.5244 0.6027 5.0590 1.0638 7.0160 0.3806 0.2846
Pedestrian -1 -1 2.3079 895.9281 158.4158 939.9746 241.7410 1.6503 0.4434 0.7392 6.1999 1.3647 14.6462 2.7006 0.2289
Cyclist -1 -1 0.3400 265.1783 185.4034 366.7349 275.0580 1.5914 0.4689 1.6533 -5.3927 1.8252 13.1495 -0.0428 0.4567
Cyclist -1 -1 2.3446 848.2416 139.3368 944.5728 276.3737 1.8050 0.7153 1.0585 3.9293 1.3639 10.0486 2.7067 0.1018
Car -1 -1 -1.4184 478.4942 184.5803 571.9721 251.9192 1.4013 1.6425 4.4885 -2.0303 1.7325 18.0811 -1.5294 0.8550
Car -1 -1 1.6525 535.4265 179.0388 588.3555 221.8477 1.4307 1.6258 4.1642 -1.7555 1.6788 26.8113 1.5872 0.8062
Car -1 -1 -2.2916 954.7828 173.8193 1242.0000 375.0000 1.4786 1.5788 3.8031 3.4511 1.4866 3.7385 -1.5852 0.6427
Car -1 -1 -1.6661 681.1271 174.7651 728.2250 212.5983 1.5338 1.6357 4.1017 4.0298 1.6232 31.5340 -1.5407 0.5703
Car -1 -1 -1.6222 666.6718 174.7477 693.3054 198.1073 1.5057 1.5842 3.8851 4.6674 1.6393 48.8006 -1.5278 0.2748
