Pedestrian -1 -1 -1.6678 764.8087 163.5828 782.6533 209.3431 1.6926 0.5654 0.9118 6.1175 1.3501 27.1733 -1.4492 0.6692
Pedestrian -1 -1 1.1542 1178.2095 154.8866 1226.6683 228.6127 1.8412 0.6504 0.8926 15.1520 1.3928 18.5312 1.8315 0.2024
Pedestrian -1 -1 1.5650 1204.4382 112.5466 1242.0000 240.4487 1.7358 0.4852 0.9192 8.7509 0.9177 10.2990 2.2554 0.1796
Pedestrian -1 -1 -1.1439 1174.9724 195.1528 1211.3318 232.7587 1.7474 0.7011 1.7991 28.3324 2.8548 35.0977 -0.4696 0.1769
Pedestrian -1 -1 1.5008 298.2981 177.6181 309.1388 205.3117 1.7697 0.5556 1.4064 -20.0362 2.0861 47.1165 1.1005 0.1695
Pedestrian -1 -1 -1.6679 1216.0675 125.1375 1242.0000 193.6545 1.8310 0.6491 0.8091 17.0536 0.5562 19.7962 -0.9640 0.1123
Cyclist -1 -1 -1.0635 1174.3884 196.5629 1213.3606 234.9150 1.7857 0.6881 1.8075 28.3441 2.9603 35.0709 -0.3886 0.4713
Cyclist -1 -1 1.7666 296.1164 178.1077 310.4884 206.1320 1.7808 0.5362 1.7275 -20.0372 2.1306 47.0848 1.3660 0.3586
Cyclist -1 -1 -1.6538 761.4177 162.6008 780.0799 208.8399 1.7090 0.6030 0.9749 6.0079 1.3304 27.1888 -1.4391 0.1600
Car -1 -1 2.0897 142.1698 187.5166 263.7953 241.9443 1.5586 1.6847 4.0553 -13.3008 2.0841 23.7971 1.5844 0.9230
