Pedestrian -1 -1 -1.4572 436.6839 177.7251 452.7779 215.7862 1.7876 0.6776 0.6341 -7.7657 1.4369 34.1100 -1.6798 0.1870
Pedestrian -1 -1 1.5586 424.6651 164.4013 471.7384 280.5993 1.8042 0.7190 0.8728 -2.6438 1.4822 11.6650 1.3403 0.1545
Pedestrian -1 -1 0.2507 831.8073 158.3967 884.6098 261.6374 1.7593 0.5792 0.7652 4.3764 1.3034 12.6974 0.5755 0.1483
Cyclist -1 -1 3.4623 110.4304 83.4453 347.6649 294.7042 1.7280 0.5942 1.7414 -3.3045 0.8967 6.2957 2.9970 0.5714
Cyclist -1 -1 1.6962 699.5222 177.2535 717.5919 218.4733 1.6836 0.5694 1.5268 4.2029 1.3595 30.1685 1.8329 0.1737
Car -1 -1 -1.5611 582.0811 177.1521 619.0920 211.7764 1.5460 1.6526 3.5424 -0.3571 1.1871 33.8652 -1.5720 0.7872
Car -1 -1 -0.9544 0.0000 185.1823 191.3516 257.8328 1.4104 1.5614 3.8661 -11.1719 1.4109 15.8934 -1.5593 0.7180
Car -1 -1 2.2295 0.0000 196.4748 136.6131 366.6131 1.4609 1.6064 3.8781 -7.5577 1.6249 8.4132 1.5133 0.5941
Car -1 -1 1.6850 493.5929 182.4344 541.4301 218.8410 1.4341 1.5647 3.8665 -3.7701 1.3257 30.2535 1.5617 0.2474
Car -1 -1 -1.2623 629.7247 172.5680 668.8395 197.1374 1.5136 1.5004 3.5723 2.6844 0.7356 46.2173 -1.2050 0.1477
