Pedestrian -1 -1 1.5521 481.8286 171.2357 496.1061 213.7617 1.8552 0.6044 1.0816 -5.4236 1.7850 32.0620 1.3853 0.5983
Cyclist -1 -1 -1.5504 503.5074 172.3513 516.0602 211.6699 1.8029 0.5515 1.7827 -4.7539 1.7802 34.0006 -1.6888 0.6112
Cyclist -1 -1 -1.6457 165.7917 187.7553 210.5188 254.8144 1.5888 0.8550 2.0107 -10.9656 1.9963 18.6391 -2.1716 0.4087
Cyclist -1 -1 1.5386 481.5686 172.9269 496.5545 215.4920 1.8510 0.6163 1.2036 -5.4143 1.8546 32.0269 1.3719 0.1917
Car -1 -1 -1.8510 724.6598 151.8322 931.5125 292.4373 1.6853 1.6982 4.3366 2.9147 1.4336 10.8343 -1.5960 0.9066
Car -1 -1 -1.3161 0.0000 196.6930 99.1188 261.5850 1.4014 1.5516 3.6034 -14.8840 2.0938 18.9822 -1.9744 0.8803
Car -1 -1 -1.5860 429.2219 181.4650 475.7183 224.2308 1.4617 1.6193 4.0348 -6.1142 1.8180 27.6739 -1.8020 0.8490
Car -1 -1 -1.7782 642.1208 173.8887 705.1265 219.0867 1.4490 1.5102 3.2562 2.0863 1.4875 24.9168 -1.6963 0.8488
Car -1 -1 1.3596 694.0717 175.8748 804.7198 251.7583 1.4624 1.5963 3.7617 2.8924 1.5376 15.9625 1.5347 0.8178
Car -1 -1 -1.7298 568.3812 175.1766 604.8544 202.2555 1.5566 1.6395 3.6920 -1.4938 1.7042 43.7807 -1.7642 0.7869
Car -1 -1 -1.7689 609.6996 172.9966 658.6375 208.9468 1.4942 1.5100 3.3596 0.9724 1.5011 31.7823 -1.7391 0.7634
Car -1 -1 -1.5771 550.4864 176.1709 572.9025 197.8519 1.5464 1.6166 3.9798 -3.6655 1.8050 54.1305 -1.6448 0.4171
Car -1 -1 -1.5745 170.8773 188.1751 211.0486 255.4737 1.5782 0.8485 1.9814 -10.7734 1.9936 18.4745 -2.0965 0.1135
