Pedestrian -1 -1 -0.2933 782.0167 146.3253 906.7828 323.8097 1.7814 0.7478 1.0703 2.4474 1.4401 7.4724 0.0127 0.8693
Pedestrian -1 -1 2.5720 413.7446 152.3980 461.0623 237.0605 1.6972 0.5086 0.8067 -3.5081 1.1355 14.6357 2.3437 0.2101
Pedestrian -1 -1 1.7042 60.8585 191.9830 95.2732 257.2458 1.8382 0.7249 0.5918 -15.3017 2.1798 20.4959 1.0717 0.1286
Pedestrian -1 -1 0.6171 232.9197 172.3423 303.7198 256.0087 1.5785 0.5202 1.1526 -6.5584 1.4262 13.6945 0.1813 0.1264
Pedestrian -1 -1 -2.0473 838.6121 175.5102 873.9589 246.6119 1.7580 0.6732 0.5193 6.2788 1.6363 17.7817 -1.7120 0.1146
Pedestrian -1 -1 1.8948 743.3879 152.5423 753.4103 175.5423 1.9125 0.5732 0.8913 12.0962 -0.4201 59.5450 2.0960 0.1062
Cyclist -1 -1 0.6027 231.2694 172.7917 312.3589 256.1902 1.5732 0.5133 1.3772 -6.4945 1.4295 13.7029 0.1709 0.1963
Cyclist -1 -1 -3.5775 897.8252 142.3598 1013.6454 244.0342 1.6548 0.5551 1.6530 5.7820 1.0357 11.7893 -3.1302 0.1610
Cyclist -1 -1 1.1068 837.5827 134.0358 915.7889 239.2479 1.6782 0.5424 1.6771 4.5762 0.9387 12.1364 1.4608 0.1467
Cyclist -1 -1 2.5720 413.7446 152.3980 461.0623 237.0605 1.6972 0.5086 0.8067 -3.5081 1.1355 14.6357 2.3437 0.1094
Car -1 -1 0.9799 3.4187 193.2106 126.1706 237.7430 1.4845 1.6067 4.0247 -19.7296 1.9753 25.7940 0.3344 0.1337
Car -1 -1 -2.6512 529.3387 158.8928 621.0897 193.9184 1.5401 1.6160 3.9397 -1.4028 0.5915 32.6680 -2.6917 0.1282
