Pedestrian -1 -1 -1.6765 748.0844 178.2677 776.1415 249.4272 1.7747 0.6407 0.5406 3.8118 1.9149 18.3369 -1.4758 0.3896
Pedestrian -1 -1 1.6580 404.1313 150.6612 430.5098 217.3074 1.8639 0.6648 0.7501 -5.5422 1.2436 20.6037 1.3981 0.2002
Pedestrian -1 -1 0.5364 785.7596 145.1869 850.7137 257.2420 1.8283 0.5606 0.9038 3.4894 1.3772 12.2898 0.8060 0.1547
Pedestrian -1 -1 0.1724 977.8840 176.5889 1035.1869 240.2514 1.7642 0.6191 1.3603 11.3421 1.8753 20.7340 0.6663 0.1196
Cyclist -1 -1 -0.0825 1099.2177 181.7086 1236.2651 306.1201 1.5453 0.5150 1.4007 7.3363 1.6711 9.6300 0.5531 0.2557
Cyclist -1 -1 -2.0970 1062.7495 156.6509 1242.0000 375.0000 1.6857 0.4127 1.7119 3.0424 1.6185 3.8759 -1.4687 0.2087
Cyclist -1 -1 0.9370 976.9216 173.9561 1033.6600 237.3757 1.7550 0.5866 1.6118 11.3378 1.7885 20.8328 1.4288 0.1927
Cyclist -1 -1 1.3305 890.3096 181.8149 987.9716 348.6213 1.7148 0.5915 1.7806 3.7343 1.8316 8.4409 1.7328 0.1652
Cyclist -1 -1 -1.5860 692.3759 166.1958 704.2927 207.8954 1.7190 0.4680 1.8384 3.7074 1.4449 30.6792 -1.4674 0.1573
Car -1 -1 1.7074 463.9892 187.6527 529.4991 243.1455 1.6024 1.6260 3.7536 -3.6847 2.1282 23.7298 1.5543 0.8941
Car -1 -1 -1.4469 643.0699 184.2272 680.3566 220.4538 1.9818 1.7228 4.1816 3.1030 2.6962 43.0802 -1.3762 0.3576
Car -1 -1 1.3684 1109.3845 186.5216 1155.1833 214.0328 1.6526 1.6610 3.9993 34.3986 2.5968 47.6565 1.9901 0.3044
Car -1 -1 -1.9916 861.5045 178.7700 1242.0000 375.0000 1.4953 1.5549 3.6893 2.3239 1.5395 3.4082 -1.4334 0.1657
Car -1 -1 0.3154 469.3820 194.4144 542.9681 224.0771 1.5267 1.6029 3.7095 -5.7463 2.7510 39.8517 0.1725 0.1533
