Pedestrian -1 -1 -1.6248 646.3970 176.1136 656.9601 207.5891 1.7489 0.5062 1.6877 2.3338 1.9388 41.1082 -1.5691 0.1773
Cyclist -1 -1 -1.6708 645.6281 176.5466 657.5696 207.6467 1.7297 0.5116 1.6736 2.3326 1.9451 41.1759 -1.6152 0.3915
Car -1 -1 1.8647 282.6200 192.5702 463.0967 329.0067 1.5842 1.5372 3.4208 -3.3185 1.9207 10.5838 1.5669 0.9025
Car -1 -1 -1.9731 821.2680 193.1956 1141.1705 375.0000 1.4436 1.5721 3.9187 3.6450 1.7260 8.0360 -1.5623 0.9024
Car -1 -1 1.6967 464.4249 168.2448 541.7825 239.7444 1.9618 1.7752 4.4796 -3.1925 1.8357 22.0490 1.5538 0.9010
Car -1 -1 -1.8223 726.6639 173.7278 862.2518 272.1170 1.5559 1.5515 3.3128 3.1464 1.5741 13.1100 -1.5928 0.8669
Car -1 -1 -1.6741 668.8162 179.5791 727.1262 226.6257 1.5210 1.6305 4.2621 3.0493 1.7844 26.0767 -1.5597 0.8129
Car -1 -1 2.0580 0.0000 206.0158 311.2035 375.0000 1.4661 1.5432 3.7257 -3.2062 1.7558 4.3505 1.4510 0.7398
Car -1 -1 1.6790 536.8322 176.6350 572.1168 204.7900 1.5979 1.6891 4.1508 -3.3395 1.8378 43.6118 1.6026 0.7354
Car -1 -1 -2.3245 999.3227 220.8519 1242.0000 375.0000 1.4524 1.6027 3.7943 3.7045 1.8188 3.5982 -1.5660 0.5725
Car -1 -1 -1.7255 650.0410 176.0331 690.8046 207.9895 1.5904 1.5951 3.6209 3.1085 1.7671 38.1431 -1.6454 0.5028
Car -1 -1 -1.8376 691.8720 180.6414 784.0839 240.7544 1.4841 1.5791 3.7542 3.4330 1.7243 20.2640 -1.6730 0.3898
