Pedestrian -1 -1 1.8504 1013.7364 161.1742 1032.9028 205.8668 1.6991 0.4867 0.6399 15.8995 1.2555 27.8269 2.3646 0.2519
Pedestrian -1 -1 0.8828 990.2087 148.3309 1043.7041 221.5180 1.7939 0.5745 1.1538 10.2569 1.1932 18.3030 1.3865 0.1977
Pedestrian -1 -1 -2.4193 441.3813 151.4632 462.7318 193.7712 1.8185 0.5377 0.7371 -6.9191 0.8994 31.4241 -2.6345 0.1328
Pedestrian -1 -1 -3.0579 1202.2804 189.6288 1242.0000 279.9375 1.7327 0.6321 0.6751 12.3046 2.0804 14.4747 -2.3643 0.1201
Pedestrian -1 -1 1.3573 880.5670 153.6676 905.7067 209.8316 1.8365 0.6122 0.8352 9.3853 1.2095 24.0501 1.7249 0.1173
Pedestrian -1 -1 -2.1195 588.8239 161.0505 605.6846 196.9803 1.7866 0.5388 0.7451 -0.6815 1.2001 36.3352 -2.1385 0.1125
Pedestrian -1 -1 2.0958 811.3555 166.9563 841.8243 230.6361 1.7411 0.5767 0.6343 6.0030 1.5802 20.1532 2.3806 0.1110
Pedestrian -1 -1 -2.1264 1173.9182 100.2223 1242.0000 216.2440 1.7783 0.6465 0.5527 9.3679 0.6654 11.3698 -1.4496 0.1074
Cyclist -1 -1 1.1926 789.0097 155.4535 825.1881 210.1379 1.7108 0.5453 1.6724 6.3363 1.1668 23.4331 1.4531 0.2122
Cyclist -1 -1 0.8183 986.5153 145.0666 1043.4662 216.5849 1.7579 0.5644 1.2426 10.2619 1.0752 18.4039 1.3199 0.1845
Cyclist -1 -1 2.3609 999.6657 174.5421 1053.2241 230.7013 1.6322 0.5553 1.3976 12.3300 1.6838 21.4469 2.8762 0.1071
Car -1 -1 -1.7803 673.6605 180.0013 775.1597 249.1052 1.5096 1.6600 4.2028 2.7188 1.7132 18.3564 -1.6365 0.9359
Car -1 -1 0.9721 881.0895 174.4595 987.1879 219.6601 1.4893 1.5463 3.8678 11.4903 1.5520 25.9604 1.3842 0.1626
Car -1 -1 -1.1648 549.2573 149.0085 606.1175 181.7756 1.7330 1.6771 4.1499 -1.7796 0.4722 40.3957 -1.2087 0.1156
