Pedestrian -1 -1 2.6567 33.1978 184.7919 56.7104 219.1549 1.7831 0.4872 0.8535 -30.0010 2.4247 38.2666 1.9950 0.2355
Pedestrian -1 -1 -0.9620 654.3883 169.1563 669.6380 199.7190 1.7801 0.4945 0.8595 3.0328 1.5651 42.5125 -0.8917 0.1549
Pedestrian -1 -1 1.6438 176.9859 180.2945 188.4009 206.8306 1.7365 0.5541 1.4351 -28.6948 2.2440 48.4096 1.1109 0.1334
Cyclist -1 -1 2.0490 170.3487 181.2735 193.3711 208.1564 1.7461 0.5380 1.8436 -28.7258 2.3219 48.3825 1.5154 0.3769
Car -1 -1 2.3055 188.4965 183.6458 288.1587 217.3432 1.4655 1.7034 4.5798 -18.1203 2.0312 35.3670 1.8348 0.7628
Car -1 -1 2.7719 318.8303 177.6035 388.3557 202.1358 1.6260 1.7127 4.2698 -17.9940 1.9732 50.6520 2.4319 0.5862
Car -1 -1 2.6650 365.9672 176.8373 439.4378 204.1967 1.6174 1.6474 4.1348 -12.9937 1.8788 45.2569 2.3866 0.4205
Car -1 -1 3.7969 0.0000 189.9250 34.4384 222.5505 1.6302 1.6550 3.8852 -32.9610 2.5509 37.9641 3.0853 0.2169
Car -1 -1 1.7522 407.1747 178.8194 454.9524 211.3987 1.5246 1.6213 4.2045 -9.0676 1.8462 36.6967 1.5112 0.2097
Car -1 -1 1.4957 487.5017 175.1382 512.0042 195.2163 1.4817 1.5756 3.9897 -8.5897 1.6656 55.8499 1.3435 0.2044
Car -1 -1 -1.9960 825.9855 164.9987 860.3308 182.9259 1.6736 1.6473 3.9636 22.3709 0.9406 69.4189 -1.6857 0.1951
Car -1 -1 1.3874 521.5527 171.2600 551.8560 191.6556 1.5312 1.6332 4.0759 -5.7863 1.4119 56.3515 1.2852 0.1743
Car -1 -1 1.7107 0.0000 191.7589 17.4200 232.3381 1.5069 1.6168 3.9567 -26.7201 2.3708 30.8524 1.0011 0.1635
