Pedestrian -1 -1 -1.3160 427.8528 163.7635 462.9439 238.4309 1.7757 0.6957 0.6179 -4.0294 1.5599 17.4763 -1.5400 0.4347
Pedestrian -1 -1 -1.3204 448.5016 169.8288 478.1655 234.9312 1.7845 0.6680 0.6620 -4.1319 1.7019 20.1224 -1.5210 0.3480
Pedestrian -1 -1 1.7525 0.0000 150.0015 107.0732 375.0000 1.8065 0.6200 0.8242 -4.5937 1.6370 5.8652 1.1096 0.3215
Pedestrian -1 -1 -1.9053 819.8944 137.5690 862.1697 222.4363 1.8373 0.7102 0.6578 5.0512 1.0738 15.9583 -1.6045 0.2742
Car -1 -1 -1.8511 749.5723 176.1996 1046.1919 375.0000 1.5716 1.6621 3.9310 2.5684 1.6165 7.5988 -1.5383 0.9478
Car -1 -1 -1.3815 338.9622 182.7134 517.3338 317.3547 1.4789 1.6281 4.2896 -2.4099 1.6512 10.4116 -1.6045 0.9386
Car -1 -1 -1.3531 437.0674 181.8254 558.1832 267.3225 1.5241 1.6576 4.2654 -2.2923 1.7445 15.5061 -1.4984 0.9187
Car -1 -1 -1.6607 673.3055 178.5798 723.1558 220.2739 1.5204 1.6096 3.9010 3.4143 1.7651 28.8208 -1.5446 0.9082
Car -1 -1 -1.7943 713.4224 181.9502 852.6328 281.5418 1.4794 1.5464 3.8368 2.8806 1.6679 12.9941 -1.5820 0.8386
Car -1 -1 -1.7002 659.9187 176.2619 698.0128 206.8741 1.6491 1.6548 4.0165 3.8667 1.8545 41.3596 -1.6081 0.6304
Car -1 -1 -1.4942 569.2521 177.3901 601.7125 204.6063 1.5077 1.6230 3.9438 -1.4393 1.7887 42.6411 -1.5282 0.4486
