Pedestrian -1 -1 -3.6199 976.9824 172.7445 1011.7880 234.1169 1.6315 0.4776 0.6823 10.2923 1.6290 19.4180 -3.1394 0.2272
Pedestrian -1 -1 0.0184 271.4883 187.6203 281.5710 209.5002 1.7745 0.6045 0.7438 -27.5286 3.0017 59.5171 -0.4134 0.2261
Pedestrian -1 -1 1.9705 775.0447 176.1724 791.0226 201.5329 1.6574 0.4753 1.5467 11.5145 1.8826 48.1167 2.2035 0.1179
Pedestrian -1 -1 0.2164 392.8831 174.4172 419.1807 229.3460 1.6092 0.4979 0.6598 -6.0975 1.6566 21.4190 -0.0583 0.1126
Cyclist -1 -1 1.9705 775.0447 176.1724 791.0226 201.5329 1.6574 0.4753 1.5467 11.5145 1.8826 48.1167 2.2035 0.2752
Car -1 -1 2.1440 76.6841 195.1298 183.9953 237.0081 1.5661 1.7450 4.4916 -20.9002 2.6125 31.6277 1.5637 0.8907
Car -1 -1 -2.4428 784.2205 141.1056 873.7222 177.1436 1.5893 1.6312 3.8726 10.1721 0.1895 33.8834 -2.1535 0.3328
Car -1 -1 1.7222 419.1663 183.5309 441.4048 200.3856 1.5283 1.5463 3.6986 -17.3637 2.5893 69.7599 1.4788 0.1928
Car -1 -1 1.0312 185.6526 199.0686 236.4856 221.0640 1.5208 1.6659 3.9010 -30.8003 3.6046 55.6416 0.5274 0.1211
Car -1 -1 1.0836 33.2557 198.6425 100.9511 226.5959 1.5003 1.6140 3.8764 -32.5081 3.0987 43.1516 0.4407 0.1104
