Pedestrian -1 -1 -3.2064 860.4982 133.7717 887.3158 186.7955 1.8486 0.6553 0.8487 9.3064 0.4864 25.5843 -2.8612 0.1886
Pedestrian -1 -1 -1.2832 203.3156 182.2412 219.2455 211.7339 1.7373 0.6996 0.5687 -23.8352 2.3027 43.0767 -1.7863 0.1597
Pedestrian -1 -1 1.2795 1188.4824 140.1553 1242.0000 258.9883 1.7060 0.5243 0.8025 9.0954 1.2369 10.8270 1.9647 0.1487
Pedestrian -1 -1 3.2888 153.5838 199.7548 199.3867 316.6067 1.5812 0.4763 0.4888 -6.1843 1.9743 10.2177 2.7555 0.1478
Pedestrian -1 -1 3.1406 0.0000 208.9382 61.4754 363.7788 1.5377 0.4152 0.5814 -6.2548 1.9387 7.6657 2.4730 0.1328
Pedestrian -1 -1 -1.5246 1054.6270 127.4847 1091.9916 216.4327 1.7730 0.6235 0.6713 9.4779 0.8690 14.8329 -0.9650 0.1164
Pedestrian -1 -1 0.9778 321.8300 185.0837 344.0749 213.2204 1.6246 0.5393 1.4066 -16.4815 2.3615 42.8263 0.6122 0.1030
Cyclist -1 -1 0.9778 321.8300 185.0837 344.0749 213.2204 1.6246 0.5393 1.4066 -16.4815 2.3615 42.8263 0.6122 0.1307
Car -1 -1 -1.6602 572.1487 160.9251 625.1833 204.8755 1.4853 1.5950 3.6527 -0.5202 1.0825 26.2840 -1.6802 0.1666
Car -1 -1 1.5779 749.9995 178.6470 771.0408 198.6034 1.4901 1.5767 3.8689 11.8994 1.9657 57.1252 1.7818 0.1292
Car -1 -1 2.0250 183.7405 173.3981 320.2313 244.5032 1.6396 1.5736 3.9045 -9.1051 1.6555 18.6213 1.5755 0.1085
