Pedestrian -1 -1 -1.5526 1093.6967 155.9924 1169.0872 325.3337 1.6601 0.6140 0.6005 5.3495 1.4951 7.4932 -0.9517 0.7320
Pedestrian -1 -1 -0.8796 781.2048 171.1672 811.2676 214.2872 1.7043 0.7366 0.9528 7.4676 1.6379 29.0935 -0.6314 0.6690
Pedestrian -1 -1 0.5830 964.8232 168.2617 1009.6676 238.2105 1.7296 0.5765 0.8302 9.5356 1.6164 18.3416 1.0553 0.3778
Pedestrian -1 -1 1.4430 1119.7949 128.9873 1178.4543 243.9064 1.8309 0.6391 1.0958 8.9848 1.1324 12.1267 2.0689 0.1507
Pedestrian -1 -1 -3.1076 755.1521 182.1784 782.6512 212.7713 1.7473 0.7196 1.5446 9.2354 2.2984 42.0743 -2.8936 0.1487
Cyclist -1 -1 -3.1268 753.8950 182.1502 784.2905 212.0465 1.7106 0.7643 1.7208 9.2721 2.2620 42.2024 -2.9126 0.3282
Cyclist -1 -1 -0.7570 781.3328 170.7870 812.1057 214.0967 1.7137 0.7671 0.9291 7.4890 1.6323 29.1085 -0.5082 0.1155
Cyclist -1 -1 0.2854 969.3990 168.4961 1013.0245 238.4431 1.7253 0.6030 0.8463 9.6215 1.6182 18.3047 0.7621 0.1024
Car -1 -1 1.5796 598.9003 180.3851 625.9310 207.3080 1.5874 1.6368 4.0527 0.1357 2.0862 45.7135 1.5820 0.4916
Car -1 -1 1.9406 415.7672 187.3925 461.0693 211.5970 1.5087 1.6689 4.0857 -11.7837 2.5532 49.6782 1.7084 0.2978
Car -1 -1 1.8464 340.5734 179.5015 432.8800 233.9868 1.4418 1.5770 4.0696 -6.6126 1.6604 21.6394 1.5527 0.2323
Car -1 -1 2.4016 0.0000 215.9591 102.4979 272.1113 1.5005 1.6635 4.0970 -19.9200 3.1076 24.7385 1.7287 0.1879
