Pedestrian -1 -1 -1.7356 727.4881 158.4432 750.4267 215.8486 1.7930 0.5562 1.0207 4.0656 1.3433 23.0463 -1.5637 0.7155
Pedestrian -1 -1 1.8688 32.0267 159.9834 226.3538 375.0000 1.6205 0.5579 1.4447 -2.9167 1.5553 4.4440 1.3142 0.1601
Pedestrian -1 -1 1.0619 443.3480 173.8147 496.8925 248.7355 1.7727 0.5809 1.6312 -3.5360 1.7980 17.9011 0.8689 0.1095
Cyclist -1 -1 1.7358 451.0743 173.4003 485.5759 250.8159 1.8223 0.5591 1.7512 -3.5385 1.8368 17.8771 1.5424 0.8833
Cyclist -1 -1 2.0114 0.0000 165.5078 241.1083 375.0000 1.6488 0.5464 1.6266 -2.9087 1.6130 4.3923 1.4530 0.7832
Cyclist -1 -1 -1.7799 722.8030 158.2575 748.4982 216.5730 1.8202 0.5866 1.1117 3.9654 1.3650 23.0863 -1.6125 0.1489
Car -1 -1 1.8651 274.0435 189.0241 421.6578 280.3852 1.5693 1.7282 4.3010 -5.4039 1.9626 15.3467 1.5312 0.9345
Car -1 -1 1.7284 474.0656 180.4013 522.9324 214.9397 1.4918 1.6558 4.1137 -5.2434 1.8707 34.1255 1.5766 0.8097
Car -1 -1 1.6385 661.8018 171.5826 689.9462 196.8576 1.5474 1.5480 3.7513 4.2153 1.4699 46.1463 1.7286 0.5112
Car -1 -1 -1.5103 645.4031 177.4292 682.0165 210.7365 1.5524 1.6118 3.7127 2.6943 1.7941 36.1099 -1.4370 0.5076
