Pedestrian -1 -1 -2.0509 0.0000 168.9196 24.2726 222.1030 1.7319 0.5811 0.6307 -19.9577 1.6042 23.8848 -2.7416 0.2825
Pedestrian -1 -1 -1.2344 821.5422 178.8751 841.8022 220.7713 1.7489 0.6552 0.6277 9.3899 2.0091 30.6921 -0.9409 0.1581
Pedestrian -1 -1 -0.5127 955.8145 140.5111 987.7483 189.8706 1.8115 0.5580 0.9013 13.3804 0.6249 26.7812 -0.0537 0.1561
Pedestrian -1 -1 1.5515 801.3762 149.1254 815.2362 189.6803 1.8081 0.5780 1.3150 8.9893 0.7505 32.8744 1.8160 0.1409
Cyclist -1 -1 1.5205 801.5297 149.5346 816.3745 188.8986 1.7503 0.5673 1.5793 9.0272 0.7138 32.9114 1.7858 0.2466
Car -1 -1 2.1924 0.0000 192.7268 135.3068 251.9723 1.4376 1.6671 4.2527 -16.1165 2.0781 21.0924 1.5459 0.8450
Car -1 -1 2.0376 181.6359 177.1285 260.7294 214.2892 1.8526 1.8078 4.7270 -20.8698 2.0976 38.9013 1.5478 0.7796
Car -1 -1 1.9416 310.8307 185.3244 364.7287 212.1924 1.4905 1.6657 4.2054 -16.5938 2.2897 44.1001 1.5833 0.6323
Car -1 -1 1.8635 353.9122 183.3319 402.3673 210.5120 1.4817 1.6351 4.0778 -13.7716 2.1357 42.9637 1.5547 0.6028
Car -1 -1 1.8394 424.7276 183.2140 459.3244 203.7254 1.5404 1.6903 4.1326 -13.5729 2.4096 58.4052 1.6117 0.5530
Car -1 -1 -2.5350 70.9905 187.2392 182.2149 224.1536 1.5735 1.6503 3.8940 -21.6157 2.2350 32.2922 -3.1213 0.2434
Car -1 -1 1.5454 399.3607 183.5964 420.4254 203.0876 1.5043 1.5904 3.9022 -16.7138 2.4306 60.0937 1.2749 0.1738
