Pedestrian -1 -1 1.6124 368.9274 143.7507 391.8807 201.5480 1.8643 0.6849 0.8604 -7.6036 0.9259 23.7754 1.3059 0.3134
Cyclist -1 -1 1.6592 364.0357 144.0909 388.8631 203.0045 1.8887 0.6909 0.9782 -7.7025 0.9670 23.6827 1.3478 0.1132
Car -1 -1 -1.9477 407.9079 205.2223 616.8047 349.0445 1.5221 1.6135 4.1891 -1.7231 2.1083 10.8441 -2.1031 0.9184
Car -1 -1 -2.2030 521.8591 201.2804 897.1102 375.0000 1.4079 1.5450 3.5298 0.5787 1.7463 6.6697 -2.1226 0.8898
Car -1 -1 -1.8433 347.0895 208.4515 476.1501 300.2180 1.4204 1.5627 3.7862 -4.2174 2.2488 14.7581 -2.1179 0.8772
Car -1 -1 -1.7467 285.3228 201.4319 375.1015 275.5030 1.5962 1.6057 3.4815 -7.4523 2.4214 18.9198 -2.1178 0.8208
Car -1 -1 1.7361 0.0000 223.6537 54.4865 335.7974 1.5015 1.5367 3.5442 -11.5244 2.5739 13.3087 1.0322 0.6801
Car -1 -1 1.6386 17.6893 204.3036 102.5961 282.0999 2.0155 1.8188 4.7374 -17.5657 3.1344 23.1792 0.9954 0.6492
Car -1 -1 -1.6609 239.0851 208.2970 292.5182 253.6061 1.5125 1.6202 4.1344 -14.2629 3.0797 29.7029 -2.1056 0.5919
Car -1 -1 2.0808 323.9187 185.9506 373.6132 209.1239 1.5087 1.5905 3.9727 -18.5850 2.4805 51.4251 1.7353 0.3004
