Pedestrian -1 -1 2.0317 238.0992 119.8741 284.3782 202.6812 1.8641 0.5736 1.0151 -8.1318 0.6718 16.7515 1.5859 0.2875
Pedestrian -1 -1 -1.2449 209.0522 135.5266 236.7603 189.6498 1.8877 0.6749 0.7023 -13.7525 0.5861 25.5637 -1.7343 0.2391
Pedestrian -1 -1 0.1109 409.9137 185.1486 432.9930 236.6803 1.6220 0.4782 0.6672 -6.0857 2.0214 23.1289 -0.1442 0.1605
Pedestrian -1 -1 -2.5062 350.0559 176.6977 375.1055 221.2291 1.7184 0.5859 0.7228 -9.7431 1.8715 28.2951 -2.8354 0.1278
Cyclist -1 -1 1.4609 431.3052 179.0896 448.4815 218.1532 1.7461 0.5968 1.6398 -7.9222 2.0426 33.3995 1.2293 0.1950
Cyclist -1 -1 -1.6231 921.9870 162.4471 971.4935 265.2716 1.6704 0.6692 1.7704 5.8276 1.5017 12.6653 -1.2014 0.1691
Cyclist -1 -1 1.9748 240.3714 117.9168 282.9772 200.8504 1.8691 0.5489 0.9772 -8.1262 0.6313 16.7579 1.5294 0.1621
Cyclist -1 -1 0.9567 918.9772 123.4087 997.8260 218.8476 1.7322 0.5497 1.5735 6.6297 0.8351 13.9157 1.3930 0.1279
Car -1 -1 1.7355 582.5445 174.4036 611.8728 194.3046 1.4857 1.6243 4.2288 -0.9855 1.6120 56.4178 1.7177 0.3390
Car -1 -1 -0.8038 420.7382 162.0204 497.5594 192.2166 1.5592 1.6280 4.2373 -8.2182 1.0002 39.4805 -1.0080 0.2149
Car -1 -1 1.2684 611.5560 178.8478 643.7426 198.0688 1.5015 1.5627 3.9169 1.4015 2.0157 59.7669 1.2913 0.1204
