Pedestrian -1 -1 1.4403 886.8482 158.6861 910.8898 214.0979 1.7132 0.6312 0.5480 9.0163 1.2755 22.6475 1.8143 0.7625
Pedestrian -1 -1 -0.2710 884.1545 135.9932 985.1655 304.2339 1.6619 0.4129 0.8600 3.2504 1.2981 7.3844 0.1284 0.3363
Pedestrian -1 -1 0.7738 437.0638 164.0291 461.8833 214.0978 1.8787 0.7459 0.5643 -6.1671 1.5479 27.5367 0.5551 0.2834
Pedestrian -1 -1 2.2186 1109.8031 108.2403 1162.1848 186.4800 1.8042 0.6152 0.8503 12.3805 0.3146 17.0564 2.8387 0.1712
Pedestrian -1 -1 1.6726 1184.3556 0.0000 1242.0000 174.6507 1.7165 0.5317 1.4375 6.2762 0.0170 7.3946 2.3585 0.1111
Cyclist -1 -1 -2.2243 1073.7882 142.7049 1173.0277 237.3416 1.8097 0.6153 1.8879 10.3847 1.2335 14.7529 -1.6206 0.9180
Cyclist -1 -1 1.4020 1179.7993 0.0000 1242.0000 176.4060 1.7352 0.5156 1.4916 6.2601 0.0330 7.3995 2.0863 0.2016
Cyclist -1 -1 1.7445 731.8748 149.6998 752.6068 189.4900 1.7851 0.6652 1.6782 6.0683 0.7467 33.2704 1.9231 0.1547
Cyclist -1 -1 1.5941 496.2573 178.2857 507.1614 208.9612 1.6670 0.5672 1.5835 -6.0807 1.9771 40.3191 1.4449 0.1505
Cyclist -1 -1 1.8163 502.1601 166.7427 517.7748 197.6237 1.7964 0.5411 1.6205 -5.9601 1.4413 42.8051 1.6784 0.1436
Cyclist -1 -1 0.4814 157.0532 164.0993 231.2081 230.1890 1.7521 0.5593 1.6624 -11.2360 1.5204 19.4362 -0.0371 0.1424
Car -1 -1 1.7845 370.0603 182.3894 547.1550 313.8658 1.5642 1.7232 4.1690 -2.1078 1.7378 10.9948 1.5983 0.9498
Car -1 -1 1.3698 755.6390 164.1477 809.7477 201.8825 1.6367 1.6211 4.1188 7.8708 1.2594 33.3737 1.5991 0.1453
