Pedestrian -1 -1 1.4975 416.3950 131.8452 436.4260 187.1123 1.7542 0.5354 1.3943 -6.0705 0.4529 23.6452 1.2488 0.1398
Cyclist -1 -1 1.6192 416.4703 131.2829 435.2491 187.0793 1.7683 0.5219 1.5502 -6.0778 0.4512 23.6759 1.3705 0.3999
Car -1 -1 1.8671 235.1483 167.8152 461.0622 331.9202 1.7760 1.6599 4.1906 -3.3239 1.7218 9.9172 1.5508 0.9202
Car -1 -1 1.7610 447.8993 180.0025 539.3807 249.0422 1.5928 1.6474 3.9967 -3.0024 1.8024 19.0897 1.6063 0.9083
Car -1 -1 -1.7973 716.8873 181.8419 813.1531 245.9408 1.4332 1.5753 3.7460 3.8152 1.6883 18.5552 -1.5985 0.9033
Car -1 -1 -1.8216 685.6731 166.7412 767.8140 229.8343 1.9716 1.7095 4.4220 3.8527 1.7809 24.8296 -1.6702 0.8733
Car -1 -1 2.1447 0.0000 200.1842 352.0516 375.0000 1.4280 1.5481 3.7915 -3.5632 1.7140 5.6183 1.6000 0.8248
Car -1 -1 1.7019 490.6569 175.4998 552.7925 230.0876 1.6624 1.5845 3.6236 -2.9002 1.7573 23.9678 1.5821 0.8066
Car -1 -1 1.6012 544.0035 178.4143 568.2238 201.2367 1.5208 1.5924 3.9443 -3.8086 1.9302 51.0618 1.5267 0.3819
Car -1 -1 1.6248 545.0704 184.5387 586.3442 222.1515 1.4605 1.5735 3.9168 -1.9000 1.9980 31.1993 1.5638 0.2396
