Pedestrian -1 -1 -0.5084 552.2355 175.0386 583.1303 234.2896 1.7803 0.6382 0.7291 -1.3487 1.8493 22.1771 -0.5692 0.1823
Pedestrian -1 -1 -0.2603 329.6228 157.7639 405.9355 336.6729 1.7788 0.6691 0.6136 -2.6198 1.6291 7.6193 -0.5821 0.1371
Pedestrian -1 -1 -0.7587 737.8884 166.4054 753.4047 194.3718 1.8067 0.5565 0.8438 8.8189 1.3904 47.0727 -0.5750 0.1123
Cyclist -1 -1 -1.8317 874.5315 145.1329 900.5911 193.1101 1.8066 0.5080 1.7273 10.7334 0.7631 28.0520 -1.4699 0.1387
Car -1 -1 -1.8784 807.5466 181.2127 1040.6281 315.0498 1.4376 1.6445 4.2831 4.0373 1.5815 10.2062 -1.5125 0.8899
Car -1 -1 -1.7168 786.3621 161.8988 904.2780 259.4365 1.7941 1.7149 4.3880 4.8396 1.5930 15.5664 -1.4215 0.8522
Car -1 -1 -2.1133 919.2892 187.0273 1242.0000 375.0000 1.3971 1.5394 3.7797 3.5580 1.5324 4.9398 -1.5179 0.7661
Car -1 -1 -1.3620 796.4584 134.5737 854.0928 178.1830 2.1520 1.9226 5.1102 11.4650 0.2633 38.3075 -1.0733 0.2969
Car -1 -1 1.7032 781.0067 169.4830 841.6688 215.3123 1.4847 1.5735 3.9037 7.1278 1.3758 25.4758 1.9726 0.1401
Car -1 -1 -1.8099 882.7629 141.2552 963.1982 201.8553 2.0694 1.7375 4.3334 11.5053 0.9907 26.9140 -1.4101 0.1136
