Pedestrian -1 -1 0.7339 71.8340 166.7603 170.1988 327.7440 1.7165 0.6787 0.6140 -5.5075 1.6519 8.0721 0.1500 0.8429
Pedestrian -1 -1 1.6599 750.9998 163.6704 799.5592 280.1340 1.5805 0.6238 0.5802 2.2803 1.4562 10.1590 1.8734 0.8282
Pedestrian -1 -1 -0.1048 798.7212 134.8996 857.3469 292.8365 1.7239 0.6415 0.5661 2.4203 1.3100 8.2372 0.1705 0.7152
Pedestrian -1 -1 -1.3811 176.5488 181.0333 198.9741 228.1877 1.6853 0.5676 0.7941 -15.4966 1.9905 26.4163 -1.9075 0.6082
Pedestrian -1 -1 0.4029 804.9700 145.3332 895.6507 276.3759 1.6021 0.6058 0.9585 3.0591 1.2660 9.3603 0.7088 0.4799
Pedestrian -1 -1 -1.6649 699.7590 167.4527 712.8672 200.6626 1.8839 0.6911 0.5621 5.4653 1.5778 41.2206 -1.5344 0.3604
Cyclist -1 -1 -2.7802 822.2739 129.2521 1039.1429 351.0294 1.7904 0.5614 1.7288 2.8286 1.4387 6.6160 -2.3932 0.6527
Cyclist -1 -1 1.5529 823.7485 147.6232 877.3064 277.8856 1.5705 0.6167 1.1135 3.0298 1.2667 9.3178 1.8573 0.3110
Car -1 -1 2.1862 0.0000 200.9997 200.1904 303.8718 1.4740 1.5923 4.1528 -9.7267 2.0841 13.5506 1.5727 0.8864
Car -1 -1 1.8246 391.1252 183.2576 445.0280 214.7404 1.4220 1.6298 4.0282 -9.5225 1.9697 35.9381 1.5670 0.7665
Car -1 -1 -1.5299 601.0181 174.9076 627.9949 199.3137 1.4934 1.5826 3.9307 0.2949 1.6317 46.4837 -1.5241 0.4472
Car -1 -1 2.0064 87.4529 190.9227 143.2351 215.2448 1.4962 1.6181 4.0077 -33.9712 2.7922 49.6257 1.4084 0.2769
