Pedestrian -1 -1 -2.5147 1031.2612 142.5821 1242.0000 375.0000 1.7015 0.6773 0.7209 2.6184 1.5697 3.6018 -1.9251 0.2534
Pedestrian -1 -1 -2.8582 933.9603 166.5347 955.1280 207.8617 1.7805 0.6011 0.7013 14.5841 1.5086 31.5395 -2.4290 0.1413
Pedestrian -1 -1 -2.9240 531.7324 183.8789 566.9420 254.3466 1.6938 0.5518 0.7640 -1.5374 1.9706 17.7655 -3.0101 0.1370
Pedestrian -1 -1 0.6369 418.5216 188.0951 482.5330 302.1132 1.7096 0.6007 0.7807 -2.5602 1.9592 11.3648 0.4191 0.1145
Pedestrian -1 -1 0.4042 1149.2528 154.4028 1242.0000 256.6887 1.6652 0.5527 1.3373 10.1672 1.3652 12.4634 1.0766 0.1120
Pedestrian -1 -1 -2.4899 557.9845 142.5703 582.8152 193.7233 1.8028 0.6557 0.6185 -1.4624 0.7359 25.8715 -2.5461 0.1111
Pedestrian -1 -1 -1.2441 0.0000 112.9804 92.8191 375.0000 1.7302 0.5069 0.7460 -3.8166 1.3811 4.6437 -1.9045 0.1096
Cyclist -1 -1 0.8102 1147.4825 156.3487 1242.0000 260.9122 1.6732 0.5349 1.7087 10.1576 1.4094 12.4175 1.4838 0.3445
Cyclist -1 -1 -3.0111 706.6534 170.3161 740.3497 204.4743 1.7539 0.5966 1.6708 5.8740 1.6239 37.5657 -2.8577 0.1078
Car -1 -1 -1.6976 875.5493 181.0702 958.9454 240.8435 1.4750 1.6208 4.2537 8.6330 1.7368 20.6892 -1.3081 0.8982
Car -1 -1 -2.4363 345.7721 180.9954 549.9968 273.2740 1.5521 1.6099 3.6985 -3.2139 1.7280 13.9817 -2.6590 0.7257
Car -1 -1 -1.6741 849.9916 168.7118 895.8824 210.3923 1.9860 1.7298 4.3194 13.2571 1.7890 36.6805 -1.3303 0.6841
