Pedestrian -1 -1 0.9638 628.2288 176.0882 646.5231 201.9835 1.7202 0.5489 1.3760 1.8176 1.9428 48.8377 1.0003 0.1595
Pedestrian -1 -1 0.9173 995.8051 158.2459 1019.9897 198.7332 1.8845 0.6529 0.7876 18.7176 1.2049 34.0205 1.4164 0.1518
Pedestrian -1 -1 -0.8301 859.3568 134.8262 902.4720 214.2806 1.8316 0.6568 0.6989 6.3620 0.9554 17.0833 -0.4795 0.1483
Pedestrian -1 -1 -1.5870 792.2011 131.1188 813.5266 186.8036 1.8240 0.6729 0.5456 6.3593 0.4573 23.9766 -1.3308 0.1444
Pedestrian -1 -1 -1.7755 975.5801 138.1539 1018.5253 226.6889 1.8352 0.6522 0.8012 8.2129 1.1163 15.4278 -1.2945 0.1172
Pedestrian -1 -1 -0.1159 876.5752 170.0438 972.9334 259.7617 1.7323 0.8467 1.6879 6.2633 1.6784 14.5701 0.2819 0.1131
Pedestrian -1 -1 -2.3959 844.3737 145.5016 872.7946 197.6084 1.7694 0.6467 0.6675 8.5482 0.8410 24.9467 -2.0696 0.1092
Cyclist -1 -1 1.2481 629.0958 177.1133 644.9312 203.3461 1.7315 0.5407 1.7506 1.7901 2.0255 48.8356 1.2840 0.4164
Cyclist -1 -1 2.4727 883.0872 173.4999 985.0443 259.6977 1.6683 0.8306 1.7488 6.4936 1.6823 14.5967 2.8830 0.1980
Car -1 -1 -1.7287 572.1603 182.6642 606.9421 209.6468 1.6074 1.6194 4.0791 -1.3996 2.2721 46.7021 -1.7590 0.5930
Car -1 -1 -0.9964 865.5099 174.2246 1027.5938 254.8366 1.5379 1.5549 3.3977 7.1567 1.5704 15.3861 -0.5690 0.1858
Car -1 -1 1.6892 655.6210 175.7191 683.6385 201.6350 1.9515 1.7241 4.2522 4.7298 2.1874 57.0823 1.7709 0.1550
Car -1 -1 -1.1878 782.4995 168.7590 809.8165 186.7610 1.6957 1.5252 3.0572 17.9666 1.3103 69.6447 -0.9366 0.1456
Car -1 -1 1.7464 396.9389 191.5340 455.2451 233.6212 1.4218 1.5474 3.8174 -7.1190 2.1997 28.0707 1.4997 0.1105
