Car -1 -1 -1.3159 349.1541 184.6082 460.9009 251.4990 1.4207 1.5938 4.0226 -4.7649 1.4090 17.2841 -1.5813 0.9339
Car -1 -1 -1.4064 451.3029 180.7114 510.6587 220.8438 1.3848 1.5656 3.7918 -4.6705 1.2305 26.7032 -1.5782 0.9067
Car -1 -1 -1.0748 0.0000 193.4757 343.2122 376.0000 1.4367 1.5676 3.6292 -4.2758 1.5455 7.5464 -1.5753 0.8944
Car -1 -1 -1.2448 303.4092 181.2757 389.9466 226.9406 1.4226 1.5922 3.8360 -8.7595 1.3010 24.3221 -1.5872 0.7994
Car -1 -1 -1.1111 131.5743 177.9411 293.2925 254.0152 1.4599 1.5737 3.7006 -8.4529 1.3214 15.6631 -1.5990 0.7607
Car -1 -1 -1.1358 211.6975 177.1750 309.9604 222.3427 1.4784 1.5796 4.0213 -12.2307 1.2163 25.5419 -1.5785 0.6636
Car -1 -1 -1.5724 576.5985 175.9781 610.9764 208.7119 1.5694 1.6488 3.9990 -0.7472 1.1276 36.4779 -1.5931 0.5083
Car -1 -1 -0.8595 0.0000 169.6884 67.0806 278.4975 1.6852 1.6283 3.8779 -12.1329 1.4459 13.0892 -1.5968 0.4821
Car -1 -1 2.1073 21.6085 178.7036 129.5068 218.9375 1.5341 1.6534 4.1657 -21.7604 1.2869 29.5570 1.4768 0.4641
Car -1 -1 -1.4395 465.2933 175.9684 509.2206 208.9528 1.5056 1.5919 3.9445 -5.8066 1.0846 34.8054 -1.6039 0.3878
Car -1 -1 1.2912 617.3141 180.2285 664.4725 207.3552 1.5276 1.6403 4.4038 1.8833 1.2479 42.8112 1.3344 0.2829
