Pedestrian -1 -1 0.5404 1089.1425 132.1859 1238.0000 374.0000 1.7296 0.7428 0.6102 3.8628 1.4203 4.9484 1.1723 0.8117
Pedestrian -1 -1 1.5278 512.3774 160.1662 531.6117 209.4993 1.9537 0.7228 1.0192 -3.2315 1.1099 29.0059 1.4128 0.7155
Pedestrian -1 -1 2.7437 169.0035 139.3380 223.3912 251.5238 1.7362 0.6004 0.5729 -6.5444 1.0850 11.5248 2.2317 0.7085
Pedestrian -1 -1 1.1209 770.3046 150.1695 820.9935 252.0504 1.7361 0.6703 0.5755 3.3547 1.2035 12.5867 1.3708 0.5852
Pedestrian -1 -1 1.3132 101.4761 145.0979 160.2311 260.8375 1.7326 0.6559 0.5144 -7.3575 1.1890 11.1665 0.7360 0.2701
Pedestrian -1 -1 -1.1708 530.6251 163.1702 550.8887 204.0264 1.8968 0.6786 0.8471 -2.8661 1.0467 33.8535 -1.2597 0.2279
Pedestrian -1 -1 -1.4380 462.9702 173.6769 480.6468 215.8076 1.8383 0.7019 0.5519 -5.7191 1.4979 31.6340 -1.6206 0.2177
Pedestrian -1 -1 0.9176 203.0868 146.4714 253.1451 233.6501 1.8154 0.6361 0.7366 -8.0377 1.0872 15.4003 0.4383 0.2015
Pedestrian -1 -1 2.0420 614.8690 162.3551 630.7894 193.6226 1.8758 0.6259 0.9087 1.3064 0.7280 43.6411 2.0668 0.1755
Car -1 -1 1.6555 494.6019 175.2094 588.2039 252.0398 1.4692 1.7042 4.2310 -1.2241 1.3502 15.8525 1.5743 0.8830
Car -1 -1 -1.6909 630.1058 133.2998 708.7751 215.6352 2.2701 1.8025 4.7263 1.9470 0.9423 22.1989 -1.6095 0.4349
Car -1 -1 1.6114 483.7861 170.7714 517.4301 202.3784 1.5600 1.5994 3.8247 -5.2136 1.0314 37.4349 1.4690 0.2069
Car -1 -1 1.6372 1158.0067 144.5250 1238.0000 333.7101 1.5112 1.6136 4.0422 7.3089 1.2173 7.7204 2.3731 0.1857
Car -1 -1 0.7990 1024.8464 162.0661 1238.0000 242.0564 1.4806 1.5779 3.9322 11.1768 1.1221 15.3584 1.4149 0.1816
