Pedestrian -1 -1 -2.5619 235.6826 141.9034 321.4268 291.2823 1.6470 0.4280 0.7826 -3.8254 1.3061 8.2251 -2.9856 0.2070
Pedestrian -1 -1 0.8091 143.5390 141.7672 223.4088 280.1613 1.6539 0.4517 0.7648 -5.3371 1.2828 8.9442 0.2838 0.1776
Pedestrian -1 -1 1.3222 184.2563 113.1520 252.3043 238.8062 1.6837 0.5013 1.5599 -5.7259 0.8841 10.4104 0.8299 0.1384
Pedestrian -1 -1 1.8762 86.2358 122.1263 130.2370 192.7413 1.7286 0.5239 1.3824 -12.8215 0.4872 18.3970 1.2743 0.1312
Pedestrian -1 -1 -2.5715 405.3467 167.2490 463.0540 288.5987 1.7093 0.6283 0.5714 -2.6166 1.6307 10.5507 -2.8097 0.1268
Pedestrian -1 -1 -2.4081 372.5887 148.5169 428.6394 252.7797 1.7463 0.5974 0.7183 -3.6784 1.3390 12.5079 -2.6890 0.1227
Cyclist -1 -1 2.0846 78.5975 121.4473 138.1319 193.2246 1.7475 0.4838 1.6681 -12.8185 0.4963 18.4156 1.4832 0.5291
Cyclist -1 -1 1.1483 175.6108 116.6771 265.0555 239.2805 1.6518 0.5078 1.6601 -5.7051 0.8953 10.4270 0.6582 0.2703
Car -1 -1 2.0296 1006.2809 166.9781 1242.0000 298.4855 1.5478 1.6189 3.8314 7.4661 1.4790 10.1057 2.6515 0.8569
Car -1 -1 -0.8472 748.2227 166.9312 1069.9161 323.9807 1.5011 1.5814 3.4682 3.4405 1.4449 8.3855 -0.4710 0.8469
