Pedestrian -1 -1 -2.0181 813.8513 144.2649 887.2609 263.8004 1.7585 0.6922 1.0103 3.7875 1.2121 11.1112 -1.7021 0.9031
Pedestrian -1 -1 1.7104 526.4584 159.9832 559.8467 234.6412 1.7988 0.7032 0.9687 -1.4680 1.2815 17.8067 1.6240 0.7578
Pedestrian -1 -1 -0.9049 563.8444 162.4488 616.4930 243.0903 1.6460 0.6516 0.9851 -0.2695 1.2584 15.2495 -0.9276 0.6904
Pedestrian -1 -1 1.7988 276.4106 156.6960 378.0250 364.4261 1.7244 0.6357 1.0657 -2.5039 1.5199 6.5304 1.4395 0.6833
Pedestrian -1 -1 0.5475 442.7700 156.7296 480.4442 240.4633 1.7366 0.6069 0.5529 -3.0065 1.2241 15.2755 0.3511 0.6604
Pedestrian -1 -1 1.5099 562.1277 161.8490 583.4187 210.2192 1.8576 0.7634 1.0638 -1.1494 1.1039 28.1535 1.4644 0.6588
Pedestrian -1 -1 1.5849 720.5848 148.6998 750.1304 228.8461 1.8094 0.6581 0.9421 3.0859 1.0701 16.7392 1.7592 0.6098
Pedestrian -1 -1 -1.5005 1150.2900 143.2907 1238.0000 374.0000 1.6718 0.5743 1.0984 4.7871 1.3973 5.7853 -0.8368 0.5755
Pedestrian -1 -1 -1.4761 596.1038 161.5076 616.3929 208.6381 1.7790 0.7107 0.8004 0.1701 1.0254 27.5436 -1.4750 0.4536
Pedestrian -1 -1 -1.3871 592.9108 160.2035 607.0790 193.7087 1.8769 0.6437 0.9665 -0.0780 0.6847 40.7694 -1.3939 0.3692
Cyclist -1 -1 1.5689 548.2917 159.7249 565.8942 218.5137 1.7645 0.5278 1.8423 -1.4241 1.1121 22.4953 1.5013 0.6939
Cyclist -1 -1 -1.5933 1153.6436 136.3747 1238.0000 374.0000 1.7093 0.5501 1.3428 4.7789 1.3897 5.8095 -0.9323 0.4379
Cyclist -1 -1 1.7996 278.7113 154.8617 383.6191 359.3922 1.7123 0.6535 1.1764 -2.5021 1.4907 6.6356 1.4456 0.3011
Cyclist -1 -1 -0.9412 560.2136 162.8318 613.5831 244.3327 1.6599 0.6650 1.0155 -0.3374 1.2809 15.2339 -0.9684 0.1538
