Pedestrian -1 -1 2.8450 509.3362 173.2178 551.5068 239.0186 1.8016 0.7690 0.9968 -2.0335 1.5760 20.2134 2.7406 0.8323
Pedestrian -1 -1 1.8181 276.8885 166.4285 380.1402 374.0000 1.7093 0.6967 0.6157 -2.3638 1.5889 6.1505 1.4586 0.4633
Pedestrian -1 -1 1.2923 703.3607 153.1318 743.9355 234.6012 1.8147 0.7336 0.7358 2.7470 1.1840 16.4075 1.4504 0.2473
Pedestrian -1 -1 2.2187 723.1872 157.8490 764.9740 236.6128 1.8102 0.6444 0.7600 3.3420 1.2679 17.0010 2.4046 0.2455
Pedestrian -1 -1 0.7509 810.6063 177.4974 957.3222 346.3849 1.4893 0.5391 1.3056 2.6720 1.4554 7.0356 1.0958 0.1751
Pedestrian -1 -1 -1.6395 891.7480 195.3781 968.8953 374.0000 1.5987 0.5148 0.6468 2.6400 1.7221 5.9209 -1.2425 0.1430
Pedestrian -1 -1 2.7268 771.5500 150.7260 839.8298 221.1060 1.7465 0.5909 1.5619 5.1429 0.9840 18.2307 2.9929 0.1178
Cyclist -1 -1 1.2812 782.1800 151.4104 829.5960 226.3422 1.7926 0.5963 1.9564 5.1063 1.0740 18.1676 1.5463 0.6162
Cyclist -1 -1 1.0753 817.9786 187.9516 948.7385 354.7228 1.4543 0.5390 1.4566 2.6689 1.5261 7.0811 1.4177 0.5889
Cyclist -1 -1 3.0898 406.6886 188.2720 503.8553 280.6922 1.6446 0.6786 1.7378 -2.7746 1.7775 13.4099 2.8838 0.2241
Cyclist -1 -1 1.2069 829.6495 151.3101 894.6965 243.4607 1.7026 0.5391 1.9102 5.0851 1.1460 14.2323 1.5390 0.1900
Car -1 -1 0.6256 898.6733 248.8177 1238.0000 374.0000 1.4880 1.5544 3.6632 3.0958 1.9718 3.1872 1.3499 0.1526
Car -1 -1 1.0647 814.8397 181.1146 955.7862 356.2912 1.5082 0.5216 1.6212 2.6531 1.5063 7.0243 1.4078 0.1082
