Pedestrian -1 -1 1.3277 354.0358 145.3738 372.7287 189.0356 1.8368 0.5931 0.7506 -10.5804 0.6811 30.8267 0.9996 0.4750
Pedestrian -1 -1 -1.1346 697.0411 168.2283 714.5051 203.0480 1.7932 0.7112 0.6117 4.9557 1.5553 37.6044 -1.0050 0.2833
Pedestrian -1 -1 -1.0051 768.3452 179.6172 793.0093 227.9317 1.7574 0.6410 0.6575 6.3039 2.0136 26.8304 -0.7775 0.2755
Pedestrian -1 -1 1.3103 134.5302 185.9222 270.3734 375.0000 1.6079 0.5395 1.4087 -3.1007 1.7174 5.3333 0.8041 0.1215
Cyclist -1 -1 2.0472 72.9325 186.5837 283.4852 375.0000 1.6408 0.5335 1.7856 -3.1101 1.7596 5.3194 1.5387 0.8210
Car -1 -1 -1.7889 651.6460 178.8055 751.5441 242.7336 1.4052 1.6152 4.1793 2.1523 1.5754 18.4225 -1.6753 0.9233
Car -1 -1 0.4213 284.3018 178.1234 436.3705 235.3483 1.5384 1.6174 3.7630 -7.0937 1.6960 20.5541 0.0925 0.7888
Car -1 -1 0.5331 85.0555 182.6384 358.3276 272.3571 1.4590 1.6141 4.0325 -6.8316 1.6459 12.8412 0.0523 0.7881
Car -1 -1 -2.6580 207.0417 184.6659 412.5527 257.2195 1.4249 1.5732 3.7666 -6.3926 1.6939 15.4465 -3.0449 0.7799
Car -1 -1 0.7428 1089.2688 86.4792 1242.0000 375.0000 1.7550 1.6665 4.0989 4.7720 1.5242 3.9862 1.5814 0.4417
Car -1 -1 -1.6543 632.2990 173.1943 673.8482 207.0473 1.4923 1.6081 3.8900 1.9239 1.5095 33.8093 -1.5985 0.4396
Car -1 -1 -2.8161 390.6143 178.7307 496.4747 217.2598 1.5265 1.6221 3.9642 -6.8947 1.7786 29.8971 -3.0413 0.3871
Car -1 -1 -1.6701 627.9979 170.9540 664.6571 201.0163 1.5335 1.5895 3.7314 1.8665 1.4369 38.7074 -1.6227 0.3793
Car -1 -1 3.3036 414.4103 170.9819 498.0039 201.0289 1.4914 1.5972 3.9527 -7.8092 1.3989 36.7013 3.0951 0.3411
