Car -1 -1 -1.9405 732.3095 154.1965 976.6077 321.2013 1.9192 1.7234 4.5383 3.1775 1.7051 10.6249 -1.6587 0.9325
Car -1 -1 1.7289 370.6504 192.2213 473.3474 271.0988 1.4758 1.6242 4.3011 -4.2696 1.9866 16.7980 1.4829 0.8912
Car -1 -1 2.1772 0.0000 193.9962 332.5294 375.0000 1.4840 1.5921 3.7992 -3.5043 1.6851 4.9388 1.5845 0.8542
Car -1 -1 1.8653 224.3364 179.0952 431.6982 343.4636 1.7528 1.5455 3.5344 -3.5606 1.8522 9.6336 1.5192 0.8443
Car -1 -1 1.7497 477.9943 184.0033 526.2598 222.7788 1.8016 1.7152 4.2143 -5.4822 2.4049 36.8816 1.6026 0.7893
Car -1 -1 -2.2166 890.5471 185.7158 1242.0000 375.0000 1.5541 1.5588 3.7602 3.3245 1.6707 4.6032 -1.6222 0.7716
Car -1 -1 1.7014 457.8075 179.9450 490.7626 203.6070 1.5224 1.6872 4.3765 -9.3816 2.0360 49.9900 1.5164 0.3489
Car -1 -1 -2.3584 467.5653 187.6267 536.3410 214.5492 1.4910 1.6431 4.2083 -6.6438 2.4305 43.9582 -2.5080 0.2864
Car -1 -1 -1.5416 610.8427 181.4588 630.9407 200.7063 1.5669 1.6317 3.9474 0.9494 2.3371 62.5391 -1.5270 0.2597
Car -1 -1 1.7135 526.4066 185.5215 553.7563 206.1370 1.4750 1.5749 3.9286 -5.4231 2.4949 56.0748 1.6170 0.2132
