Car -1 -1 -1.8944 744.7126 190.1769 997.8282 357.8180 1.4802 1.5911 3.7642 2.7575 1.7344 8.6642 -1.5975 0.9437
Car -1 -1 -1.7091 670.9363 175.4419 753.1535 247.8733 1.7528 1.6437 3.8899 2.6069 1.8303 19.5493 -1.5795 0.9038
Car -1 -1 -2.6386 74.5809 164.3866 372.8075 273.0380 1.6783 1.7209 4.0794 -6.3438 1.5479 12.0586 -3.1142 0.8638
Car -1 -1 -1.6681 657.2021 181.3794 716.4327 229.7173 1.5257 1.6559 4.2840 2.6011 1.8547 25.6702 -1.5691 0.8150
Car -1 -1 -1.7416 639.5075 176.2605 686.7690 216.0741 1.7972 1.6470 3.7535 2.4700 1.9714 34.8525 -1.6721 0.6623
Car -1 -1 -2.7761 242.8414 188.2305 436.3223 257.3324 1.5147 1.6382 3.9545 -6.3296 1.8962 17.0371 -3.1273 0.6598
Car -1 -1 -1.4502 385.6334 175.6338 461.8083 236.1968 1.5593 1.6329 4.1643 -5.3401 1.6488 20.9427 -1.6974 0.6228
Car -1 -1 0.9135 0.0000 189.6042 230.9746 371.3633 1.5222 1.5985 3.7475 -6.1736 1.7249 7.4894 0.2413 0.6060
Car -1 -1 0.2017 478.5994 180.8145 548.4690 206.2729 1.5679 1.6521 4.1702 -6.1501 2.0865 46.0072 0.0691 0.5434
Car -1 -1 0.5734 179.9751 189.9802 401.3906 272.1015 1.4958 1.6012 3.8877 -6.4891 1.8717 14.7090 0.1640 0.3483
Car -1 -1 -1.5704 635.9734 181.1988 660.5534 205.1847 1.5057 1.5897 3.9397 2.5483 2.0925 48.6973 -1.5190 0.3478
