Pedestrian -1 -1 -2.5561 899.4058 136.4451 944.1827 207.9176 1.7698 0.5446 0.8953 7.8915 0.8686 18.3879 -2.1567 0.4559
Car -1 -1 2.0888 34.1641 200.3795 312.7676 345.9974 1.5600 1.6297 3.9498 -6.0015 2.0349 10.4568 1.5782 0.9055
Car -1 -1 -1.9230 833.4490 179.1613 1238.0182 375.0000 1.4360 1.5578 3.6263 3.0461 1.5065 6.1456 -1.4828 0.8798
Car -1 -1 1.7904 445.5437 187.4435 499.9666 222.9538 1.4544 1.6304 3.9752 -6.2846 2.1672 33.2178 1.6043 0.8560
Car -1 -1 -1.7339 643.9249 176.0972 687.1028 208.8895 1.5665 1.6080 3.6375 2.7361 1.7404 36.7226 -1.6607 0.7157
Car -1 -1 1.8354 470.2090 185.3857 517.1708 215.8754 1.4810 1.5721 3.6551 -6.1875 2.1832 38.5067 1.6766 0.5811
Car -1 -1 -1.1113 197.9811 196.6609 261.6888 227.2302 1.4816 1.5879 3.7980 -20.9582 2.8607 39.8682 -1.5929 0.5346
Car -1 -1 2.0228 248.2142 192.0439 314.5870 223.4598 1.5400 1.6703 4.2314 -18.2102 2.6642 40.1169 1.5988 0.4934
Car -1 -1 -1.0322 159.5784 197.7429 228.8935 227.5619 1.4685 1.6053 3.9223 -23.4561 2.9447 40.8057 -1.5514 0.3392
Car -1 -1 1.7361 510.2649 186.7103 542.3442 210.2098 1.5043 1.6027 3.9817 -5.8561 2.5155 50.6061 1.6210 0.2426
Car -1 -1 2.2697 532.5378 182.4021 574.5601 201.1547 1.5356 1.5630 3.8417 -4.9300 2.3983 63.1517 2.1916 0.2263
