Pedestrian -1 -1 1.8168 529.8185 160.0522 592.3404 279.6601 1.8158 0.7819 1.0056 -0.6691 1.4915 11.4684 1.7541 0.9300
Pedestrian -1 -1 -2.1986 886.4885 128.6593 1063.4987 374.0000 1.7264 0.6055 1.0039 2.5092 1.3983 5.0264 -1.7619 0.8815
Pedestrian -1 -1 3.0413 555.8242 158.3466 605.6648 246.0891 1.8155 0.6944 0.9893 -0.4871 1.3376 15.2718 3.0045 0.8067
Pedestrian -1 -1 -1.5467 757.2292 155.2897 775.1241 202.5884 1.8113 0.6667 0.8813 6.4105 0.8086 28.0135 -1.3287 0.6026
Pedestrian -1 -1 1.9426 0.0000 137.1361 102.3481 302.1670 1.8247 0.7258 1.0175 -6.5926 1.3355 8.5285 1.2938 0.5857
Pedestrian -1 -1 2.9305 566.1512 155.7674 610.5509 238.1244 1.8144 0.6354 0.8862 -0.3382 1.2487 16.2358 2.9047 0.5332
Pedestrian -1 -1 1.1035 880.4405 165.1298 936.6119 269.1473 1.5736 0.4983 0.7921 4.7651 1.3272 11.2794 1.4895 0.5096
Pedestrian -1 -1 -0.8608 904.3060 130.1053 942.8412 193.6216 1.8181 0.5580 0.9345 9.3940 0.3481 21.0130 -0.4499 0.3647
Pedestrian -1 -1 0.3826 696.3558 153.9490 722.7775 198.8601 1.7974 0.5415 0.9287 4.3806 0.6958 29.2127 0.5252 0.3643
Cyclist -1 -1 1.7212 0.0000 193.7773 48.2830 309.5560 1.5593 0.5141 1.6319 -8.7246 1.7575 10.6829 1.0427 0.4354
Cyclist -1 -1 1.1426 881.0394 165.1862 938.2868 272.2450 1.6109 0.5082 0.8426 4.7632 1.3667 11.2375 1.5298 0.2362
Cyclist -1 -1 0.3826 696.3558 153.9490 722.7775 198.8601 1.7974 0.5415 0.9287 4.3806 0.6958 29.2127 0.5252 0.1647
Cyclist -1 -1 -2.2247 866.3718 130.4279 1053.2559 374.0000 1.7383 0.6397 1.0755 2.4225 1.4212 5.0750 -1.8050 0.1432
Car -1 -1 1.9387 347.6841 137.3030 551.6584 287.3855 2.0577 1.7852 4.7110 -2.3392 1.4530 12.3224 1.7494 0.8823
Car -1 -1 1.7853 495.2352 157.2236 591.4538 231.1686 1.7002 1.6452 4.1845 -1.4134 1.1432 18.6978 1.7057 0.6358
