Pedestrian -1 -1 2.6705 564.8190 175.6471 581.2498 204.7534 1.8636 0.6431 0.8663 -2.4290 2.0470 46.7854 2.6184 0.2296
Pedestrian -1 -1 3.5076 0.0000 135.9289 93.0960 375.0000 1.7782 0.5815 0.6441 -4.5738 1.5099 5.6193 2.8472 0.2048
Pedestrian -1 -1 1.3927 900.1301 194.1987 926.3835 261.0015 1.6725 0.5007 0.7309 7.8186 2.2392 18.7330 1.7814 0.1559
Pedestrian -1 -1 1.3882 239.4066 133.8471 294.0829 271.5032 1.7578 0.5279 0.8146 -4.6745 1.2601 9.6957 0.9492 0.1510
Pedestrian -1 -1 2.3066 503.4009 180.5708 539.7820 232.5292 1.7219 0.6884 1.0857 -3.0703 1.9937 24.7411 2.1837 0.1155
Cyclist -1 -1 -1.2835 507.6930 181.8072 538.5370 232.7072 1.6765 0.6471 1.5401 -3.0237 1.9955 24.8616 -1.4040 0.1548
Cyclist -1 -1 1.4106 962.9146 123.6054 1051.3564 303.7608 1.7053 0.5465 1.5171 4.0982 1.2395 7.6331 1.8869 0.1256
Cyclist -1 -1 -1.7590 1117.7926 136.5596 1242.0000 375.0000 1.7093 0.5393 1.6714 4.2451 1.4811 5.4108 -1.1205 0.1213
Cyclist -1 -1 -1.6088 406.8549 172.5609 438.8143 258.7968 1.6532 0.5656 1.6889 -3.8860 1.6480 14.7201 -1.8632 0.1205
Car -1 -1 1.5652 656.8869 181.0677 688.1002 210.6526 1.6292 1.7689 4.3410 3.6886 2.1468 43.2044 1.6492 0.4808
Car -1 -1 1.5503 723.1191 179.8523 781.2957 264.7590 1.8337 1.2571 2.2497 3.2611 2.0107 16.9929 1.7355 0.1675
Car -1 -1 1.4137 1167.0182 156.3627 1242.0000 208.1422 1.5084 1.5676 4.0497 19.1513 1.0284 23.1612 2.0982 0.1142
