Pedestrian -1 -1 -1.3323 726.5704 168.5909 744.4912 207.1127 1.7896 0.6964 0.6602 5.8714 1.5919 33.9586 -1.1631 0.3446
Car -1 -1 -1.4247 485.3149 181.8261 551.0823 234.4159 1.6169 1.6707 4.1014 -3.1274 1.9533 24.9554 -1.5488 0.9081
Car -1 -1 -1.9465 770.7882 178.9764 1223.3213 375.0000 1.4815 1.6252 4.3280 2.6318 1.5535 6.2746 -1.5672 0.8894
Car -1 -1 -1.8113 718.5707 181.2479 880.6501 292.6052 1.4648 1.5727 3.8812 2.8141 1.6243 11.7319 -1.5826 0.8630
Car -1 -1 -1.7485 678.0391 179.6055 778.1367 251.2307 1.4979 1.6245 4.3176 2.6970 1.6842 17.6805 -1.6005 0.8529
Car -1 -1 -1.6744 668.8685 181.1530 727.7728 227.0976 1.4579 1.6283 4.2543 3.0272 1.7796 25.8002 -1.5597 0.6461
Car -1 -1 -1.6305 649.6094 180.4324 687.5394 214.4901 1.4837 1.5587 3.5209 2.6742 1.8598 33.9942 -1.5533 0.5469
Car -1 -1 -1.3398 634.1814 179.6470 673.3720 205.6701 1.4892 1.5769 3.8355 2.7068 1.9273 44.4291 -1.2799 0.3711
Car -1 -1 1.6287 521.6748 187.7179 559.1688 221.7070 1.4825 1.5974 3.9067 -3.3799 2.2485 35.1834 1.5330 0.2775
Car -1 -1 1.2950 0.0000 0.0000 1242.0000 375.0000 1.4625 1.5745 3.7544 1.0632 1.2588 1.4751 1.8333 0.2617
