Pedestrian -1 -1 -0.8462 934.1848 179.1457 968.8488 232.3775 1.7780 0.6407 0.8958 11.6359 1.9977 24.6814 -0.4110 0.1410
Pedestrian -1 -1 -2.3721 872.0237 155.3801 908.5316 223.3062 1.7857 0.5940 0.6983 7.4871 1.3267 19.4078 -2.0095 0.1306
Pedestrian -1 -1 1.1077 756.2114 139.9030 781.4479 190.1861 1.8543 0.5765 0.9130 5.9204 0.6395 27.1186 1.3202 0.1271
Pedestrian -1 -1 -1.4062 652.4067 182.7287 668.4573 219.4388 1.8035 0.7224 0.5291 2.4783 2.3008 35.9681 -1.3387 0.1138
Car -1 -1 2.1848 0.0000 196.7305 127.0222 276.8895 1.5113 1.6623 4.2643 -13.6470 2.1485 17.0688 1.5178 0.8519
Car -1 -1 1.8152 390.5825 183.5638 433.1231 210.4837 1.7244 1.8146 4.5314 -13.7811 2.5056 50.3194 1.5488 0.7112
Car -1 -1 1.9947 234.4737 185.8600 294.5312 214.9701 1.5554 1.6365 4.1076 -20.2844 2.3586 42.4684 1.5512 0.3999
Car -1 -1 2.1090 215.9291 183.3582 276.8517 212.7171 1.9030 1.7548 4.5130 -25.5066 2.6757 50.7377 1.6450 0.2669
Car -1 -1 1.9082 318.1733 190.2776 361.5540 213.6774 1.4911 1.6154 4.0730 -19.0928 2.7746 51.0826 1.5518 0.1778
Car -1 -1 -1.5173 87.2375 185.7370 127.1569 217.1562 1.6041 1.6269 3.9492 -28.3209 2.3684 40.6720 -2.1226 0.1741
Car -1 -1 2.1648 98.2214 188.9657 179.7903 220.2716 1.4255 1.5637 3.9017 -23.9786 2.2925 36.8414 1.5909 0.1670
Car -1 -1 1.5068 658.7467 186.7653 698.2634 222.3693 1.4661 1.5474 3.8467 3.0568 2.1435 33.1703 1.5972 0.1132
