Pedestrian -1 -1 1.5529 445.4192 176.5581 473.3312 257.6433 1.6911 0.5732 1.5700 -3.3940 1.7776 15.9506 1.3458 0.1002
Cyclist -1 -1 1.6605 440.5046 176.6473 473.2514 260.5621 1.7372 0.5531 1.7340 -3.4066 1.8260 15.9093 1.4521 0.8843
Car -1 -1 -1.7249 628.2219 180.3969 691.9126 227.1098 1.5209 1.6728 4.1618 1.6955 1.8190 26.3314 -1.6620 0.9302
Car -1 -1 2.4796 922.4189 183.2571 1242.0000 341.5484 1.4991 1.6247 4.0211 5.7095 1.6262 7.8685 3.0888 0.9002
Car -1 -1 -0.4413 802.5504 171.0043 1063.6996 265.7858 1.5995 1.6726 3.9981 5.6757 1.5686 13.0913 -0.0412 0.8620
Car -1 -1 -0.4889 830.4141 189.9940 1153.1542 301.3640 1.4739 1.6112 3.9406 5.4314 1.7485 10.6779 -0.0305 0.8603
Car -1 -1 0.3511 288.2192 182.6514 437.9561 237.6936 1.4690 1.5641 3.6891 -6.9462 1.7574 20.3796 0.0261 0.7946
Car -1 -1 -2.7418 322.1661 181.4489 465.4925 233.9920 1.5783 1.6627 4.0641 -6.8981 1.8660 23.0677 -3.0298 0.6437
Car -1 -1 3.8260 0.0000 181.7439 131.9235 375.0000 1.5147 1.6532 3.9596 -6.9680 1.6087 6.5583 3.0307 0.5236
Car -1 -1 -1.7315 607.8819 178.5834 646.4435 206.0373 1.4645 1.5931 3.9186 0.9012 1.8098 41.3934 -1.7104 0.4730
Car -1 -1 -0.9318 1127.0303 201.4985 1242.0000 375.0000 1.4600 1.5848 3.7504 6.1838 1.7138 5.3968 -0.1061 0.4365
Car -1 -1 -2.9210 400.8587 178.3540 494.6107 213.2398 1.5843 1.6448 4.0289 -7.5989 1.8490 33.8497 -3.1406 0.4005
Car -1 -1 0.7033 0.0000 136.9827 263.1997 317.8474 2.0663 1.8521 4.8203 -7.3556 1.6568 9.2778 0.0467 0.3806
Car -1 -1 3.3069 343.0266 176.6690 453.9626 216.1627 1.4592 1.5937 3.9017 -8.1355 1.6123 27.8718 3.0251 0.3172
Car -1 -1 -1.6920 611.7062 174.5183 642.7910 198.7125 1.4842 1.5589 3.6617 1.0407 1.5960 46.4212 -1.6702 0.3003
