Pedestrian -1 -1 -2.9127 1157.6432 174.9970 1190.0056 220.6272 1.7488 0.7482 0.8552 22.0498 1.8348 28.2721 -2.2558 0.3509
Pedestrian -1 -1 0.6610 847.7633 168.3597 869.2374 211.2266 1.7736 0.5413 0.6583 10.3843 1.5880 30.2743 0.9879 0.1737
Pedestrian -1 -1 0.5169 1089.6929 144.3633 1119.1571 195.5031 1.8338 0.6463 0.6537 17.9818 0.8125 26.3073 1.1112 0.1495
Pedestrian -1 -1 -2.4305 714.9922 166.3997 734.8411 203.3438 1.7584 0.5466 0.7770 5.5047 1.4516 34.8126 -2.2755 0.1251
Pedestrian -1 -1 -1.0838 874.4598 185.1233 896.4821 229.5985 1.6712 0.5848 0.5896 10.5531 2.1505 27.7521 -0.7247 0.1237
Cyclist -1 -1 -2.5895 1139.1466 175.0865 1195.8387 220.4123 1.7281 0.6867 1.6547 21.9469 1.8194 28.4901 -1.9386 0.3265
Car -1 -1 1.9264 259.1882 183.0161 365.8900 248.1946 1.6393 1.5920 3.7583 -8.4158 1.9571 20.6374 1.5432 0.9157
Car -1 -1 -1.5991 573.8080 185.1695 611.8147 222.5689 1.5809 1.6626 4.5625 -0.9160 2.2072 34.3506 -1.6263 0.8981
Car -1 -1 1.8379 393.3092 187.1169 455.3841 226.0751 1.6157 1.7247 4.2974 -8.6115 2.3244 33.6694 1.5888 0.7437
Car -1 -1 2.2231 0.0000 190.1382 153.0216 357.0436 1.6518 1.6296 4.0239 -8.1658 1.9312 9.6030 1.5320 0.7343
Car -1 -1 -0.9519 0.0000 159.6693 74.8056 201.1106 1.8384 1.5584 3.4052 -27.0522 1.2539 33.7481 -1.6239 0.1407
Car -1 -1 1.7880 600.6406 192.5459 639.6433 220.2378 1.4938 1.5820 3.8651 0.6302 2.7490 43.9148 1.8015 0.1292
