Pedestrian -1 -1 2.1624 503.3033 178.4664 559.5453 276.5646 1.6566 0.6454 0.8101 -1.2651 1.6066 12.6368 2.0589 0.8702
Pedestrian -1 -1 -1.8408 110.2938 159.6688 199.0593 314.7209 1.6738 0.6575 0.8991 -5.2146 1.4395 8.2987 -2.3935 0.8500
Pedestrian -1 -1 1.7262 595.9496 172.0189 619.6375 229.7896 1.7334 0.6154 0.7924 0.1726 1.4500 21.9902 1.7287 0.7371
Pedestrian -1 -1 0.2982 412.0333 173.7638 463.9356 267.8666 1.6948 0.5131 0.8185 -3.0408 1.5567 13.2191 0.0707 0.7148
Pedestrian -1 -1 -1.7051 770.7733 159.8885 803.8665 231.4267 1.7341 0.7039 0.6591 4.5582 1.2114 17.7757 -1.4629 0.6496
Pedestrian -1 -1 1.7121 580.4857 170.8692 601.3774 221.4974 1.8916 0.6689 0.9952 -0.4136 1.4954 27.3704 1.6919 0.6298
Pedestrian -1 -1 0.3763 608.3861 169.7541 630.9645 210.3462 1.8366 0.5443 0.8986 0.8255 1.3061 32.9229 0.3961 0.6143
Pedestrian -1 -1 0.5272 572.4056 169.1978 600.1169 213.8215 1.8778 0.6493 0.9950 -0.6637 1.3611 30.7488 0.5007 0.5452
Pedestrian -1 -1 1.2479 697.8654 164.2541 714.7982 206.3108 1.7185 0.4957 0.6909 4.3224 1.0148 29.7339 1.3859 0.4919
Pedestrian -1 -1 -1.3951 621.9181 171.7117 637.5059 210.4666 1.8113 0.6028 0.8588 1.3343 1.3547 34.0531 -1.3614 0.4037
Pedestrian -1 -1 2.8352 566.2844 172.1135 582.5632 200.8992 1.8255 0.5332 0.9216 -1.7222 1.2310 45.9601 2.7929 0.3830
Pedestrian -1 -1 -1.5812 683.0170 168.4374 696.8906 204.5579 1.8014 0.6802 0.8433 4.4594 1.1508 36.2779 -1.4648 0.3811
Pedestrian -1 -1 -1.8651 637.1552 169.4012 654.2855 208.9279 1.7926 0.5530 0.8713 2.0227 1.2449 33.0643 -1.8096 0.3545
Cyclist -1 -1 1.3618 499.6258 173.6582 538.6796 248.6424 1.6720 0.5542 1.7308 -1.9937 1.4984 16.9233 1.2408 0.5246
Cyclist -1 -1 2.7294 566.5741 172.2801 583.0269 200.9109 1.8145 0.5533 0.9056 -1.6980 1.2309 45.9693 2.6876 0.1341
