Pedestrian -1 -1 -0.0973 635.7015 138.1724 749.4016 324.6309 1.8903 0.6335 1.1320 0.8509 1.4629 7.4870 0.0130 0.8852
Pedestrian -1 -1 1.8790 639.7747 171.9513 682.1918 268.4826 1.7070 0.5624 0.8002 0.9920 1.5574 12.9741 1.9551 0.1879
Pedestrian -1 -1 -0.2546 414.6811 149.1773 456.8857 233.5661 1.6969 0.5127 0.7447 -3.5415 1.0687 14.6130 -0.4853 0.1278
Pedestrian -1 -1 0.7535 247.7149 172.0183 306.0627 256.3798 1.5908 0.4988 0.9438 -6.4063 1.4325 13.7156 0.3272 0.1205
Pedestrian -1 -1 1.6937 61.5289 193.0730 95.1563 257.9406 1.8264 0.7122 0.5894 -15.2974 2.2003 20.5005 1.0614 0.1078
Cyclist -1 -1 -0.4891 909.9506 150.9876 1015.3594 252.9832 1.6503 0.5220 1.4924 5.8688 1.1744 11.7213 -0.0339 0.1023
Cyclist -1 -1 0.9707 844.5016 136.8961 926.1539 240.6103 1.6394 0.4743 1.5601 4.6683 0.9518 11.9852 1.3352 0.1015
Car -1 -1 2.3268 0.0000 191.0629 127.2043 243.4834 1.5424 1.6692 4.3705 -18.6903 1.9358 23.9679 1.6724 0.1982
Car -1 -1 -2.4906 280.6746 203.1950 446.6198 268.9207 1.5365 1.6429 4.0460 -6.4874 2.1920 18.9387 -2.8143 0.1430
Car -1 -1 -2.6512 529.3388 158.8912 621.0916 193.9191 1.5402 1.6160 3.9398 -1.4028 0.5915 32.6680 -2.6917 0.1282
Car -1 -1 1.6287 546.5253 159.7146 614.1835 218.5481 1.4848 1.6493 4.2973 -0.6305 0.9618 20.0103 1.5997 0.1173
Car -1 -1 -1.8194 770.6657 140.1131 814.5492 175.1271 2.2135 1.7888 4.5381 12.5808 -0.3783 47.6700 -1.5610 0.1171
