Pedestrian -1 -1 -2.3263 424.8006 146.3415 453.3843 207.1290 1.8748 0.6831 0.5506 -5.4178 1.0574 22.6872 -2.5584 0.2524
Pedestrian -1 -1 1.2664 759.2817 134.5402 866.2986 342.1157 1.8453 0.6946 1.0363 1.8609 1.5050 6.9478 1.5162 0.1499
Pedestrian -1 -1 -1.8646 191.6957 154.3745 260.6787 285.9970 1.7683 0.6556 0.8231 -5.4914 1.5204 10.2142 -2.3476 0.1350
Pedestrian -1 -1 -1.7844 696.2563 149.1692 712.7039 186.2233 1.8760 0.7225 0.5927 4.7858 0.6772 36.8542 -1.6565 0.1337
Cyclist -1 -1 -1.8767 756.5817 120.6705 895.6911 353.9745 1.8776 0.6843 1.7932 1.8720 1.4580 6.7158 -1.6175 0.1448
Car -1 -1 -1.7149 652.9428 166.3889 726.4324 220.1692 1.5286 1.6707 4.1966 2.3494 1.3452 22.6373 -1.6135 0.9108
Car -1 -1 -1.4267 429.6065 174.2003 521.8936 239.4863 1.3878 1.5888 4.2827 -3.1840 1.4250 17.5905 -1.6038 0.8984
Car -1 -1 -1.2879 222.8947 183.7788 468.9034 345.6713 1.4273 1.5751 4.1162 -2.8924 1.5912 8.7195 -1.6002 0.7999
Car -1 -1 -1.8493 712.8431 157.7112 907.8827 288.3273 1.5243 1.5846 3.8766 2.5748 1.3479 10.3880 -1.6138 0.7553
Car -1 -1 -1.5783 630.7977 168.5169 661.4531 197.5024 1.5234 1.6105 3.9388 1.9423 1.2958 39.9186 -1.5304 0.5576
Car -1 -1 -2.0162 778.5826 0.0000 1242.0000 375.0000 2.4264 1.9596 5.1246 2.6569 1.4752 5.0167 -1.5541 0.2039
