Pedestrian -1 -1 -1.8653 892.4704 168.0338 925.5524 233.7349 1.6528 0.5651 0.8286 7.6448 1.5319 18.5860 -1.4813 0.7676
Pedestrian -1 -1 -1.6939 762.6880 169.8185 778.5421 210.3055 1.7456 0.5535 1.0185 6.9970 1.6151 31.6384 -1.4787 0.4575
Pedestrian -1 -1 -1.7404 927.0071 165.4499 958.1890 233.7777 1.6811 0.5481 1.0029 8.3776 1.4992 18.3031 -1.3178 0.3014
Pedestrian -1 -1 -1.6675 669.1613 173.9095 679.0323 196.5824 1.7771 0.7169 0.6284 5.0276 1.8612 56.8995 -1.5803 0.2953
Pedestrian -1 -1 -1.1421 1072.7924 150.1958 1120.1044 233.8390 1.7413 0.6736 0.5533 10.3636 1.2700 15.4509 -0.5604 0.2570
Pedestrian -1 -1 -2.8716 845.4966 181.3763 871.6318 226.8880 1.7392 0.6986 0.8143 9.7024 2.0798 28.2821 -2.5450 0.2536
Cyclist -1 -1 -1.8768 861.5571 159.2747 918.8452 251.1300 1.8269 0.5787 1.8579 5.8511 1.5572 15.2908 -1.5185 0.9315
Cyclist -1 -1 -1.9550 922.4410 165.0951 968.9884 233.0273 1.6606 0.4775 1.6641 8.5220 1.4713 18.4760 -1.5295 0.4159
Cyclist -1 -1 -1.6560 762.6304 169.6140 778.0289 209.8254 1.7263 0.5201 1.6140 7.0191 1.5876 31.8073 -1.4413 0.3254
Car -1 -1 -1.2130 599.0352 172.7832 791.2079 293.8289 1.4749 1.6096 3.8526 1.4070 1.4744 10.8687 -1.0889 0.2315
Car -1 -1 1.2460 1021.6807 178.6328 1056.9318 195.4450 1.4740 1.5904 4.0353 39.7143 2.0270 66.8650 1.7796 0.2226
