Pedestrian -1 -1 -1.5313 159.6274 199.7922 185.9769 257.3601 1.7702 0.6939 0.6230 -13.9976 2.6471 23.0362 -2.0725 0.3062
Pedestrian -1 -1 -1.5764 231.2400 195.0974 254.5141 251.4492 1.8208 0.6845 0.5962 -12.2899 2.5762 24.0656 -2.0445 0.2305
Cyclist -1 -1 -0.2500 1116.3638 167.5179 1184.2051 216.0297 1.6420 0.7528 1.7544 18.7185 1.4617 25.0974 0.3849 0.2442
Car -1 -1 -1.8443 644.2811 181.1426 771.0081 267.4657 1.4202 1.5301 3.3888 1.7077 1.6020 14.0046 -1.7266 0.9013
Car -1 -1 2.4944 558.0005 174.5210 660.5241 215.8271 1.5669 1.6513 3.9874 -0.0331 1.6395 29.3816 2.4926 0.8698
Car -1 -1 -0.8663 725.0953 171.8093 832.9606 215.5867 1.4307 1.5859 3.8456 5.9359 1.3969 25.3622 -0.6395 0.8145
Car -1 -1 -1.0393 882.3951 170.5574 956.2266 205.3371 1.4230 1.4857 3.2605 13.3058 1.3294 31.0866 -0.6386 0.7934
Car -1 -1 -0.9993 802.9304 169.5194 901.9124 209.4929 1.4602 1.6294 4.2977 9.5279 1.3387 28.3366 -0.6785 0.7709
Car -1 -1 -1.1356 928.5343 157.9913 1011.5997 198.6111 1.7888 1.7596 4.5228 16.9077 1.1346 33.8729 -0.6763 0.6379
Car -1 -1 2.3197 679.0887 171.8907 759.7358 205.5585 1.4669 1.5505 3.7278 5.0269 1.4253 33.2037 2.4681 0.3445
Car -1 -1 1.9033 1032.0739 163.3218 1091.0233 192.8562 1.5596 1.6042 3.8663 24.9866 1.0566 39.9414 2.4589 0.2418
