Pedestrian -1 -1 0.0556 1135.9901 173.7149 1153.3716 202.1086 1.9139 0.5395 0.9248 36.4039 1.9735 49.1650 0.6897 0.4290
Pedestrian -1 -1 -1.2770 95.1829 119.5593 137.5670 195.5893 1.8587 0.6865 0.7534 -12.4187 0.5562 18.0984 -1.8716 0.3154
Car -1 -1 -2.3772 1146.8862 182.9366 1242.0000 214.6954 1.4562 1.6042 3.9878 29.5598 1.9955 36.4833 -1.7006 0.8515
Car -1 -1 -1.7882 467.4415 174.8338 509.7263 204.8170 1.6325 1.6273 3.7539 -7.0767 1.7526 41.5973 -1.9560 0.7081
Car -1 -1 0.5626 0.0000 161.6435 272.0388 264.2487 1.5268 1.5907 3.7182 -7.6990 1.3603 11.5565 -0.0147 0.6517
Car -1 -1 3.6680 0.0000 157.8545 180.5865 307.1063 1.6069 1.6834 3.9692 -7.8885 1.4458 8.9513 2.9603 0.6200
Car -1 -1 -0.8398 992.7159 183.8524 1242.0000 375.0000 1.5274 1.6252 3.7444 4.6585 1.6123 4.5847 -0.0788 0.6150
Car -1 -1 3.3843 135.7531 157.7307 321.9549 237.7779 1.8283 1.6555 3.7488 -9.2483 1.4832 17.7145 2.9090 0.3929
Car -1 -1 -2.5239 225.4479 176.8548 354.8570 223.9040 1.4850 1.5806 3.7326 -10.7019 1.6255 24.1179 -2.9378 0.3284
Car -1 -1 -1.4004 313.4698 167.4133 352.0557 194.4642 1.5642 1.5695 3.7092 -16.7684 1.2499 43.6896 -1.7650 0.2699
Car -1 -1 -1.6645 346.2857 166.4512 386.7088 201.1756 1.5754 1.5303 3.3148 -11.7357 1.2853 34.5574 -1.9898 0.2691
