Pedestrian -1 -1 2.4220 516.5505 168.1570 558.3310 231.4351 1.8513 0.7074 1.0468 -2.0648 1.4917 21.3039 2.3284 0.6279
Pedestrian -1 -1 1.7898 83.7398 121.5434 117.5019 191.9128 1.8335 0.6054 0.6323 -13.4589 0.2990 18.8251 1.1795 0.3274
Pedestrian -1 -1 -1.4857 474.4666 168.9976 490.8852 209.1479 1.8632 0.7087 0.6058 -5.7473 1.3309 33.1370 -1.6541 0.2903
Pedestrian -1 -1 -1.9671 27.4797 152.9911 93.7338 272.2448 1.7052 0.5724 0.6718 -8.1486 1.3135 10.5222 -2.6095 0.1509
Pedestrian -1 -1 -1.6141 461.8271 172.3045 473.0532 200.2480 1.8338 0.7067 0.5433 -9.0956 1.2973 46.7399 -1.8034 0.1386
Pedestrian -1 -1 1.5932 739.8766 147.6245 761.5920 222.4515 1.7193 0.4879 0.8062 3.4072 0.9656 16.6882 1.7929 0.1226
Cyclist -1 -1 2.2821 518.2686 167.4728 560.9979 231.5807 1.8689 0.7288 1.1157 -1.9927 1.4907 21.2734 2.1917 0.1530
Car -1 -1 -1.6496 594.1386 163.2980 635.9344 205.8994 2.1231 1.8408 4.9122 0.4537 1.2672 37.7426 -1.6361 0.6976
Car -1 -1 1.4419 584.8962 171.7296 620.1306 198.7360 1.5281 1.5901 4.0328 -0.2010 1.0332 42.1053 1.4388 0.4212
Car -1 -1 -0.9722 948.1437 155.6177 1224.0000 341.4231 1.5618 1.6193 3.9337 5.6999 1.3543 7.3431 -0.3311 0.1235
