Pedestrian -1 -1 -1.8036 1051.4324 217.2469 1186.0999 375.0000 1.7570 0.6996 0.5915 3.7567 2.1177 5.4576 -1.2278 0.2279
Pedestrian -1 -1 1.9654 458.3783 173.1313 498.7734 259.6757 1.7850 0.5937 0.7715 -2.8330 1.7914 15.3221 1.7847 0.2159
Pedestrian -1 -1 -1.4386 1200.6412 197.2273 1242.0000 305.3069 1.7607 0.5956 0.9033 10.6558 2.2017 12.5141 -0.7459 0.1920
Pedestrian -1 -1 -2.7323 947.0914 182.9764 1043.2852 370.9593 1.7161 0.5685 0.6672 3.7151 1.8218 7.0696 -2.2669 0.1693
Pedestrian -1 -1 -2.4261 1059.3292 179.5402 1096.9972 236.0672 1.7812 0.6195 0.8140 15.0820 2.0021 23.3243 -1.8585 0.1205
Pedestrian -1 -1 1.9452 882.2039 164.4238 933.6126 240.0113 1.7446 0.7090 1.3509 7.1387 1.5504 17.3852 2.3282 0.1183
Cyclist -1 -1 1.6767 885.0215 161.9929 924.3691 237.2301 1.7135 0.7199 1.6251 7.0393 1.4665 17.3162 2.0562 0.1728
Cyclist -1 -1 -1.6660 1016.7292 222.8335 1044.6759 300.6837 1.6510 0.4066 1.5769 9.9262 2.8939 17.1328 -1.1498 0.1238
Car -1 -1 1.6991 518.4581 205.7684 563.9401 244.8716 1.5861 1.6741 4.1369 -3.3012 3.2736 34.8873 1.6046 0.2591
Car -1 -1 1.9110 430.3367 210.8604 526.5779 271.5470 1.4892 1.6611 4.1770 -4.0476 2.7986 22.6509 1.7352 0.1787
Car -1 -1 -1.2552 393.9554 151.5260 483.2211 209.7291 1.8122 1.7095 4.2822 -5.7791 1.1485 24.6711 -1.4833 0.1300
