Pedestrian -1 -1 1.5630 692.1120 161.1108 706.4506 206.9407 1.8171 0.5632 0.8515 3.5496 1.3519 29.0604 1.6828 0.2565
Pedestrian -1 -1 0.1831 847.2419 160.7459 929.5832 298.9697 1.7755 0.6008 0.9534 3.7169 1.6204 9.7673 0.5357 0.1997
Pedestrian -1 -1 1.8674 957.4188 188.8857 969.6765 213.1269 1.7522 0.6177 0.7671 26.0873 2.9476 53.2920 2.3198 0.1996
Pedestrian -1 -1 0.0894 806.0493 144.0774 872.6578 260.0353 1.7004 0.4956 0.9312 3.4412 1.2788 10.9823 0.3847 0.1701
Pedestrian -1 -1 -2.8438 778.4146 166.1021 820.4529 255.6936 1.7613 0.6289 0.6732 3.7925 1.6290 14.6260 -2.5959 0.1657
Pedestrian -1 -1 1.6866 754.7961 173.1186 787.4126 254.4206 1.8425 0.6726 0.6624 3.7008 1.8491 16.7734 1.8990 0.1617
Pedestrian -1 -1 3.0233 303.2881 171.3581 348.5618 254.4957 1.8104 0.6543 0.8762 -6.4333 1.7781 16.2041 2.6504 0.1584
Pedestrian -1 -1 1.8516 955.1905 131.2093 1005.4855 227.2878 1.8165 0.6707 0.8774 7.2362 1.0295 14.1890 2.3146 0.1546
Pedestrian -1 -1 1.6141 394.2369 153.5917 422.7298 223.9815 1.8333 0.7054 0.5193 -5.3829 1.3319 19.1220 1.3428 0.1541
Pedestrian -1 -1 0.2069 972.2186 152.1929 1039.8212 218.3045 1.7537 0.5828 1.5465 10.8400 1.2060 19.8579 0.7000 0.1444
Pedestrian -1 -1 -2.5022 915.5745 195.8069 1023.7425 368.7292 1.6962 0.5790 0.8606 3.7801 1.9588 7.7277 -2.0638 0.1438
Cyclist -1 -1 0.5733 968.7853 154.4683 1042.8127 221.2135 1.7507 0.5870 1.7383 10.7976 1.2688 19.8260 1.0654 0.2309
Cyclist -1 -1 1.5617 691.7291 161.6420 705.9626 208.2663 1.8406 0.5551 0.9747 3.5237 1.3984 28.9972 1.6809 0.1064
Car -1 -1 1.7241 451.8141 185.7951 523.9856 243.5059 1.5616 1.6268 3.8091 -3.7234 1.9961 22.2927 1.5598 0.8960
Car -1 -1 1.4408 652.2322 171.5003 678.6796 191.2001 1.4991 1.5708 3.9668 4.3151 1.3965 56.9295 1.5158 0.1646
Car -1 -1 1.4888 628.6704 189.6433 649.8062 207.1750 1.4793 1.6199 4.1308 2.6663 3.0875 66.9972 1.5279 0.1643
