Car -1 -1 -1.8716 727.4413 187.2188 900.8621 300.4925 1.4110 1.5411 3.5210 2.9220 1.6710 11.2408 -1.6248 0.9074
Car -1 -1 3.4440 187.4137 171.1172 408.1503 251.3810 1.6476 1.7012 4.1286 -6.7505 1.6123 15.8500 3.0470 0.8829
Car -1 -1 -3.4266 767.5865 185.0705 953.4691 248.3746 1.5202 1.6648 4.2187 6.2875 1.8506 18.5817 -3.1060 0.8470
Car -1 -1 -0.1802 763.2758 175.5439 903.2486 228.1830 1.4597 1.5713 3.6762 6.3838 1.5424 21.0878 0.1093 0.7924
Car -1 -1 0.4475 67.3535 165.3736 362.3438 276.7292 1.5570 1.5895 3.5953 -5.8727 1.4528 10.9438 -0.0353 0.7897
Car -1 -1 2.8549 705.0159 171.2875 824.2603 216.6387 1.7543 1.7502 4.3595 6.1072 1.6941 28.9578 3.0601 0.6520
Car -1 -1 0.6176 0.0000 182.2056 298.6158 320.3526 1.4727 1.5916 3.7337 -5.9959 1.5961 8.6461 0.0253 0.5952
Car -1 -1 0.2573 336.7548 164.2218 473.8857 213.6057 1.6541 1.6727 4.2924 -7.0641 1.3653 25.0337 -0.0153 0.5550
Car -1 -1 -2.3371 0.0000 179.7331 137.3699 375.0000 1.5175 1.6211 3.8385 -6.4643 1.5834 6.0457 -3.1339 0.5276
Car -1 -1 -2.9099 421.7567 173.9285 512.3628 208.0717 1.5940 1.6547 3.9941 -6.8544 1.6473 34.6403 -3.1042 0.4050
