Pedestrian -1 -1 -2.7002 1026.5487 127.2863 1168.1281 314.0317 1.7176 0.6900 0.9814 4.8089 1.2989 7.2329 -2.1325 0.7881
Cyclist -1 -1 -2.7231 1063.8853 130.4675 1233.9753 327.3828 1.7131 0.6326 1.1560 5.0854 1.3447 6.9328 -2.1108 0.1778
Car -1 -1 -0.3394 829.8593 169.7308 949.6360 211.2391 1.4426 1.5546 3.6988 9.9281 1.3344 25.8931 0.0226 0.8178
Car -1 -1 -2.6308 157.8441 180.1438 319.2689 241.1613 2.0277 1.8513 4.7237 -12.9465 2.2934 25.2398 -3.1008 0.7927
Car -1 -1 -2.3780 0.0000 205.5386 95.1117 254.8967 1.5693 1.6563 4.0336 -20.6115 2.7586 25.2498 -3.0576 0.7024
Car -1 -1 2.5195 963.0414 165.7132 1100.2753 210.0648 1.5292 1.6337 4.0711 15.0317 1.2833 25.8934 3.0403 0.3947
Car -1 -1 1.2681 293.2024 182.9456 352.4744 216.9277 1.4849 1.5628 3.8844 -13.8979 1.9989 34.7158 0.8896 0.3879
Car -1 -1 1.2323 156.8907 194.1318 221.7353 228.3149 1.4359 1.5549 3.6070 -20.0424 2.4986 34.2615 0.7061 0.3851
Car -1 -1 -0.1846 1069.7247 155.6555 1242.0000 223.9777 1.4966 1.6024 3.8317 13.3823 1.1202 17.3756 0.4634 0.2677
Car -1 -1 -2.7819 307.8734 161.7948 378.2244 188.6111 1.6018 1.6110 3.6853 -16.2428 0.9416 43.9148 -3.1343 0.2608
