Pedestrian -1 -1 -1.9907 762.7499 144.9217 787.5244 192.4171 1.7922 0.7231 0.6438 6.2728 0.7386 27.6112 -1.7698 0.3869
Car -1 -1 1.7759 439.1675 183.1528 540.9886 250.7859 1.4647 1.6953 4.4110 -2.9794 1.7619 18.5498 1.6180 0.9224
Car -1 -1 1.3372 714.8953 175.7771 888.8148 290.5804 1.5349 1.7109 4.2692 2.8533 1.5921 11.8915 1.5660 0.9079
Car -1 -1 -1.7677 680.2840 180.0830 770.2964 247.0883 1.5173 1.5572 3.7253 2.8176 1.7235 18.6455 -1.6210 0.8073
Car -1 -1 1.6760 525.3630 178.5649 564.7798 214.0166 1.5395 1.4888 3.2739 -3.0106 1.8181 33.5089 1.5865 0.7344
Car -1 -1 1.4587 665.2258 179.3712 727.3978 229.1574 1.4786 1.5759 4.0694 2.7378 1.7141 23.9950 1.5701 0.6827
Car -1 -1 2.4902 0.0000 0.0000 1242.0000 375.0000 1.4650 1.5998 3.9547 -3.3075 1.4237 1.9302 1.5081 0.5418
Car -1 -1 1.4594 653.2139 178.3788 690.6855 210.1787 1.5610 1.5525 3.6367 3.1707 1.8657 37.8969 1.5416 0.4909
Car -1 -1 1.6677 489.1655 179.8024 545.2076 227.0547 1.4635 1.5564 3.6405 -3.1544 1.7197 24.7283 1.5415 0.4074
Car -1 -1 1.3318 529.9740 177.9111 574.8271 207.7440 1.5658 1.6151 3.9986 -3.3392 1.8668 40.7487 1.2500 0.3593
Car -1 -1 -1.6421 642.3785 175.1411 665.7941 194.6725 1.5080 1.5983 3.9409 3.4971 1.6990 58.1510 -1.5827 0.2825
