Pedestrian -1 -1 -1.1398 150.8959 164.1902 287.1661 374.0000 1.8309 0.6976 1.0741 -3.4565 1.6891 6.4945 -1.6189 0.8997
Pedestrian -1 -1 -2.3200 1072.1315 161.5814 1198.7758 346.0791 1.5591 0.6688 0.6152 4.7010 1.3921 6.4193 -1.7127 0.8812
Pedestrian -1 -1 -2.4861 732.3081 174.1955 781.1097 254.6705 1.6552 0.6451 0.7843 3.2629 1.5062 15.2794 -2.2846 0.8499
Pedestrian -1 -1 -2.2547 313.9854 176.4836 377.4005 271.0548 1.6367 0.6845 0.8643 -4.6478 1.5512 12.9460 -2.5986 0.8085
Pedestrian -1 -1 -0.6467 728.2974 164.4667 865.4178 374.0000 1.6284 0.5676 0.8965 1.4989 1.5044 5.7252 -0.4079 0.8032
Pedestrian -1 -1 -1.5139 471.6239 179.7130 491.6117 228.4912 1.7820 0.6956 0.7142 -4.4584 1.7177 26.6336 -1.6834 0.7914
Pedestrian -1 -1 -1.7704 853.0997 158.8282 964.9654 374.0000 1.6254 0.6091 0.9614 2.3534 1.4631 5.7091 -1.4013 0.7638
Pedestrian -1 -1 -0.6541 1142.3416 151.8775 1221.7539 246.7369 1.7649 0.7060 0.9449 11.0319 1.2150 13.7197 0.0087 0.7288
Pedestrian -1 -1 -1.3566 846.9966 155.6219 876.5894 216.8864 1.7706 0.6511 0.9323 7.7061 1.0238 21.3252 -1.0188 0.6989
Pedestrian -1 -1 -1.7141 462.1937 174.1000 484.7375 224.2750 1.8938 0.7115 1.0281 -4.9624 1.6155 27.7110 -1.8950 0.6467
Pedestrian -1 -1 1.1803 755.9014 168.1334 787.9208 238.6509 1.5670 0.4730 0.6974 3.8365 1.2712 16.3433 1.4021 0.6164
Pedestrian -1 -1 2.2018 875.9928 163.1951 946.3569 235.1606 1.6361 0.6804 1.6905 7.3284 1.2212 17.0573 2.5968 0.1310
Cyclist -1 -1 2.1836 876.5834 164.0188 946.4970 235.8185 1.6300 0.7024 1.6710 7.3329 1.2343 17.0476 2.5791 0.7283
Cyclist -1 -1 -1.7521 856.9260 156.2429 968.7153 374.0000 1.6625 0.5821 1.0850 2.3453 1.4865 5.6323 -1.3798 0.3444
Cyclist -1 -1 1.1803 755.9014 168.1334 787.9208 238.6509 1.5670 0.4730 0.6974 3.8365 1.2712 16.3433 1.4021 0.1407
Cyclist -1 -1 -1.1408 156.4544 161.0546 292.3793 374.0000 1.8183 0.7105 1.0686 -3.4331 1.6490 6.5419 -1.6143 0.1162
Cyclist -1 -1 -1.8402 747.8740 157.7031 854.4555 374.0000 1.6824 0.5698 0.9392 1.5162 1.5087 5.7582 -1.6000 0.1158
Car -1 -1 1.7462 507.7791 171.7975 567.6362 222.2404 2.0487 1.8291 4.8235 -2.7251 1.6557 31.6531 1.6558 0.7579
Car -1 -1 1.7825 573.7569 173.1591 613.4818 203.6749 1.9310 1.7548 4.5258 -0.4541 1.4039 47.8447 1.7680 0.5536
Car -1 -1 2.2018 875.9928 163.1951 946.3569 235.1607 1.6361 0.6804 1.6905 7.3284 1.2212 17.0573 2.5968 0.1199
