Pedestrian -1 -1 -1.5414 307.1001 191.2155 332.1577 253.4590 1.7913 0.6713 0.5882 -8.6473 2.3459 21.3854 -1.9219 0.4119
Pedestrian -1 -1 -1.7986 39.0383 192.5537 74.8185 259.8782 1.7543 0.6393 0.6554 -15.0117 2.3001 19.5202 -2.4478 0.3251
Pedestrian -1 -1 -1.3091 107.1616 194.3390 143.7604 262.4607 1.7471 0.6782 0.5756 -12.8828 2.3284 19.1240 -1.8958 0.3241
Pedestrian -1 -1 -1.5825 198.0505 192.0357 226.0070 256.8195 1.7386 0.6716 0.6362 -11.1163 2.2842 20.0652 -2.0832 0.3119
Car -1 -1 -1.9386 706.3325 176.6914 922.3668 321.9883 1.5170 1.5204 3.2891 2.3653 1.5763 9.3507 -1.6995 0.9048
Car -1 -1 2.5016 590.3678 169.8274 707.1274 221.3775 1.6433 1.6270 3.7724 1.3129 1.5472 24.7220 2.5534 0.8751
Car -1 -1 -1.0625 889.1357 167.3288 1006.2343 216.3595 1.4471 1.6132 4.1321 10.8414 1.2844 23.1618 -0.6300 0.8278
Car -1 -1 -0.9253 792.7242 168.1340 929.1360 225.0434 1.4761 1.6116 3.9629 7.1218 1.3540 20.4909 -0.5958 0.7962
Car -1 -1 -1.1288 979.8932 168.2584 1070.7463 210.9031 1.4300 1.5213 3.4003 14.8259 1.2763 25.7922 -0.6124 0.7577
Car -1 -1 2.2842 733.8577 168.3233 836.1920 208.9727 1.4990 1.6240 4.1306 6.9026 1.3323 28.4691 2.5192 0.6996
Car -1 -1 -1.3103 1142.3696 161.1471 1211.0444 195.6578 1.5508 1.6282 3.9074 26.8900 1.0251 34.2512 -0.6490 0.5659
Car -1 -1 -1.1785 1029.5145 156.5853 1133.1940 211.0660 1.9867 1.8069 4.6063 18.5273 1.3938 28.3612 -0.6049 0.5338
