Pedestrian -1 -1 -1.5755 813.8484 150.1134 828.9699 189.4030 1.8799 0.6962 0.6112 10.1870 0.7922 34.9101 -1.2941 0.2019
Pedestrian -1 -1 -0.5909 914.0659 180.5660 945.9279 228.3530 1.7291 0.6256 0.8736 11.7562 2.0181 26.6153 -0.1797 0.1739
Pedestrian -1 -1 -1.1042 1039.5801 114.5870 1089.9041 198.2338 1.8269 0.5951 0.9654 10.2012 0.5547 16.2627 -0.5519 0.1673
Pedestrian -1 -1 2.4215 1086.3636 91.3590 1230.4031 303.8075 1.6282 0.4441 0.8452 4.3294 1.0040 5.7911 3.0396 0.1392
Car -1 -1 2.2130 0.0000 194.7788 189.8418 323.4669 1.5584 1.6576 4.0592 -8.7384 1.9687 11.4579 1.5724 0.8981
Car -1 -1 -1.5427 599.3153 175.9495 627.4182 202.0004 1.5145 1.6234 4.0160 0.2134 1.7143 44.4611 -1.5384 0.5124
Car -1 -1 1.5842 26.7362 194.3909 61.7299 223.0607 1.5532 1.6282 4.0094 -34.7327 2.9388 44.3156 0.9221 0.1754
Car -1 -1 1.6320 315.2566 192.8823 343.0852 215.9472 1.4700 1.6181 4.0742 -20.2134 2.9737 51.9679 1.2624 0.1606
Car -1 -1 -2.8243 1170.8625 115.3412 1242.0000 183.3474 2.5573 1.8346 4.9204 26.3845 0.3950 29.7154 -2.1030 0.1292
Car -1 -1 -2.1669 715.9620 184.5527 820.9818 234.6830 1.4518 1.5581 3.7017 5.0880 1.8713 23.8389 -1.9599 0.1180
