Pedestrian -1 -1 0.9718 805.0478 142.2603 860.2079 244.3449 1.8360 0.5870 0.8790 4.0966 1.2861 13.4824 1.2601 0.3620
Pedestrian -1 -1 0.1526 665.8384 177.1079 682.1491 207.6902 1.7823 0.5275 0.8883 3.7383 2.0354 42.5099 0.2391 0.2638
Pedestrian -1 -1 -1.9934 0.0000 148.1829 75.7826 272.0170 1.7972 0.5589 0.9828 -8.7372 1.4395 10.9458 -2.6553 0.2060
Cyclist -1 -1 0.1526 665.8384 177.1079 682.1491 207.6902 1.7823 0.5275 0.8883 3.7383 2.0354 42.5099 0.2391 0.1157
Cyclist -1 -1 -1.9934 0.0000 148.1829 75.7826 272.0170 1.7972 0.5589 0.9828 -8.7372 1.4395 10.9458 -2.6553 0.1088
Car -1 -1 1.7960 376.5508 189.2968 494.2745 270.6116 1.4060 1.5599 3.8261 -3.5639 1.7956 15.1630 1.5682 0.8768
Car -1 -1 2.8818 417.7125 184.6619 496.0063 215.8873 1.5254 1.5985 3.7475 -8.0918 2.1729 37.9842 2.6728 0.6974
Car -1 -1 3.5207 0.0000 194.2917 58.8187 360.6105 1.4996 1.6195 3.9105 -9.1380 1.7973 8.4530 2.7122 0.4500
Car -1 -1 1.7426 676.4521 181.2399 715.4660 209.8019 1.5291 1.5977 4.0383 5.0229 2.0434 42.0587 1.8600 0.2935
Car -1 -1 1.3357 507.0800 189.7601 547.7463 216.5630 1.5120 1.6409 4.0992 -5.3084 2.6347 45.6914 1.2201 0.2182
