Pedestrian -1 -1 1.8940 171.6238 174.2914 235.9544 300.9826 1.6980 0.5981 0.6656 -5.7005 1.7191 10.0577 1.3892 0.6405
Pedestrian -1 -1 2.1013 95.7293 177.3749 168.4502 304.2614 1.6954 0.6268 0.5842 -6.6410 1.7601 9.9657 1.5255 0.3600
Cyclist -1 -1 1.5166 574.5098 175.0838 583.7325 200.5162 1.7715 0.5505 1.9200 -2.2347 1.9338 51.4120 1.4729 0.4731
Car -1 -1 -1.2607 316.0173 179.8432 459.3786 277.6451 1.7116 1.6695 3.9324 -4.4472 1.8755 14.8944 -1.5468 0.9593
Car -1 -1 -1.8267 738.9343 181.2285 923.1677 314.2311 1.4635 1.5097 3.3115 2.7394 1.5970 9.8072 -1.5633 0.8976
Car -1 -1 -1.7180 658.3108 175.8989 720.7280 223.1669 1.5289 1.6480 3.6250 2.6807 1.6443 25.4201 -1.6148 0.8945
Car -1 -1 1.7302 456.8441 181.1479 516.9005 224.7985 1.5823 1.7398 4.1380 -4.9078 1.9401 29.0165 1.5635 0.8704
Car -1 -1 -1.0031 0.0000 214.7677 293.1212 375.0000 1.4808 1.5712 3.7344 -4.2106 1.9345 5.9117 -1.6015 0.8243
Car -1 -1 1.6634 511.7051 181.7399 544.1767 208.4612 1.5308 1.6300 4.1105 -5.0790 2.1082 44.7806 1.5506 0.5752
Car -1 -1 1.5971 544.1320 181.3151 563.3367 199.6313 1.5091 1.5795 3.9419 -4.9315 2.2754 63.3091 1.5192 0.2666
