Pedestrian -1 -1 0.0291 1180.5740 144.8466 1242.0000 343.3667 1.8237 0.7303 0.5454 5.9092 1.5668 7.0805 0.7036 0.3340
Pedestrian -1 -1 -1.3342 17.7307 110.5414 83.4025 235.8490 1.7715 0.6447 0.5599 -8.2440 0.8910 10.5838 -1.9838 0.1981
Pedestrian -1 -1 -1.4457 862.2843 172.9946 893.2036 251.3052 1.7074 0.5853 0.5749 5.9351 1.7110 16.1193 -1.0996 0.1976
Pedestrian -1 -1 -0.3084 66.5438 138.4018 122.6799 236.9077 1.7124 0.6930 0.6471 -9.3430 1.1138 13.0073 -0.9217 0.1878
Car -1 -1 -1.7746 711.0098 181.0871 837.6514 271.5378 1.4919 1.6033 3.8954 3.0127 1.6765 14.2006 -1.5708 0.9403
Car -1 -1 -1.7561 679.5131 179.8560 768.3857 244.3688 1.5154 1.6139 3.9619 2.8954 1.7235 19.3944 -1.6110 0.8745
Car -1 -1 1.6323 509.9193 175.7094 553.0399 215.5076 1.6109 1.6329 3.8771 -3.4056 1.7436 31.4602 1.5248 0.6828
Car -1 -1 1.4625 644.7379 175.4991 683.5399 208.0278 1.6001 1.5989 3.9052 2.7475 1.7463 37.7935 1.5339 0.5849
Car -1 -1 1.4914 532.7159 175.6722 563.7485 202.5322 1.5482 1.5778 3.8761 -3.8429 1.7286 44.0557 1.4045 0.3644
Car -1 -1 -1.7447 655.0854 150.4115 734.7407 218.1075 2.2382 1.9699 5.3724 2.9425 1.4965 26.5978 -1.6364 0.3216
Car -1 -1 1.4712 545.7314 174.2404 573.0104 196.6038 1.5536 1.5894 3.9214 -3.7420 1.6587 52.4458 1.4000 0.2195
