Car -1 -1 -1.7692 719.0994 185.0282 830.7302 261.5276 1.4222 1.6008 4.0130 3.4669 1.7277 16.0664 -1.5614 0.9463
Car -1 -1 1.7700 481.6165 181.0158 537.0764 221.2850 1.6177 1.6860 3.8538 -4.3994 1.9997 31.7598 1.6328 0.8868
Car -1 -1 -1.6741 700.5846 179.5543 770.2747 235.1784 1.4798 1.6158 4.1760 3.6474 1.7028 21.8390 -1.5115 0.8694
Car -1 -1 1.7187 510.2600 179.7532 553.3965 214.6576 1.6564 1.6226 4.0804 -3.9999 2.0316 37.1276 1.6116 0.7370
Car -1 -1 -3.0694 1068.9471 163.0384 1242.0000 246.4519 1.4905 1.5657 3.7483 11.6611 1.3155 14.7252 -2.4097 0.6021
Car -1 -1 -3.1238 1014.9363 173.0544 1236.6218 242.4736 1.4935 1.6409 4.1859 12.2155 1.4992 17.4163 -2.5205 0.5177
Car -1 -1 0.3395 261.3273 181.1407 355.4494 212.4236 1.5158 1.6164 4.0713 -15.1787 1.9444 36.3617 -0.0537 0.5034
Car -1 -1 -1.6579 671.3775 176.1833 699.9634 199.6387 1.5466 1.6264 3.9456 5.1881 1.7874 50.1209 -1.5558 0.4363
Car -1 -1 -2.9386 911.7081 174.3861 1075.8304 232.9804 1.5649 1.6337 4.0338 11.1965 1.6145 21.2722 -2.4603 0.3897
Car -1 -1 -1.7931 290.7057 171.4460 350.3833 219.0620 1.6504 1.4665 2.7644 -10.7298 1.6020 26.5605 -2.1739 0.3591
