Pedestrian -1 -1 -2.1480 46.2288 192.3288 78.5945 235.2310 1.7440 0.7535 0.8273 -23.0128 2.5748 30.2722 -2.7940 0.2049
Pedestrian -1 -1 1.9463 1113.5409 165.5733 1156.4189 242.2016 1.7563 0.5641 0.8118 12.3159 1.5898 16.9929 2.5648 0.1941
Car -1 -1 1.3568 675.7302 179.0832 768.7426 237.3193 1.4171 1.6475 4.3460 2.9682 1.6116 20.2580 1.4994 0.8538
Car -1 -1 -1.9760 203.1586 197.3806 339.7983 269.6464 1.4348 1.5988 3.8775 -8.3210 2.0938 17.4886 -2.4147 0.7765
Car -1 -1 1.5488 601.4565 179.7604 658.7722 235.1256 1.4659 1.5533 3.6012 0.4974 1.6879 21.3518 1.5709 0.7390
Car -1 -1 -2.2097 349.1732 164.5880 605.0303 306.9534 1.9752 1.7385 4.7555 -2.4773 1.8608 12.2476 -2.4062 0.7120
Car -1 -1 -1.7568 65.3264 192.6541 138.1147 235.1830 1.4199 1.5955 3.9976 -19.7303 2.2396 27.8859 -2.3683 0.5889
Car -1 -1 3.3912 272.9252 181.9735 370.8975 218.6907 1.6059 1.6473 3.8933 -13.2034 2.0387 33.1477 3.0145 0.5182
Car -1 -1 3.4220 210.4982 184.3495 307.6888 215.0481 1.4956 1.6195 4.2189 -18.0355 2.1065 37.1653 2.9728 0.4670
Car -1 -1 0.1687 265.0835 187.8199 358.3617 221.4249 1.5390 1.6397 4.0072 -14.5853 2.2989 35.3803 -0.2201 0.2467
