Pedestrian -1 -1 0.4525 737.7499 170.0642 794.6747 260.6299 1.8096 0.6540 0.9672 3.1891 1.7542 14.9684 0.6574 0.6178
Pedestrian -1 -1 0.2043 277.4650 173.0794 313.4761 252.8462 1.7856 0.6431 0.6380 -7.2474 1.7912 16.5306 -0.2035 0.1890
Pedestrian -1 -1 -1.9499 176.3094 172.3489 203.0947 220.2877 1.7721 0.5978 0.8587 -15.8720 1.7538 27.1699 -2.4746 0.1344
Cyclist -1 -1 0.8116 740.1193 168.7012 800.9097 261.2578 1.8379 0.7106 1.0340 3.2653 1.7558 14.9516 1.0214 0.1468
Cyclist -1 -1 -0.5796 75.6488 178.3962 126.1107 220.1280 1.6723 0.4783 1.7376 -21.2180 1.9103 30.0447 -1.1905 0.1455
Car -1 -1 -1.5727 585.4380 179.0986 621.9380 213.5647 1.4596 1.5777 3.4256 -0.3350 1.7596 32.8995 -1.5834 0.7418
Car -1 -1 -1.4397 536.0464 179.0073 572.8434 207.3932 1.4649 1.5763 3.5524 -3.0589 1.8205 39.8376 -1.5163 0.7023
Car -1 -1 2.5058 0.0000 196.0639 97.2288 243.1976 1.4833 1.5433 3.8010 -21.4526 2.4096 26.7452 1.8344 0.1879
Car -1 -1 -1.6739 534.8350 167.8721 557.6747 187.0398 1.6817 1.6403 4.1687 -5.8370 1.2450 65.5041 -1.7627 0.1463
Car -1 -1 1.3673 767.2758 188.1380 798.3346 208.3553 1.4871 1.6331 4.0931 13.8867 2.7656 58.2678 1.5996 0.1352
