Pedestrian -1 -1 -1.4794 750.1435 179.8035 765.5817 216.7715 1.7917 0.6902 0.6547 7.2469 2.1384 35.5357 -1.2805 0.3912
Car -1 -1 -2.4851 0.0000 190.4565 302.4676 329.7584 1.5163 1.6547 4.0582 -6.2849 1.7606 9.0448 -3.0790 0.8855
Car -1 -1 1.4692 663.8945 176.8522 707.7059 210.6384 1.4863 1.6323 4.2524 3.5075 1.6889 34.3690 1.5695 0.8308
Car -1 -1 -2.5274 43.2951 186.9600 333.1136 291.5156 1.4706 1.6033 3.7207 -6.5918 1.7130 11.3935 -3.0422 0.8261
Car -1 -1 0.3808 276.5775 183.2872 449.5895 249.8720 1.4255 1.5049 3.4451 -5.6393 1.6776 16.5598 0.0569 0.8110
Car -1 -1 0.3562 322.5854 180.7531 486.8911 240.1667 1.4626 1.5956 3.8399 -5.3728 1.6811 18.9684 0.0833 0.7658
Car -1 -1 0.4718 356.1013 180.3459 505.4718 234.1053 1.4775 1.6097 4.0105 -5.3325 1.7131 21.4142 0.2300 0.7051
Car -1 -1 0.2659 421.8371 181.7425 534.2448 221.8755 1.5217 1.6424 4.1265 -5.2588 1.8891 28.7934 0.0863 0.6319
Car -1 -1 0.3675 386.7249 182.6653 507.3121 229.8142 1.4907 1.5717 3.6384 -5.4890 1.8355 24.2877 0.1470 0.6229
Car -1 -1 -2.9489 423.5480 168.4547 539.6442 214.9038 1.9442 1.8047 4.6743 -5.5145 1.7604 31.1435 -3.1232 0.3451
