Pedestrian -1 -1 1.8028 156.3150 126.1164 202.2776 211.2170 1.8412 0.7027 0.8467 -9.6557 0.8304 16.1164 1.2701 0.4781
Pedestrian -1 -1 2.7879 406.8810 141.2740 435.7523 188.7635 1.8000 0.6423 0.9132 -7.3316 0.6034 27.8698 2.5328 0.4110
Pedestrian -1 -1 -2.4061 177.8930 157.0105 238.5526 257.3506 1.6233 0.5253 0.7154 -6.7335 1.3673 12.0084 -2.9080 0.3428
Pedestrian -1 -1 2.3619 0.0000 112.6578 54.7464 232.3031 1.7582 0.6013 1.1170 -9.4235 0.8740 11.1866 1.6735 0.3410
Cyclist -1 -1 2.3585 0.0000 113.2270 56.7710 232.0453 1.7485 0.5962 1.1387 -9.4166 0.8714 11.2119 1.6715 0.3540
Cyclist -1 -1 2.3054 405.5241 138.8957 435.3501 187.6134 1.8430 0.6796 0.9092 -7.3559 0.5587 27.8526 2.0494 0.1174
Cyclist -1 -1 -2.3569 176.3598 157.4751 237.3438 259.1716 1.6313 0.5267 0.7191 -6.7102 1.3850 11.9244 -2.8603 0.1169
Car -1 -1 -2.7319 304.8100 176.0221 442.1664 232.2926 1.5613 1.5970 3.4664 -6.9006 1.6585 21.0881 -3.0450 0.8429
Car -1 -1 1.3058 729.6038 184.2612 899.9139 299.0756 1.4813 1.5922 3.8393 3.0220 1.6961 11.6245 1.5528 0.8310
Car -1 -1 1.5314 641.5051 176.3551 673.9284 205.9518 1.5183 1.5971 4.2301 2.5387 1.7214 39.6495 1.5943 0.6867
Car -1 -1 -1.1400 0.0000 143.5526 274.3845 375.0000 1.6895 1.7209 4.2199 -4.9713 1.4864 7.2243 -1.7259 0.5515
Car -1 -1 0.7614 365.7997 177.2103 486.1120 227.1653 1.5470 1.6281 3.8684 -6.2602 1.7040 24.2865 0.5112 0.5317
Car -1 -1 1.1110 456.3129 177.1243 529.1508 214.1634 1.5350 1.6190 4.0078 -5.3781 1.7400 32.4831 0.9478 0.3034
Car -1 -1 3.0992 476.2347 178.8748 545.1656 207.0138 1.5289 1.6014 3.7920 -5.6709 1.8792 40.8099 2.9616 0.3021
Car -1 -1 2.3619 0.0000 112.6578 54.7464 232.3031 1.7582 0.6013 1.1170 -9.4235 0.8740 11.1866 1.6735 0.1153
