Pedestrian -1 -1 -2.9143 429.0882 172.5871 456.9290 218.9042 1.8201 0.5296 0.9820 -6.6608 1.8100 28.6163 -3.1415 0.2909
Car -1 -1 1.3009 735.0026 177.5687 955.1945 329.8918 1.6496 1.7020 4.2008 2.8990 1.7294 10.0437 1.5728 0.9374
Car -1 -1 1.7978 419.2859 185.0515 538.5020 262.9774 1.4833 1.7094 4.5690 -2.9164 1.8069 16.7898 1.6276 0.9288
Car -1 -1 -1.7724 689.8481 185.3302 793.0036 260.6267 1.4922 1.5795 3.8984 2.8971 1.8195 16.9279 -1.6068 0.8316
Car -1 -1 1.4693 672.3692 182.7390 738.4972 237.7943 1.4861 1.5850 4.0231 2.8014 1.8188 22.2299 1.5922 0.7269
Car -1 -1 1.4665 658.6801 180.2496 698.6944 213.1599 1.5215 1.5712 4.0854 3.3647 1.9153 36.3303 1.5575 0.6425
Car -1 -1 1.6891 522.6953 181.5983 566.2966 219.6071 1.5411 1.5246 3.3626 -2.8718 1.9467 31.7371 1.5990 0.5811
Car -1 -1 1.7049 482.2843 181.0761 545.3018 231.2943 1.4558 1.5429 3.6298 -3.0772 1.7427 23.3276 1.5746 0.5568
Car -1 -1 -1.6599 647.7733 179.2350 673.0080 201.5258 1.6505 1.6271 3.8221 3.8844 2.1672 56.4553 -1.5920 0.2781
Car -1 -1 1.6422 544.4181 181.5196 579.9485 212.8769 1.5597 1.6373 3.9877 -2.5710 2.0523 38.9886 1.5762 0.2574
