Pedestrian -1 -1 -0.5276 953.7222 140.5023 1085.1522 256.5768 1.7335 0.5602 1.7069 6.2450 1.0668 11.0319 -0.0236 0.1254
Cyclist -1 -1 -3.5620 952.4141 136.6001 1083.5015 255.3106 1.7642 0.5449 1.6719 6.2079 1.0429 11.0194 -3.0600 0.3879
Car -1 -1 -1.4028 441.7000 186.4818 505.9518 230.8501 1.4042 1.5655 3.7149 -4.5637 1.4522 24.7219 -1.5838 0.9133
Car -1 -1 -1.2914 301.3451 192.0847 456.2842 289.6717 1.5130 1.6231 4.2397 -4.1429 1.6642 13.5704 -1.5827 0.9076
Car -1 -1 -1.0475 71.2090 184.4907 277.8066 276.1257 1.5623 1.6433 4.0923 -8.3753 1.5511 14.2995 -1.5694 0.8935
Car -1 -1 -1.3285 392.5439 180.7934 445.9093 215.3801 1.5089 1.5752 3.5220 -8.6576 1.3171 33.1284 -1.5825 0.8489
Car -1 -1 -1.4791 480.3972 182.1172 521.3205 217.0531 1.5939 1.6051 3.9232 -5.1506 1.4537 34.7960 -1.6254 0.6729
Car -1 -1 -1.6030 577.8999 181.9334 610.1270 211.2073 1.5388 1.6487 3.7803 -0.8295 1.3674 39.7151 -1.6242 0.6682
Car -1 -1 -1.1499 263.8677 178.5417 348.3573 219.2784 1.5842 1.6579 4.2478 -12.5447 1.3258 30.0991 -1.5420 0.6371
Car -1 -1 -1.2304 371.9676 180.3171 420.9265 206.1068 1.4687 1.5993 3.8730 -12.5771 1.1908 42.9117 -1.5142 0.6307
Car -1 -1 -1.1562 284.6044 188.1329 387.2481 237.4405 1.3880 1.5529 3.8696 -8.3963 1.4883 22.4440 -1.5106 0.6227
Car -1 -1 2.2868 0.0000 210.1077 83.5896 376.0000 1.4528 1.6133 3.9535 -8.1239 1.8042 8.0926 1.5158 0.5807
Car -1 -1 -1.5145 508.8229 182.7411 538.4418 209.1317 1.5450 1.5927 3.7699 -5.1365 1.4013 44.0105 -1.6305 0.5801
