Pedestrian -1 -1 -2.3075 180.6880 165.7795 211.1014 217.2712 1.7897 0.6503 0.6709 -14.6706 1.5442 25.4897 -2.8255 0.2822
Pedestrian -1 -1 1.1410 752.4026 185.7359 779.4799 238.4450 1.8237 0.6624 0.8071 5.4953 2.2904 25.6560 1.3487 0.2641
Car -1 -1 2.0310 55.1471 180.8824 315.4392 319.0468 1.6888 1.6940 4.2229 -6.2661 1.8378 11.2096 1.5308 0.9496
Car -1 -1 1.9031 276.6258 181.8430 408.7588 259.4260 1.6326 1.7349 4.2313 -6.4490 1.8812 17.7980 1.5597 0.8959
Car -1 -1 1.6867 503.5205 178.1346 551.4500 214.5534 1.6206 1.8049 4.4305 -3.9641 1.8931 34.9668 1.5741 0.8595
Car -1 -1 1.7655 415.4234 186.0523 470.5068 225.6474 1.4226 1.5009 3.4468 -6.6502 1.9822 28.8295 1.5403 0.7305
Car -1 -1 1.5374 479.9973 182.0561 509.6833 209.7137 1.5221 1.6168 4.1960 -6.9987 2.1042 43.3936 1.3780 0.6665
Car -1 -1 1.0259 1050.2539 155.0468 1171.8335 201.8215 1.5653 1.6596 4.2206 18.0353 0.9698 26.2933 1.6217 0.5039
Car -1 -1 -1.5968 631.8856 175.6547 655.8000 198.0704 1.4874 1.5581 3.6374 2.2936 1.6897 50.1677 -1.5518 0.3740
Car -1 -1 1.6287 702.7486 170.5849 732.4356 196.0618 1.4922 1.5847 3.9910 6.6214 1.3597 44.3743 1.7755 0.3136
Car -1 -1 -1.8388 743.6460 167.2040 787.2680 193.8492 1.5640 1.6167 3.9631 9.4706 1.2328 44.3769 -1.6302 0.3114
Car -1 -1 -1.6360 1212.2688 136.2180 1242.0000 204.8775 1.5361 1.6127 3.9110 16.2780 0.7168 18.1809 -0.9137 0.2815
