Pedestrian -1 -1 2.9264 758.4252 183.0152 781.0959 223.7478 1.7690 0.6622 0.8526 7.0029 2.2224 31.8309 3.1403 0.5088
Pedestrian -1 -1 0.6029 51.5988 139.0148 105.2407 199.8592 1.8377 0.6994 1.1294 -16.3568 0.8160 22.1546 -0.0274 0.4152
Cyclist -1 -1 3.7388 51.6326 138.7285 104.6727 199.4741 1.8345 0.6881 1.1180 -16.3616 0.8043 22.1497 3.1082 0.2253
Car -1 -1 1.4524 664.5362 179.2676 713.9417 216.8540 1.4598 1.6049 4.0362 3.2667 1.7515 30.7427 1.5566 0.8648
Car -1 -1 0.4031 162.8752 182.8646 404.0479 270.0857 1.4418 1.5473 3.6120 -5.7579 1.6321 12.8975 -0.0097 0.8158
Car -1 -1 0.3863 248.7377 183.6872 457.5557 261.7225 1.5264 1.6139 3.8390 -5.3845 1.7697 15.2682 0.0520 0.7707
Car -1 -1 -2.4024 0.0000 186.3776 205.5266 346.2936 1.4828 1.6140 3.9036 -6.7716 1.6441 7.7116 -3.1060 0.7444
Car -1 -1 0.4240 338.6084 179.8696 484.0104 235.7163 1.4893 1.5722 3.6771 -5.6641 1.7001 20.5728 0.1580 0.7218
Car -1 -1 0.3749 291.0214 182.3831 476.4804 250.5632 1.5511 1.6540 4.0056 -5.5020 1.7976 17.6628 0.0765 0.6714
Car -1 -1 0.2731 387.9678 178.1500 520.4903 223.5760 1.5052 1.6364 4.2171 -5.3958 1.6966 25.0758 0.0628 0.6322
Car -1 -1 -2.8978 394.4512 166.1772 528.1694 218.9917 1.9415 1.8132 4.6978 -5.6418 1.6964 27.5281 -3.0986 0.4219
Car -1 -1 -3.0269 514.0834 174.3401 569.2959 194.9379 1.6728 1.6922 4.3774 -5.6369 1.7978 59.6137 -3.1211 0.3483
Car -1 -1 2.4312 0.0000 187.9178 97.4262 375.0000 1.4592 1.6056 3.9362 -5.0955 1.5847 4.0139 1.5602 0.3073
