Pedestrian -1 -1 1.8391 770.9763 157.8763 832.7614 297.9932 1.6348 0.6146 0.5320 2.2893 1.4604 8.7982 2.0844 0.8161
Pedestrian -1 -1 -0.3195 820.9755 123.6182 917.2360 316.3587 1.7499 0.6303 0.6899 2.3891 1.3033 6.8639 0.0014 0.7308
Pedestrian -1 -1 3.6359 0.0000 161.8689 93.1616 364.0272 1.7878 0.5620 0.8286 -5.4845 1.6911 6.7257 2.9708 0.6802
Pedestrian -1 -1 2.1459 358.5789 175.9581 377.2788 207.3240 1.9025 0.5813 1.1133 -14.9557 2.0970 44.4960 1.8231 0.3936
Pedestrian -1 -1 1.9064 69.7589 191.3040 110.1014 255.7876 1.7881 0.6647 0.9620 -15.0819 2.3366 20.8778 1.2866 0.2980
Pedestrian -1 -1 -2.6916 817.0977 145.3517 984.5293 309.7291 1.5984 0.5501 1.5887 3.0362 1.3313 7.7779 -2.3330 0.2437
Cyclist -1 -1 -2.9135 815.5743 145.3571 983.2415 308.7572 1.6082 0.5530 1.5971 3.0383 1.3379 7.7711 -2.5544 0.6078
Cyclist -1 -1 -2.9025 879.0721 135.8026 1170.0458 375.0000 1.7389 0.6012 1.7281 2.8526 1.5139 5.1808 -2.4239 0.5903
Car -1 -1 1.8780 371.9427 184.9515 433.7596 219.7586 1.4396 1.6295 3.8727 -9.4792 2.0289 33.1621 1.6013 0.6843
Car -1 -1 -1.6016 601.8780 177.9017 628.7089 202.4897 1.4903 1.6000 3.9271 0.2738 1.8301 46.5279 -1.5962 0.4426
Car -1 -1 2.3370 0.0000 203.1823 103.5700 343.5470 1.5258 1.6233 3.8492 -9.7329 2.0555 10.6384 1.6085 0.3805
Car -1 -1 1.8070 392.8151 184.6672 462.5255 228.0502 1.4663 1.6343 4.2356 -6.9318 1.9544 27.6646 1.5632 0.3403
