Pedestrian -1 -1 2.8624 265.1763 170.9729 301.2840 234.8996 1.7932 0.5327 0.8303 -9.4254 1.7408 20.7089 2.4397 0.4845
Pedestrian -1 -1 -1.1603 278.7929 197.3676 305.8148 249.4296 1.7429 0.7048 0.4967 -10.8889 2.5889 24.6366 -1.5730 0.2369
Pedestrian -1 -1 0.9512 853.6071 152.8802 927.6349 267.2107 1.8447 0.7029 1.0167 4.6813 1.5228 12.2213 1.3082 0.2134
Car -1 -1 1.8471 251.5876 170.5847 479.6822 334.2076 1.7409 1.7180 4.3221 -3.0467 1.7171 9.8497 1.5537 0.9516
Car -1 -1 -1.3887 443.1531 182.3256 538.1700 253.1233 1.4814 1.5874 3.8992 -2.8318 1.7386 17.5900 -1.5468 0.8497
Car -1 -1 1.5277 640.9504 176.5894 679.4860 210.6739 1.5078 1.6428 4.0325 2.3009 1.6967 34.3955 1.5933 0.7579
Car -1 -1 1.6094 555.7790 170.2481 581.4822 195.7132 1.8011 1.7334 4.1075 -3.0352 1.6172 53.1003 1.5522 0.5996
Car -1 -1 -2.3679 915.3578 187.7630 1242.0000 375.0000 1.5109 1.5531 3.6770 2.5812 1.5999 2.4212 -1.6101 0.4312
Car -1 -1 0.8899 967.2898 199.2111 1242.0000 375.0000 1.5902 1.6909 4.2463 5.4079 1.9267 7.0394 1.5236 0.3243
Car -1 -1 -1.4556 523.8226 178.1025 553.5460 201.1684 1.5093 1.6017 4.0693 -4.9487 1.8897 50.1920 -1.5538 0.2530
