Car -1 -1 -2.2469 652.5121 122.0216 1119.7289 375.0000 2.0453 1.7869 4.8328 2.2725 1.6866 7.6683 -1.9708 0.9339
Car -1 -1 -1.7299 407.6812 180.8511 465.6853 221.8069 1.4667 1.6402 3.9384 -7.0217 1.8099 28.8026 -1.9674 0.9005
Car -1 -1 -1.8950 509.1882 185.4581 644.1486 270.7621 1.4166 1.5646 3.8042 -0.8651 1.7087 14.6436 -1.9541 0.8882
Car -1 -1 1.7303 0.0000 196.9947 153.8057 312.8832 1.5156 1.6034 3.7916 -9.0288 1.9978 12.3439 1.1088 0.8530
Car -1 -1 1.8353 0.0000 211.6420 109.7877 375.0000 1.4506 1.6653 4.1753 -6.9093 1.9933 7.8424 1.1297 0.8522
Car -1 -1 1.2543 1119.4371 151.1101 1242.0000 251.9690 1.4551 1.5967 4.0684 10.4089 1.1417 12.5919 1.9335 0.8164
Car -1 -1 -2.8428 584.7821 162.7085 683.4534 204.5009 1.7047 1.6558 3.9025 1.0003 1.2912 30.8440 -2.8112 0.6131
Car -1 -1 1.8396 217.1126 185.0132 271.3648 215.0270 1.5118 1.6595 4.1159 -20.3773 2.2278 40.2878 1.3737 0.6046
Car -1 -1 -1.6896 396.3156 178.8512 440.9786 212.9157 1.4759 1.5884 3.8545 -9.1232 1.7768 34.0763 -1.9497 0.5796
Car -1 -1 1.4838 998.7166 157.4742 1112.8313 242.0536 1.4654 1.5605 3.7799 8.7724 1.1993 14.5402 2.0174 0.4051
Car -1 -1 3.3578 0.0000 189.5636 84.6624 219.6683 1.5463 1.6183 3.7662 -31.8660 2.5164 40.3237 2.6920 0.2813
