Pedestrian -1 -1 1.6891 438.7887 173.2957 463.0133 230.4190 1.8785 0.7240 0.6394 -5.0430 1.6098 23.9718 1.4786 0.8093
Pedestrian -1 -1 0.8549 779.8860 153.2070 843.4341 267.7539 1.7557 0.6860 0.6930 3.3066 1.3233 11.4681 1.1241 0.6417
Pedestrian -1 -1 -1.6290 60.7657 188.3224 138.6838 355.4155 1.7126 0.6652 0.6517 -5.5419 1.7930 7.8589 -2.2338 0.5611
Pedestrian -1 -1 0.2938 518.8267 176.2760 537.3308 207.8768 1.8179 0.5958 0.9383 -4.2552 1.5182 41.7010 0.1876 0.4386
Pedestrian -1 -1 1.3359 564.1609 172.6105 587.6871 225.3374 1.8586 0.7208 0.5902 -0.9382 1.5463 25.7003 1.2945 0.3839
Pedestrian -1 -1 -1.5360 402.4030 173.3447 423.2777 228.7778 1.8467 0.6593 0.9700 -6.4424 1.5761 24.4742 -1.7961 0.3435
Pedestrian -1 -1 1.5746 586.8339 170.7049 606.6708 224.5930 1.8981 0.6988 0.8755 -0.1917 1.5189 25.7403 1.5620 0.3277
Pedestrian -1 -1 0.2931 697.9478 196.1783 784.2434 323.1736 1.7325 0.8164 1.0597 2.0128 1.9615 10.5407 0.4712 0.3269
Pedestrian -1 -1 -1.3202 764.2342 173.6042 800.4597 248.9865 1.6393 0.6069 0.8435 4.0334 1.4688 16.1333 -1.0844 0.2674
Cyclist -1 -1 0.3220 682.6622 195.7585 794.7757 322.4825 1.7125 0.8443 1.4336 1.9799 1.9379 10.5774 0.4965 0.1781
Cyclist -1 -1 -1.5274 766.1624 173.1300 795.8239 250.3138 1.6760 0.6184 0.8365 3.9910 1.4955 16.0828 -1.2934 0.1174
Car -1 -1 2.0741 0.0000 201.0537 375.3430 374.0000 1.5391 1.6810 4.2044 -3.6157 1.7754 6.5204 1.5780 0.9247
