Pedestrian -1 -1 1.7026 222.2990 181.5151 239.4952 218.5281 1.9108 0.6969 0.8373 -19.9971 2.3735 37.9992 1.2208 0.3583
Pedestrian -1 -1 -2.4607 547.8838 39.3224 651.9972 230.8257 1.7373 0.5891 0.8279 -0.1551 0.5263 7.0294 -2.4825 0.1595
Car -1 -1 2.0561 98.3803 196.8196 243.3052 265.5039 1.5821 1.6996 4.1446 -12.1337 2.3237 20.2035 1.5207 0.9141
Car -1 -1 -1.5888 575.8049 176.9274 613.0501 212.5893 1.5821 1.6805 4.3970 -0.8350 1.7912 34.7489 -1.6133 0.8407
Car -1 -1 -1.4543 701.2338 176.6548 737.8228 207.0809 1.5219 1.5357 3.5337 5.8419 1.7349 38.4703 -1.3052 0.1659
Car -1 -1 1.8813 160.6789 176.1493 210.2548 202.0891 1.5429 1.5792 3.8735 -26.7332 1.7604 45.4989 1.3525 0.1633
Car -1 -1 1.5935 741.5142 161.6563 761.3873 181.9126 1.8005 1.7038 4.3473 13.0325 0.8055 66.4375 1.7862 0.1632
Car -1 -1 1.2778 359.9266 178.3631 389.6570 195.3274 1.5231 1.6042 3.9324 -22.2743 2.0600 68.1981 0.9630 0.1560
Car -1 -1 1.1920 733.4684 164.1374 774.6765 186.7295 1.5661 1.5931 3.8538 10.3166 0.9622 52.0547 1.3864 0.1309
Car -1 -1 -0.4201 940.6213 194.3024 1094.8218 245.2250 1.5226 1.6502 4.0317 13.0704 2.2480 23.3954 0.0832 0.1280
