Pedestrian -1 -1 -1.1785 335.6880 173.4244 361.0178 219.0014 1.6758 0.6777 0.6832 -9.7907 1.6977 26.8929 -1.5248 0.2635
Pedestrian -1 -1 -1.8263 261.1068 179.7276 279.0521 217.2888 1.8105 0.6428 0.6960 -16.7283 2.1529 35.4231 -2.2649 0.2545
Pedestrian -1 -1 0.0798 0.3074 188.8084 35.6380 252.1407 1.7476 0.5556 0.7345 -16.9125 2.2124 20.5649 -0.6022 0.1356
Cyclist -1 -1 -1.1790 334.6381 173.1203 360.1075 219.2166 1.6920 0.6740 0.7009 -9.8118 1.7024 26.8509 -1.5266 0.1221
Car -1 -1 1.9293 290.7198 182.3194 401.3837 238.4868 1.4447 1.6635 4.2904 -7.7281 1.7547 21.4422 1.5868 0.9130
Car -1 -1 1.5320 493.2637 174.4115 516.0620 194.4655 1.4907 1.5923 4.1020 -8.2499 1.6169 56.1297 1.3864 0.3673
Car -1 -1 -1.3051 597.8549 175.4715 706.7064 251.4312 1.5214 1.5993 3.6040 1.0295 1.5889 16.5469 -1.2450 0.1895
Car -1 -1 1.6263 581.7209 169.5010 600.3130 187.3508 1.6777 1.5960 3.6730 -1.8271 1.3629 69.6742 1.5999 0.1565
Car -1 -1 1.6597 918.3942 18.3013 1242.0000 375.0000 1.5236 1.5889 4.0036 3.4690 0.9062 4.9411 2.2447 0.1429
Car -1 -1 -1.2510 325.5451 175.2819 388.9194 215.8398 1.4762 1.4081 3.1143 -9.7888 1.5761 28.0143 -1.5846 0.1427
