Pedestrian -1 -1 2.2755 845.7031 144.3613 876.4219 203.2728 1.8249 0.5246 0.7995 7.8804 0.9426 22.7784 2.6044 0.2644
Pedestrian -1 -1 1.7333 234.3255 188.4385 270.6997 251.1490 1.7399 0.6855 1.7745 -10.6448 2.2238 21.4361 1.2769 0.1278
Cyclist -1 -1 1.7333 234.3255 188.4385 270.6997 251.1490 1.7399 0.6855 1.7745 -10.6448 2.2238 21.4361 1.2769 0.3082
Car -1 -1 1.9490 228.6492 193.8668 388.8354 288.5804 1.5766 1.6466 4.0024 -6.0506 2.0693 14.8998 1.5688 0.9137
Car -1 -1 -1.7848 749.5132 180.6076 916.7578 302.1033 1.4304 1.5250 3.4766 2.9875 1.5627 10.4967 -1.5159 0.8725
Car -1 -1 -2.1426 874.4852 187.5968 1242.0000 375.0000 1.4535 1.5848 4.0017 3.0516 1.5837 4.3487 -1.5631 0.7709
Car -1 -1 1.7491 467.7959 184.9140 512.3895 216.8782 1.5121 1.6185 3.9366 -6.2263 2.1742 37.6053 1.5856 0.7136
Car -1 -1 -1.6034 646.2043 176.5286 677.0547 204.5648 1.5026 1.6167 3.8151 2.8658 1.7222 41.1110 -1.5348 0.6542
Car -1 -1 1.7405 486.0206 186.0707 524.8434 212.7161 1.4391 1.6258 4.0947 -6.2237 2.2666 43.0865 1.5974 0.6240
Car -1 -1 1.7706 243.5330 195.4872 288.0051 224.7655 1.5736 1.6862 4.0588 -21.1062 3.0321 44.3094 1.3280 0.2656
Car -1 -1 1.5091 799.7153 162.4752 820.9480 180.7814 1.6279 1.6252 4.0140 18.3559 0.7053 66.2925 1.7780 0.2630
Car -1 -1 1.4825 606.0685 177.5312 628.2784 195.9722 1.5608 1.6199 4.0263 0.5877 1.9907 64.1895 1.4912 0.2103
