Pedestrian -1 -1 1.4493 43.5725 178.3761 87.8243 264.0562 1.7466 0.6544 0.8651 -11.6075 1.8683 15.3140 0.8089 0.3875
Pedestrian -1 -1 1.8203 80.0794 179.0076 120.8016 259.4847 1.7936 0.6370 0.5772 -11.7070 1.9382 16.5192 1.2111 0.3438
Pedestrian -1 -1 0.7501 1099.6768 92.2822 1242.0000 375.0000 1.7866 0.6769 0.8046 3.6841 1.3262 4.5781 1.3965 0.2476
Pedestrian -1 -1 1.4785 1031.2291 159.8912 1100.9929 328.4127 1.7789 0.5794 0.7177 5.0217 1.6424 8.0625 2.0183 0.2366
Pedestrian -1 -1 -1.4908 460.1366 174.2499 474.5537 207.8741 1.7963 0.7131 0.6629 -7.7325 1.8727 38.9439 -1.6859 0.1884
Pedestrian -1 -1 2.1913 356.3136 148.2598 381.2880 196.6573 1.7583 0.4819 0.8319 -8.9574 0.8651 26.6796 1.8701 0.1672
Car -1 -1 1.9969 0.0000 186.5066 387.3975 375.0000 1.5904 1.6427 3.9574 -3.4154 1.7517 6.4913 1.5283 0.9260
Car -1 -1 1.7181 439.0746 184.0312 517.0312 237.2915 1.4580 1.7844 4.5085 -4.1265 1.8498 22.9853 1.5418 0.9237
Car -1 -1 1.7203 479.8138 174.5002 530.6052 215.2924 1.6580 1.6197 3.9406 -4.5409 1.7347 31.4598 1.5776 0.8076
Car -1 -1 1.9107 520.7328 173.9055 563.3088 197.4680 1.5099 1.5940 4.0552 -4.5559 1.5842 48.5880 1.8174 0.2628
Car -1 -1 1.4503 649.4720 171.6263 689.3287 202.0439 1.5400 1.6209 4.1826 3.0892 1.4782 38.6520 1.5290 0.2010
