Pedestrian -1 -1 -1.4642 387.6538 160.3561 425.3468 246.5031 1.7521 0.6922 0.6383 -4.2849 1.4983 15.0448 -1.7377 0.4851
Pedestrian -1 -1 -2.4475 841.1977 152.1341 924.0735 252.4983 1.7172 0.8162 1.1421 4.8603 1.3630 13.0412 -2.0988 0.3688
Cyclist -1 -1 0.8168 829.7950 156.4304 924.5629 256.8646 1.6973 0.8084 1.4725 4.7394 1.4201 13.0274 1.1577 0.2540
Car -1 -1 -1.3246 368.7175 176.5052 529.8300 285.2264 1.5402 1.6833 4.2601 -2.6104 1.6149 12.5294 -1.5267 0.9223
Car -1 -1 -1.2738 156.9303 174.7297 468.0265 375.0000 1.4834 1.6300 4.0124 -2.6311 1.5080 7.3081 -1.6090 0.8927
Car -1 -1 -1.8360 719.1080 177.8516 916.0355 309.7467 1.4672 1.5829 3.8148 2.5930 1.5508 10.0938 -1.5927 0.8620
Car -1 -1 -1.7018 660.9017 170.6524 719.8416 214.7301 1.4612 1.5778 3.9242 2.7619 1.3886 25.8989 -1.5973 0.8426
Car -1 -1 -1.9644 796.4612 149.2008 1242.0000 375.0000 1.5012 1.6039 3.9276 2.4046 1.4103 4.7781 -1.5234 0.8128
Car -1 -1 -1.6391 547.8574 171.8857 582.9416 202.0422 1.5705 1.6414 4.0894 -2.5370 1.5205 39.7098 -1.7029 0.6696
Car -1 -1 -1.6516 649.5881 169.5620 686.7841 201.3673 1.6101 1.6425 4.0804 3.0216 1.4438 38.5678 -1.5744 0.6051
Car -1 -1 -1.2941 422.8419 176.5984 530.0159 245.0296 1.4330 1.5432 3.7201 -3.1107 1.5329 17.2461 -1.4706 0.3662
Car -1 -1 -2.3145 832.9714 152.7140 919.3182 251.9949 1.6987 0.7913 1.3035 4.7537 1.3545 13.0975 -1.9742 0.1222
