Pedestrian -1 -1 1.2336 1042.0519 109.2502 1221.4058 374.0000 1.7049 0.5951 0.7212 2.9261 1.3356 4.1054 1.8177 0.7890
Pedestrian -1 -1 1.7208 469.6981 158.8421 521.3871 266.1866 1.7064 0.7513 0.6461 -1.7620 1.3475 11.7397 1.5695 0.7655
Pedestrian -1 -1 -3.2507 1060.6801 107.7517 1205.0914 332.6929 1.7257 0.6725 0.8827 4.3488 1.1613 6.0129 -2.6503 0.7625
Pedestrian -1 -1 -1.2428 587.0963 162.7781 627.5998 236.7028 1.7097 0.6939 0.9883 0.1168 1.2779 17.1903 -1.2414 0.7512
Pedestrian -1 -1 0.4829 435.6407 159.5528 467.8525 227.2343 1.6581 0.5507 0.6022 -3.7689 1.1216 17.9422 0.2736 0.7325
Pedestrian -1 -1 -1.7624 676.1533 163.6645 705.9150 228.5391 1.7135 0.6491 0.8053 2.3803 1.2436 19.3962 -1.6472 0.6005
Pedestrian -1 -1 -1.8065 648.6335 158.3098 678.7051 230.0198 1.6640 0.5604 0.6882 1.4362 1.1271 17.0498 -1.7289 0.5707
Pedestrian -1 -1 -1.1627 637.8104 161.3888 671.3537 230.6707 1.7122 0.5529 0.8785 1.3247 1.2164 18.2668 -1.0966 0.5244
Pedestrian -1 -1 -1.7029 667.9497 161.2783 685.6715 210.9672 1.7691 0.5109 0.9516 2.7069 1.0502 26.0575 -1.6055 0.4509
Pedestrian -1 -1 -2.5994 707.1604 152.6547 736.9944 203.2296 1.6756 0.5572 0.8255 4.0519 0.7210 24.2757 -2.4407 0.4398
Pedestrian -1 -1 3.2703 298.9738 191.2016 406.4022 361.0173 1.6295 0.6691 0.9630 -2.5680 1.7361 7.3633 2.9392 0.3905
Cyclist -1 -1 -1.8095 610.9727 161.6600 639.3809 215.3770 1.8224 0.5935 1.7319 0.7970 1.1504 25.2766 -1.7834 0.5299
Cyclist -1 -1 3.2736 296.9921 190.6305 408.9249 362.3743 1.6447 0.6932 1.0018 -2.5623 1.7453 7.3618 2.9431 0.1734
Cyclist -1 -1 -1.7166 667.7318 161.1365 685.7685 210.7020 1.7663 0.5137 0.9333 2.7066 1.0417 26.0748 -1.6193 0.1432
Cyclist -1 -1 -1.2303 633.9972 158.5156 667.0157 228.8876 1.7253 0.5598 0.9306 1.2138 1.1630 18.1462 -1.1697 0.1311
Cyclist -1 -1 -1.8099 647.4157 156.8916 677.9891 226.6831 1.6218 0.5603 0.7382 1.4170 1.0511 17.0993 -1.7336 0.1046
Car -1 -1 1.6461 554.1048 168.2616 584.1731 193.3010 1.5365 1.6447 4.1296 -2.0254 0.7249 46.1624 1.5976 0.5138
