Pedestrian -1 -1 -0.9030 124.3387 165.1689 221.8117 332.0380 1.6629 0.5622 0.7066 -4.5278 1.5015 7.5440 -1.4344 0.6426
Pedestrian -1 -1 2.6362 673.8954 162.8638 693.4072 198.0668 1.7658 0.5597 0.8134 4.1635 0.8319 36.4450 2.7441 0.3766
Pedestrian -1 -1 -1.7672 338.4381 189.5513 411.3565 342.9091 1.6367 0.6505 0.7970 -2.6516 1.7359 8.2231 -2.0762 0.3230
Pedestrian -1 -1 -1.6232 383.7029 196.0086 446.4160 360.5844 1.5720 0.5794 0.8590 -1.9950 1.7338 7.4441 -1.8829 0.2647
Pedestrian -1 -1 1.4951 408.8027 173.5290 452.6121 288.5244 1.6421 0.5814 0.6483 -2.5835 1.5296 10.6530 1.2570 0.2537
Pedestrian -1 -1 -1.6183 509.6708 171.6923 534.7412 233.6298 1.8214 0.7137 0.5977 -2.4014 1.5341 21.4740 -1.7337 0.2158
Pedestrian -1 -1 -1.0563 273.5002 196.4399 367.5602 366.0953 1.6064 0.5688 0.8075 -2.8879 1.7691 7.3169 -1.4267 0.1800
Pedestrian -1 -1 1.9264 722.6875 171.1784 759.8380 245.3279 1.8053 0.6483 0.9044 3.4845 1.5552 18.0410 2.1090 0.1770
Pedestrian -1 -1 1.9686 687.3730 165.4066 711.7596 201.2655 1.7373 0.6293 1.6220 4.8730 0.9585 35.6588 2.0985 0.1199
Pedestrian -1 -1 1.2286 665.9246 174.1787 699.5424 226.6828 1.5786 0.5225 1.6028 2.4955 1.3596 22.4351 1.3328 0.1154
Cyclist -1 -1 1.2895 667.9284 175.5453 697.7527 227.0215 1.5571 0.5319 1.4580 2.5081 1.3781 22.4909 1.3941 0.3795
Cyclist -1 -1 2.0104 686.7666 162.7162 712.2164 198.0676 1.7130 0.5928 1.7046 4.8734 0.8037 35.6830 2.1402 0.2878
Cyclist -1 -1 -1.5444 359.5417 184.3901 429.5085 354.5519 1.5945 0.6407 1.6217 -2.2203 1.6300 7.6231 -1.8250 0.2200
Cyclist -1 -1 -1.1017 280.4454 193.5895 376.4840 358.7088 1.5928 0.6012 0.8777 -2.8593 1.7278 7.4643 -1.4624 0.1571
Car -1 -1 -2.1682 899.0619 69.2427 1238.0000 374.0000 1.7533 1.6171 4.0418 3.2354 1.4337 4.0992 -1.5363 0.7049
