Pedestrian -1 -1 1.2903 813.5566 164.0261 861.1592 254.1891 1.6975 0.6313 0.9760 4.3680 1.5316 14.0735 1.5845 0.8199
Pedestrian -1 -1 2.0818 528.6822 172.3018 553.0124 221.7526 1.6880 0.5024 0.8292 -2.4465 1.6696 25.1082 1.9850 0.2592
Cyclist -1 -1 1.4745 848.6166 151.3133 887.7994 233.2009 1.6550 0.6257 1.5422 5.4403 1.2200 15.4031 1.8075 0.1524
Cyclist -1 -1 1.9382 532.5057 172.9598 558.0764 221.3553 1.6502 0.5189 1.1348 -2.2981 1.6544 25.2201 1.8476 0.1520
Cyclist -1 -1 -1.8883 809.5751 161.0198 858.8508 253.6424 1.7492 0.6269 1.0180 4.3268 1.5261 14.1411 -1.5980 0.1241
Car -1 -1 0.4417 173.4234 181.1348 312.9290 229.6515 1.7655 1.7620 4.4139 -13.9377 2.0923 27.5053 -0.0238 0.8907
Car -1 -1 1.5427 343.1304 188.0784 426.3505 264.2219 1.4335 1.6199 3.9685 -5.2731 1.8288 16.5769 1.2386 0.8711
Car -1 -1 2.1000 0.0000 207.9075 289.6290 375.0000 1.4505 1.5825 3.8758 -3.5958 1.7739 4.6386 1.4674 0.8513
Car -1 -1 2.6441 621.9999 175.1202 715.2197 208.9881 1.6963 1.7346 4.6438 3.0686 1.8218 38.1049 2.7233 0.7854
Car -1 -1 2.5674 481.1980 177.4763 577.1556 214.0594 1.6262 1.7135 4.3423 -3.8700 1.8614 34.6228 2.4564 0.6762
Car -1 -1 1.3344 823.4741 177.8266 860.5391 200.7775 1.4914 1.5536 3.8740 15.9121 1.8483 49.7340 1.6419 0.1524
