Pedestrian -1 -1 -1.1470 701.6821 160.4547 723.3049 207.4317 1.7738 0.5544 0.7755 3.8975 1.3060 27.7180 -1.0092 0.2756
Pedestrian -1 -1 -2.8696 469.9779 174.3478 492.6186 214.4133 1.8171 0.5735 0.9012 -5.9359 1.8866 33.0747 -3.0463 0.2593
Pedestrian -1 -1 -0.5600 966.9387 160.0460 1039.3021 253.3724 1.7822 0.6949 1.0357 7.6501 1.5380 14.1607 -0.0740 0.2225
Pedestrian -1 -1 -0.5439 0.0000 122.6476 36.8173 287.2332 1.7506 0.5469 0.6572 -7.0102 1.2169 8.0708 -1.2428 0.1691
Pedestrian -1 -1 1.7078 209.7128 170.4959 242.6487 255.0455 1.6909 0.4984 0.7513 -7.9498 1.6441 14.8653 1.2238 0.1642
Pedestrian -1 -1 0.6447 1024.6187 150.4811 1133.9009 263.6448 1.5444 0.5236 1.2712 6.7600 1.2394 10.5317 1.2024 0.1118
Cyclist -1 -1 0.8284 1026.0911 152.4702 1134.0582 269.4632 1.5834 0.5240 1.3527 6.7268 1.3079 10.4755 1.3860 0.4252
Cyclist -1 -1 -1.7291 1150.5424 128.4553 1242.0000 375.0000 1.6306 0.3836 1.7076 3.3347 1.4361 4.0050 -1.0708 0.2075
Car -1 -1 1.7434 518.2060 179.5134 570.6790 217.5394 1.5133 1.6063 4.0796 -2.8356 1.8242 31.5462 1.6539 0.7801
Car -1 -1 -1.6090 629.6021 175.6062 669.4032 213.0567 1.4957 1.5513 3.3997 1.5968 1.6200 30.7755 -1.5582 0.6801
Car -1 -1 1.6592 544.4797 173.2509 581.0063 203.5784 1.5317 1.5997 3.9985 -2.5085 1.5544 38.5090 1.5941 0.5146
Car -1 -1 1.4038 557.2712 175.2218 589.5510 198.0907 1.5131 1.5975 3.9990 -2.6199 1.6855 50.3033 1.3516 0.1533
