Pedestrian -1 -1 -1.8154 30.1752 141.1046 133.1232 345.8666 1.6928 0.6007 0.6694 -4.7497 1.4307 6.4082 -2.4338 0.3509
Pedestrian -1 -1 -0.1600 545.8666 179.9134 560.3519 210.1843 1.7198 0.5971 0.7452 -3.3125 2.1304 41.5463 -0.2396 0.3110
Car -1 -1 -1.7541 666.9614 181.2153 776.8147 257.9242 1.4085 1.5923 4.0988 2.2446 1.6159 15.7831 -1.6163 0.9302
Car -1 -1 -1.5052 504.2467 177.5091 552.4418 220.0851 1.5857 1.6817 4.2011 -3.3063 1.7900 29.4737 -1.6165 0.8744
Car -1 -1 -1.7570 634.3845 176.0232 695.5660 221.6552 1.6372 1.6419 4.0809 2.0320 1.7712 28.3006 -1.6868 0.8721
Car -1 -1 -1.1636 0.0000 185.2627 393.2259 375.0000 1.4923 1.6420 4.1184 -3.4602 1.6462 6.8304 -1.6178 0.7894
Car -1 -1 0.4736 173.2498 187.2102 344.1488 247.4452 1.5088 1.6153 3.8038 -9.3757 1.9111 19.3393 0.0272 0.6921
Car -1 -1 -0.7320 0.0000 186.8728 306.1232 375.0000 1.4963 1.5658 3.7017 -2.7236 1.5807 2.4383 -1.5195 0.5374
Car -1 -1 -1.6198 623.6876 174.1520 653.7722 204.7370 1.8142 1.6686 3.9795 1.7169 1.8991 44.9658 -1.5825 0.3803
Car -1 -1 -1.5027 510.7368 161.7105 549.4515 194.9941 1.5126 1.5936 3.8510 -3.8343 1.0066 34.7455 -1.6120 0.2736
