Car -1 -1 1.9183 209.9816 195.0721 380.9997 292.0518 1.4863 1.6737 4.2839 -5.9975 1.9920 14.2312 1.5255 0.9045
Car -1 -1 1.8756 362.5661 189.1891 465.3409 247.8138 1.4971 1.7554 4.3723 -5.8417 2.0434 21.8878 1.6171 0.8930
Car -1 -1 2.1806 0.0000 208.4927 240.8853 375.0000 1.4617 1.5329 3.5533 -5.9492 1.9573 8.2472 1.5706 0.8853
Car -1 -1 -1.8014 706.5557 177.7029 823.3597 255.7903 1.4845 1.5907 4.0441 3.2294 1.6063 16.0185 -1.6069 0.8677
Car -1 -1 -1.7211 684.5967 173.6979 760.5518 233.5340 1.6086 1.6080 4.0450 3.1985 1.6365 21.4784 -1.5760 0.7908
Car -1 -1 2.6095 936.0029 154.0227 1166.0720 230.2806 1.4919 1.6130 3.7727 8.9437 1.1238 14.9219 3.1405 0.7580
Car -1 -1 -0.6107 1027.8806 136.8357 1242.0000 230.6664 1.4975 1.6026 3.7818 9.4789 0.9230 12.3732 0.0316 0.7413
Car -1 -1 1.3661 660.7575 177.6629 715.0453 217.0024 1.5831 1.6049 3.7551 3.2891 1.8062 31.4597 1.4687 0.7258
Car -1 -1 1.8177 425.8969 186.8566 490.6378 230.4003 1.4873 1.5661 3.7352 -5.7994 2.0633 27.7623 1.6131 0.7030
Car -1 -1 1.8450 472.4734 182.8693 526.5965 216.5253 1.5543 1.6664 4.1302 -5.5914 2.0947 36.7520 1.6945 0.6497
Car -1 -1 2.7010 860.9534 161.0899 1052.5649 224.2184 1.4796 1.5936 3.9410 8.3630 1.2042 17.7176 3.1352 0.5802
Car -1 -1 2.2418 1080.6354 137.3998 1242.0000 255.3543 1.4903 1.5981 3.8129 8.9412 1.0427 10.2713 2.9439 0.5235
Car -1 -1 1.8390 516.0950 180.5806 552.5543 203.5891 1.5414 1.6015 4.0107 -5.4211 2.1198 51.8622 1.7350 0.4426
Car -1 -1 -2.0338 821.1333 135.5260 927.8531 191.7402 1.7151 1.6403 4.1538 8.6717 0.5766 24.1724 -1.6933 0.4303
