Pedestrian -1 -1 1.9648 201.7713 152.3911 333.9130 374.0000 1.7674 0.6683 0.7486 -2.5417 1.5641 5.4351 1.5388 0.9316
Pedestrian -1 -1 1.0885 1011.2687 102.5438 1214.4977 374.0000 1.6704 0.6247 0.8468 2.8798 1.2584 4.2065 1.6548 0.8714
Pedestrian -1 -1 -0.9183 622.1894 162.1256 714.1405 314.3476 1.7416 0.6422 1.0191 0.7822 1.5213 8.8094 -0.8383 0.8574
Pedestrian -1 -1 -1.4653 549.4004 173.5122 575.1008 234.5060 1.7338 0.6570 0.9488 -1.1616 1.5079 20.9056 -1.5255 0.8157
Pedestrian -1 -1 -3.2372 890.6821 142.4285 968.1947 260.5303 1.7650 0.7602 1.0231 5.0677 1.1824 11.2521 -2.8280 0.7733
Pedestrian -1 -1 -1.7200 577.5151 174.0921 599.3755 231.1604 1.7030 0.5378 0.8649 -0.4298 1.4831 21.9063 -1.7447 0.7267
Pedestrian -1 -1 -1.7306 571.8887 169.1145 591.8699 216.8576 1.8718 0.6220 1.1227 -0.8080 1.3872 28.7706 -1.7636 0.7047
Pedestrian -1 -1 1.2839 508.7486 169.1530 533.6398 224.7217 1.7119 0.5698 0.8063 -2.5572 1.3327 22.6099 1.1673 0.6710
Pedestrian -1 -1 1.1679 462.3089 172.5889 496.4650 230.7139 1.7585 0.7316 0.9444 -3.8254 1.4900 22.3246 0.9949 0.6095
Pedestrian -1 -1 -1.6755 588.6710 171.0869 612.0245 231.9254 1.7211 0.5795 0.8878 -0.0676 1.4277 20.7926 -1.6840 0.5885
Pedestrian -1 -1 -1.2474 305.6760 197.1335 408.3128 349.9569 1.6198 0.6529 1.7238 -2.9298 1.8282 8.6494 -1.5713 0.1598
Cyclist -1 -1 1.7270 353.1581 160.6349 452.3287 374.0000 1.7503 0.5652 1.7821 -1.7382 1.5945 6.3276 1.4627 0.8419
Cyclist -1 -1 -1.2474 305.6760 197.1335 408.3128 349.9569 1.6198 0.6529 1.7238 -2.9298 1.8282 8.6494 -1.5713 0.5731
Cyclist -1 -1 -1.7034 576.7134 171.9552 599.3172 232.4097 1.7903 0.5543 0.9769 -0.4422 1.5088 21.7964 -1.7288 0.1452
