Pedestrian -1 -1 -2.6682 533.8190 171.5213 554.4648 210.2797 1.6999 0.4753 0.7816 -2.9611 1.6418 32.0091 -2.7602 0.2179
Pedestrian -1 -1 -1.2009 138.0972 170.3031 175.2296 218.8345 1.7870 0.6924 1.5044 -17.2199 1.6934 27.3690 -1.7583 0.2174
Pedestrian -1 -1 -3.0934 650.7277 154.7439 667.8536 189.5102 1.9067 0.6242 0.9179 2.6956 0.9138 39.9312 -3.0267 0.1476
Cyclist -1 -1 -1.1759 136.4270 171.4521 177.9868 219.0010 1.7440 0.6792 1.8370 -17.2260 1.6929 27.4228 -1.7326 0.4609
Car -1 -1 2.0168 157.0237 182.0551 289.7947 242.9141 1.5435 1.7282 4.2528 -11.1574 1.8405 21.1041 1.5354 0.9255
Car -1 -1 -1.6253 556.1175 169.4252 720.4561 328.1358 1.6218 1.6914 4.3926 0.1488 1.5872 9.5997 -1.6119 0.8190
Car -1 -1 1.5911 588.0487 170.8171 642.1324 220.8507 1.4361 1.5541 3.7919 0.1478 1.3780 22.6227 1.5969 0.2869
Car -1 -1 -2.9862 1104.3137 158.8959 1242.0000 215.3469 1.7607 1.6700 4.1810 19.5040 1.3257 24.5999 -2.3220 0.1302
Car -1 -1 -2.3450 172.6202 171.5376 238.4153 196.6416 1.7209 1.6653 4.0858 -28.5183 1.6310 50.8362 -2.8542 0.1246
Car -1 -1 -2.3287 765.2481 161.4932 853.2469 201.9315 1.9060 1.7870 4.3066 9.9042 1.3709 36.3250 -2.0650 0.1156
