Pedestrian -1 -1 -1.8482 711.5248 166.4871 739.3270 222.8367 1.8732 0.6491 1.1177 3.8775 1.6619 24.5779 -1.6943 0.8344
Pedestrian -1 -1 0.5473 900.9888 136.8986 947.4601 215.4721 1.7595 0.6004 0.7866 7.1976 0.9547 16.6496 0.9487 0.2904
Pedestrian -1 -1 1.9348 322.7927 164.7655 347.0641 218.9223 1.7292 0.5751 0.5478 -8.9283 1.4713 23.3095 1.5725 0.2847
Pedestrian -1 -1 1.7105 263.4324 168.5640 361.3157 373.1539 1.8034 0.6565 1.7605 -3.0004 1.7660 7.2904 1.3317 0.1117
Pedestrian -1 -1 0.7972 461.1653 183.4563 513.1850 242.4751 1.6414 0.5764 1.5444 -3.6297 1.9604 20.9973 0.6274 0.1017
Cyclist -1 -1 1.7147 472.8589 182.9023 500.2491 244.6219 1.6999 0.5564 1.6394 -3.6188 2.0038 20.9658 1.5451 0.8836
Cyclist -1 -1 1.8860 235.2558 166.5405 366.1322 375.0000 1.8731 0.6325 1.8737 -3.0682 1.8185 7.2279 1.4965 0.8181
Cyclist -1 -1 1.9098 144.8047 178.9352 289.2306 375.0000 1.7816 0.5607 1.9187 -3.6686 1.8478 6.8126 1.4311 0.6636
Cyclist -1 -1 0.5473 900.9888 136.8986 947.4601 215.4721 1.7595 0.6004 0.7866 7.1976 0.9547 16.6496 0.9487 0.1108
Car -1 -1 1.8177 317.6727 195.6002 433.6936 273.6439 1.5041 1.6323 4.2146 -5.4977 2.1180 17.3072 1.5137 0.9080
Car -1 -1 1.7808 479.7683 188.3873 529.7570 222.5787 1.5131 1.6275 4.2046 -5.2233 2.3356 36.0355 1.6373 0.6593
Car -1 -1 -1.4254 639.3912 181.2120 680.0631 213.3195 1.5575 1.6175 3.7591 2.6330 2.0219 38.0512 -1.3575 0.6431
