Pedestrian -1 -1 -2.5668 768.4168 164.8685 813.6175 239.7992 1.7563 0.6836 0.8178 4.4597 1.3915 17.0999 -2.3145 0.2430
Pedestrian -1 -1 -0.7343 419.9786 171.4627 441.9013 197.9559 1.6777 0.4435 1.4435 -11.1939 1.1067 45.4897 -0.9722 0.1598
Pedestrian -1 -1 -0.8419 1184.8247 149.7877 1224.0000 236.3665 1.6976 0.6586 0.6224 12.2168 1.0971 14.2287 -0.1418 0.1519
Pedestrian -1 -1 2.3025 206.7330 177.4576 235.5492 222.8237 1.6986 0.5940 0.7813 -14.6357 1.5862 26.9180 1.8111 0.1166
Pedestrian -1 -1 -3.1408 614.7252 160.1705 626.1355 183.1354 1.9906 0.5158 0.9890 1.3632 0.2296 61.5537 -3.1170 0.1105
Cyclist -1 -1 -0.8389 418.8470 171.9854 442.5790 198.6248 1.6799 0.4331 1.7316 -11.1943 1.1443 45.4474 -1.0770 0.5932
Cyclist -1 -1 -2.2356 763.6170 163.8692 820.0627 236.1046 1.6868 0.6044 1.3801 4.5035 1.3000 17.2587 -1.9831 0.1550
Cyclist -1 -1 -1.7665 791.1752 121.3466 830.5041 210.3619 1.6969 0.4362 1.6616 4.1047 0.5709 14.3189 -1.4909 0.1138
Car -1 -1 -1.5500 548.1891 166.3861 569.5389 186.2122 1.4916 1.5758 3.8783 -3.5586 0.4310 55.1589 -1.6122 0.3350
Car -1 -1 1.8277 336.1164 177.1379 379.4514 201.7774 1.4808 1.6005 4.0014 -15.5153 1.2801 44.5422 1.4964 0.1896
Car -1 -1 0.8713 74.4118 186.7755 133.0802 207.0421 1.5352 1.6106 3.9501 -39.4197 2.0416 55.6315 0.2591 0.1160
