Pedestrian -1 -1 -1.1730 1030.7382 173.6852 1066.8931 237.8805 1.7275 0.6204 0.7325 12.0516 1.7513 19.8933 -0.6355 0.2264
Pedestrian -1 -1 -1.6029 971.2499 211.1255 1002.8826 278.5345 1.7243 0.7264 0.8245 10.1746 2.7914 19.5807 -1.1312 0.1735
Pedestrian -1 -1 -1.3874 1004.4484 190.3972 1035.5699 252.4885 1.7549 0.6912 0.6411 11.9573 2.2802 21.1215 -0.8791 0.1283
Pedestrian -1 -1 -1.7171 1019.9984 170.9953 1046.1995 223.0215 1.7326 0.6444 0.8595 14.3397 1.6711 24.5443 -1.1941 0.1201
Car -1 -1 -3.2461 1003.6870 182.2611 1238.5337 257.1335 1.4788 1.6261 4.1761 11.2750 1.7149 16.3751 -2.6521 0.8899
Car -1 -1 -0.7814 694.8875 195.7480 776.4439 235.0998 1.5804 1.6222 3.5096 5.6564 2.6681 32.5926 -0.6120 0.8593
Car -1 -1 -1.7496 598.8179 178.8521 655.0040 227.5046 2.3699 2.0339 5.5733 0.7719 2.7168 38.7749 -1.7307 0.3250
Car -1 -1 1.0529 626.7849 178.8541 668.8056 198.9577 1.5459 1.6222 4.0666 3.0227 2.0547 58.9633 1.1034 0.2217
Car -1 -1 1.3930 1197.8854 137.9475 1242.0000 375.0000 1.4770 1.5799 3.8667 5.4596 1.3216 5.2596 2.1693 0.2063
Car -1 -1 3.1351 506.1621 188.1663 557.9716 209.5795 1.5966 1.6585 3.9644 -6.1100 2.8151 56.3477 3.0270 0.1443
Car -1 -1 0.8637 620.7439 184.6082 673.0525 206.9973 1.5381 1.6173 4.1071 2.6891 2.4512 53.9101 0.9127 0.1392
Car -1 -1 1.4512 487.6979 179.8410 516.7993 202.5747 1.5298 1.6038 3.9982 -7.8294 2.0545 52.0061 1.3021 0.1204
