Pedestrian -1 -1 -2.2264 366.6463 169.2975 406.0912 247.2746 1.7424 0.6023 0.6350 -5.1780 1.6633 16.5489 -2.5257 0.2127
Pedestrian -1 -1 -2.4986 809.6951 181.7546 893.8408 275.7472 1.6132 0.4516 1.4845 4.3633 1.7862 13.2562 -2.1883 0.1842
Cyclist -1 -1 -1.9015 824.0957 181.8161 879.9912 278.5090 1.6403 0.4352 1.6637 4.3548 1.8154 13.2287 -1.5912 0.7142
Car -1 -1 -1.7761 685.8215 177.7337 812.4034 272.8707 1.5736 1.6247 3.7160 2.4898 1.6814 14.0094 -1.6050 0.9373
Car -1 -1 1.7649 398.6133 185.6182 519.2325 281.3661 1.5166 1.5482 3.6097 -2.7727 1.7916 13.7150 1.5682 0.8813
Car -1 -1 -1.7710 647.6296 174.0934 723.2869 228.0175 1.6198 1.6591 4.2194 2.3548 1.6650 23.9555 -1.6750 0.8744
Car -1 -1 -1.6960 671.5770 182.1435 750.0771 247.8125 1.4873 1.5362 3.5740 2.4585 1.7506 18.6343 -1.5678 0.8039
Car -1 -1 -1.7199 639.0712 171.3043 684.1339 210.6655 1.9663 1.7295 4.4351 2.6377 1.8893 38.3232 -1.6523 0.7438
Car -1 -1 1.6235 530.7188 176.8423 565.6339 209.7914 1.6272 1.6278 4.1630 -3.2630 1.8507 38.2484 1.5385 0.7104
Car -1 -1 1.3941 628.9456 176.1805 664.7101 202.4142 1.5721 1.5918 3.9207 2.2603 1.7930 45.8010 1.4426 0.2535
Car -1 -1 1.4072 509.9860 174.9241 539.5819 196.6080 1.5732 1.5902 4.0735 -6.5507 1.7374 54.9395 1.2887 0.2227
