Pedestrian -1 -1 -1.9801 737.8729 142.1068 757.0240 184.1007 1.8909 0.6843 0.5718 6.2140 0.5068 32.8406 -1.7948 0.2290
Pedestrian -1 -1 -2.0344 1105.8395 109.2191 1148.6796 183.5689 1.8879 0.6682 0.6749 13.3491 0.2724 18.7016 -1.4216 0.1298
Pedestrian -1 -1 1.4811 879.4839 129.2588 898.7083 178.3867 1.8595 0.5978 1.0289 10.7361 0.2098 27.8835 1.8453 0.1093
Cyclist -1 -1 2.1702 74.6353 165.8490 108.1621 201.2972 1.8102 0.5621 1.6946 -27.1131 1.4528 37.6965 1.5499 0.1180
Car -1 -1 -1.6754 572.0164 177.8732 604.6561 203.7376 1.5068 1.6092 4.0513 -1.4256 1.8347 44.9706 -1.7074 0.5465
Car -1 -1 1.6735 474.8176 178.4180 510.9323 207.3874 1.4952 1.5735 4.0409 -6.4921 1.8206 40.0911 1.5136 0.1765
Car -1 -1 1.2026 477.0904 179.7999 518.2065 203.5355 1.5405 1.5759 3.7275 -7.8515 2.0416 50.0093 1.0472 0.1612
Car -1 -1 1.7019 649.2880 164.0227 672.2459 182.4241 1.6550 1.6112 4.0890 4.7286 0.8611 67.0552 1.7718 0.1298
Car -1 -1 1.7470 227.6785 194.6541 264.3492 219.3100 1.5263 1.6223 3.9367 -25.4647 3.1173 50.5257 1.2820 0.1058
Car -1 -1 1.7371 407.6763 189.5742 435.3593 208.9597 1.5159 1.6400 4.1980 -16.2584 3.0104 62.3124 1.4825 0.1040
