Pedestrian -1 -1 1.1815 1088.2416 108.8071 1224.0000 370.0000 1.8319 0.7022 0.8093 3.9610 1.3708 5.0378 1.8196 0.6306
Pedestrian -1 -1 1.5654 709.4177 161.3037 726.0349 206.1581 1.8688 0.6848 0.7869 4.7417 1.0705 29.8942 1.7228 0.5101
Pedestrian -1 -1 0.8396 961.0549 121.7407 1121.9910 370.0000 1.8385 0.5552 0.8858 3.1413 1.4453 5.2387 1.3555 0.3713
Pedestrian -1 -1 1.2458 688.3657 165.1883 710.3598 209.5514 1.8353 0.6808 0.8466 3.9408 1.2034 29.7270 1.3779 0.3602
Pedestrian -1 -1 -0.3191 581.2878 153.8384 596.7745 183.7382 1.8202 0.6137 0.7999 -0.9874 0.1985 43.4598 -0.3396 0.3134
Pedestrian -1 -1 2.1948 986.0577 127.8506 1155.6372 363.8260 1.8258 0.7524 1.0383 3.8941 1.4201 6.0122 2.7477 0.2506
Pedestrian -1 -1 1.4012 381.6394 161.3467 416.9356 252.1155 1.7927 0.5634 0.8329 -4.2556 1.4160 14.4567 1.1227 0.2364
Pedestrian -1 -1 1.0704 361.9767 140.2108 405.3607 234.7489 1.6942 0.4797 0.7258 -4.1455 0.9738 13.0911 0.7729 0.2056
Cyclist -1 -1 1.0301 977.7060 119.2783 1157.5148 370.0000 1.8769 0.6738 1.0446 3.3774 1.4610 5.3403 1.5696 0.1421
Car -1 -1 -1.5719 732.8239 162.2609 763.6982 195.6013 1.9244 1.7535 4.3013 8.7178 0.8730 43.0871 -1.3720 0.5000
