Pedestrian -1 -1 -0.3209 423.1223 172.7171 463.6149 250.0176 1.7354 0.7237 0.7213 -3.6968 1.5394 16.6199 -0.5420 0.8512
Pedestrian -1 -1 0.9350 817.3799 139.9303 869.4523 229.3511 1.8037 0.5832 0.9376 5.0114 0.9665 15.0243 1.2466 0.4338
Pedestrian -1 -1 0.1034 749.0724 152.4828 787.1730 246.4438 1.7479 0.6865 0.6531 3.1665 1.2094 13.7888 0.3197 0.2845
Pedestrian -1 -1 2.5109 829.7558 150.8539 885.9080 239.6689 1.7118 0.5452 0.9012 5.0384 1.1224 14.2365 2.8400 0.2486
Pedestrian -1 -1 -1.0028 0.0000 163.5349 159.8793 374.0000 1.7595 0.6377 0.6782 -2.2629 1.7011 2.7534 -1.6540 0.2456
Pedestrian -1 -1 0.4446 879.4774 151.0514 944.8740 259.7142 1.6914 0.5180 0.8346 4.9970 1.2188 11.6621 0.8360 0.2097
Pedestrian -1 -1 -1.8493 837.0159 153.8528 859.3972 199.9535 1.7967 0.6984 0.5765 9.6982 0.7202 28.2961 -1.5269 0.1902
Pedestrian -1 -1 0.5995 964.7928 207.4685 1179.2910 374.0000 1.7552 0.6746 0.7602 2.5421 1.9192 4.0054 1.1294 0.1876
Pedestrian -1 -1 -1.2451 969.5889 146.2484 1018.7137 236.2091 1.6591 0.5056 1.1399 7.5249 1.0102 13.8210 -0.7596 0.1598
Pedestrian -1 -1 3.0835 347.4386 178.9429 469.7594 297.8904 1.5687 0.7593 1.6039 -2.7566 1.5363 10.0863 2.8174 0.1502
Pedestrian -1 -1 -2.0972 904.0754 143.8607 1036.6771 270.7898 1.6330 0.7705 1.9520 5.1297 1.1501 10.2419 -1.6484 0.1178
Cyclist -1 -1 3.1701 333.5802 190.3783 480.2289 308.5312 1.5200 0.8553 1.8847 -2.7118 1.6525 9.9709 2.9051 0.5596
Cyclist -1 -1 -2.1753 896.5870 140.4646 1035.7717 266.9708 1.6409 0.7648 1.9845 5.1258 1.1100 10.3556 -1.7309 0.2896
Cyclist -1 -1 -0.5400 954.3632 147.5390 1034.0032 235.4482 1.6578 0.5082 1.2681 7.5128 1.0186 13.8330 -0.0555 0.1858
Cyclist -1 -1 1.0588 821.3729 140.2374 873.5609 232.4715 1.8333 0.5852 1.0208 5.0270 1.0144 14.8330 1.3751 0.1498
Car -1 -1 3.1701 333.5802 190.3783 480.2289 308.5312 1.5200 0.8553 1.8847 -2.7118 1.6525 9.9709 2.9051 0.1567
Car -1 -1 -2.1753 896.5870 140.4646 1035.7717 266.9708 1.6409 0.7648 1.9845 5.1258 1.1100 10.3556 -1.7309 0.1231
