Pedestrian -1 -1 3.1584 384.6661 161.2512 407.3289 201.0379 1.8154 0.6778 0.9939 -9.9330 1.2863 33.3788 2.8710 0.5802
Pedestrian -1 -1 -1.3562 131.5212 173.6903 161.8076 229.8342 1.6547 0.4938 1.3642 -14.1661 1.6814 22.0092 -1.9228 0.1622
Cyclist -1 -1 -1.3794 133.0805 173.7546 162.0079 229.0374 1.6331 0.4789 1.4234 -14.1894 1.6620 22.0871 -1.9452 0.2545
Cyclist -1 -1 3.1411 383.9046 161.4686 406.7307 201.2037 1.8125 0.6894 1.0025 -9.9709 1.2935 33.3836 2.8527 0.1351
Car -1 -1 1.2326 343.3584 161.3013 409.5450 198.0694 1.7508 1.7698 4.6184 -11.9858 1.2010 36.7273 0.9190 0.7981
Car -1 -1 -1.9906 398.5432 162.8400 452.2092 193.3395 1.5592 1.5776 3.2978 -9.9602 1.0476 38.6652 -2.2414 0.6973
Car -1 -1 -2.0190 448.2928 160.0560 515.4374 193.1288 1.7307 1.7524 4.8451 -7.2478 1.0613 40.2313 -2.1963 0.6668
Car -1 -1 0.8540 607.2887 155.9151 673.0785 185.2711 1.7173 1.6884 4.2065 1.7730 0.7267 44.3741 0.8934 0.4982
Car -1 -1 -2.2327 743.3925 166.0362 794.1357 188.4107 1.6183 1.6358 3.9591 11.8764 1.1255 54.3218 -2.0189 0.3055
Car -1 -1 -2.6418 833.5517 158.1085 894.0394 181.0337 1.8045 1.7441 4.3604 20.6844 0.6442 58.9934 -2.3062 0.2949
Car -1 -1 0.7094 681.2346 158.4785 736.8943 184.3826 1.6859 1.5977 3.5405 6.6412 0.7507 48.8094 0.8436 0.2488
