Pedestrian -1 -1 1.5124 858.9966 165.9242 924.0165 300.3832 1.7257 0.7494 0.8853 3.8690 1.5271 9.7514 1.8753 0.8860
Pedestrian -1 -1 2.4984 209.5046 175.7542 273.9533 301.3472 1.6665 0.5965 0.5470 -5.0026 1.5916 9.9070 2.0355 0.7916
Pedestrian -1 -1 1.8754 447.9175 173.5829 485.4093 251.6154 1.7721 0.6146 0.9343 -3.1784 1.5935 16.8100 1.6859 0.7885
Pedestrian -1 -1 -1.3132 508.1680 181.0416 531.1558 232.0115 1.6035 0.5461 0.8201 -2.6435 1.5902 23.0407 -1.4314 0.5731
Pedestrian -1 -1 2.1171 606.1765 174.1869 629.8930 217.3305 1.8458 0.5725 1.0575 0.7148 1.5339 31.3302 2.1345 0.5613
Pedestrian -1 -1 1.7141 622.6317 174.7109 634.0025 207.3891 1.9149 0.5551 0.9085 1.5992 1.5178 42.5864 1.7463 0.4502
Pedestrian -1 -1 -1.9529 432.4042 172.1376 465.6118 229.7291 1.6973 0.6858 0.9223 -4.6466 1.4225 21.7420 -2.1663 0.3601
Pedestrian -1 -1 -0.2291 557.9508 181.6976 603.4876 219.2231 1.6121 0.8742 1.8446 -0.9289 1.6219 31.5258 -0.2635 0.1117
Cyclist -1 -1 -0.1815 556.5449 181.4684 602.6928 218.8788 1.6086 0.8670 1.8949 -0.9781 1.6082 31.5134 -0.2175 0.7000
Cyclist -1 -1 0.8267 0.0000 187.5970 246.2905 374.0000 1.6085 0.6294 1.7562 -3.4704 1.6561 4.9310 0.2312 0.4336
Cyclist -1 -1 -1.3383 508.2730 180.6792 530.8593 232.4621 1.6258 0.5378 0.8697 -2.6431 1.6012 23.0136 -1.4567 0.1648
Cyclist -1 -1 2.1218 606.0538 174.5100 631.3405 217.4071 1.8355 0.5677 1.1960 0.7465 1.5374 31.3907 2.1402 0.1579
Cyclist -1 -1 -1.8828 433.5192 171.8148 466.2168 230.6090 1.7277 0.7004 0.9649 -4.6126 1.4442 21.6986 -2.0951 0.1164
Car -1 -1 -1.4296 559.4841 186.2348 604.9766 219.3899 1.5074 1.6875 4.2270 -0.8931 1.7566 35.4755 -1.4598 0.3084
