Pedestrian -1 -1 -0.7338 1173.6050 98.7969 1242.0000 284.7767 1.7089 0.6244 0.5972 5.9240 1.0288 6.9537 -0.0488 0.4540
Pedestrian -1 -1 2.0814 33.2497 181.2455 91.3650 271.1899 1.7357 0.5952 0.8301 -11.0077 1.9095 14.4557 1.4392 0.1943
Cyclist -1 -1 -2.1040 865.5212 166.6529 916.0628 222.6551 1.6969 0.6772 1.7596 8.7936 1.5094 22.7846 -1.7406 0.1507
Cyclist -1 -1 2.0814 33.2497 181.2455 91.3650 271.1899 1.7357 0.5952 0.8301 -11.0077 1.9095 14.4557 1.4392 0.1121
Car -1 -1 1.8779 315.0135 180.1370 407.2482 237.0099 1.7751 1.7744 4.4718 -8.6440 2.0541 25.3471 1.5519 0.9317
Car -1 -1 2.1940 0.0000 203.2900 166.9877 343.4874 1.4032 1.5880 3.9938 -8.2237 1.9168 10.1321 1.5248 0.8147
Car -1 -1 -2.0696 891.3547 109.2176 1242.0000 336.7848 2.0684 1.7052 4.2976 5.0196 1.4904 8.7115 -1.5622 0.4976
Car -1 -1 2.2038 426.9021 183.8783 490.3990 212.9983 1.5644 1.6306 3.9670 -8.8899 2.2472 42.5250 1.9984 0.4266
Car -1 -1 1.6418 470.9816 183.4889 496.7048 205.8590 1.6010 1.6714 4.1271 -9.7454 2.4554 55.8054 1.4693 0.4052
Car -1 -1 1.4303 927.7737 142.7608 1015.6229 204.7462 1.4923 1.5490 3.7884 9.5583 0.7681 19.4083 1.8818 0.1669
Car -1 -1 -1.7654 597.1108 179.0002 622.1822 196.5041 1.5657 1.6159 4.0163 -0.0831 2.1648 68.1578 -1.7670 0.1657
Car -1 -1 1.5585 524.4544 177.2554 543.3553 195.5245 1.4979 1.5668 3.9111 -6.6030 1.8899 62.1698 1.4528 0.1620
