Pedestrian -1 -1 1.5663 932.7700 134.0156 968.9896 253.9833 1.8412 0.5073 1.0180 5.4338 1.2455 11.6395 1.9930 0.5283
Pedestrian -1 -1 -0.1199 751.3562 127.9034 785.6680 214.2099 1.6507 0.4542 0.5992 3.0300 0.7914 14.0503 0.0879 0.5197
Cyclist -1 -1 1.5765 933.1428 133.4679 969.3038 253.3188 1.8393 0.5064 1.0010 5.4411 1.2352 11.6307 2.0039 0.1621
Car -1 -1 1.9824 154.0715 194.3424 406.5667 335.4908 1.5097 1.7183 4.1074 -4.4547 1.8817 10.4108 1.5865 0.9193
Car -1 -1 1.8178 345.8162 181.3635 463.4462 274.1129 1.7446 1.5733 3.7974 -4.4020 1.9543 15.8352 1.5501 0.9098
Car -1 -1 -1.8667 747.6660 179.3054 960.5167 319.8213 1.5109 1.5960 3.7382 2.9892 1.6157 9.8043 -1.5803 0.9008
Car -1 -1 -1.7250 689.2718 180.1659 779.8324 247.4535 1.4892 1.6348 3.9778 3.0015 1.6961 18.3912 -1.5667 0.8973
Car -1 -1 1.7821 423.3977 181.8752 509.2224 246.9472 1.6938 1.6588 4.1095 -4.1924 1.9879 21.4234 1.5905 0.8922
Car -1 -1 -2.1565 878.2480 176.7776 1242.0000 375.0000 1.5160 1.6265 4.1190 2.7763 1.5471 3.5506 -1.5331 0.6683
Car -1 -1 -1.7050 674.3397 179.1610 737.2770 228.7906 1.5193 1.5735 4.0307 3.1376 1.7526 24.6232 -1.5805 0.6316
Car -1 -1 -1.7057 625.6675 179.9771 652.4175 201.4415 1.5059 1.5171 3.5484 2.1023 2.0544 53.6797 -1.6673 0.3118
