Pedestrian -1 -1 1.9799 191.4567 175.2155 213.0616 214.7716 1.9048 0.6316 0.8518 -19.9547 2.0221 35.2534 1.4678 0.5070
Pedestrian -1 -1 -2.0977 857.2197 167.1875 884.6125 218.6882 1.7693 0.6509 0.6651 9.0543 1.5750 25.1730 -1.7566 0.1330
Pedestrian -1 -1 2.2384 362.4329 176.4869 376.5819 197.1884 1.7878 0.5375 1.2177 -21.0845 2.1097 63.2063 1.9174 0.1183
Pedestrian -1 -1 1.6591 330.4088 159.9969 348.5804 208.7281 1.7377 0.5389 0.9196 -9.8763 1.2796 26.2415 1.3022 0.1172
Pedestrian -1 -1 -1.7242 853.3306 125.5945 877.5358 181.3015 1.8367 0.6607 0.7099 8.5145 0.2789 24.1952 -1.3895 0.1150
Cyclist -1 -1 2.2407 360.3315 177.4206 376.6613 197.5876 1.7320 0.5287 1.5147 -21.1453 2.1370 63.1303 1.9185 0.1358
Car -1 -1 2.1525 0.0000 197.8500 123.9450 291.3656 1.5196 1.5879 3.8564 -11.9655 2.1010 14.7785 1.4805 0.8755
Car -1 -1 -1.5590 571.7011 178.0175 608.5314 213.3875 1.5838 1.6822 4.3777 -0.9842 1.8514 35.1511 -1.5874 0.8433
Car -1 -1 -0.9335 96.9603 149.8572 195.0059 188.0065 1.5692 1.6290 3.8649 -20.2768 0.6236 31.6617 -1.4994 0.1973
Car -1 -1 2.0843 678.8843 170.8447 720.6031 190.1568 1.5520 1.6381 4.1258 7.4900 1.3909 60.1298 2.2074 0.1404
Car -1 -1 1.5003 785.8531 186.4719 819.6107 216.4147 1.5206 1.5475 3.8035 10.7319 2.3230 40.4823 1.7570 0.1253
Car -1 -1 1.3957 656.6855 181.9757 696.1365 209.9437 1.5140 1.6083 4.1302 3.8303 2.0795 42.5711 1.4842 0.1108
