Pedestrian -1 -1 1.0714 585.6367 170.5874 610.1187 206.4632 1.6040 0.5296 1.3615 -0.4937 0.9511 32.8591 1.0561 0.2026
Pedestrian -1 -1 -1.5633 831.1484 154.8819 855.4929 221.6092 1.7682 0.6160 0.6150 6.3231 0.9655 19.4333 -1.2533 0.1388
Pedestrian -1 -1 -1.8071 392.2510 186.2862 415.2648 241.0178 1.7297 0.5633 0.7112 -6.6238 1.7661 23.1803 -2.0829 0.1082
Pedestrian -1 -1 -0.8237 1028.3922 152.3137 1081.1343 243.3557 1.7302 0.6313 0.6065 8.6790 1.1061 14.0450 -0.2795 0.1011
Cyclist -1 -1 1.2578 586.3983 170.9972 607.6478 206.6918 1.5935 0.5213 1.5376 -0.5349 0.9599 32.8986 1.2413 0.5054
Car -1 -1 -1.7933 482.6271 164.2474 533.5668 199.9798 1.6936 1.6944 4.0017 -5.1118 0.7009 36.2395 -1.9327 0.9274
Car -1 -1 -1.7546 400.0177 165.5052 441.2581 192.8008 1.4614 1.5934 3.7202 -10.6115 0.4072 40.5062 -2.0094 0.7045
Car -1 -1 1.3895 321.0015 166.2314 359.7817 191.1314 1.5352 1.6196 4.2168 -17.3729 0.3659 46.5420 1.0339 0.1345
Car -1 -1 -1.2424 58.2558 162.3203 136.6950 199.8349 1.5834 1.6245 4.1679 -23.0325 0.6182 32.5659 -1.8542 0.1337
Car -1 -1 1.7266 132.2858 176.9669 189.1249 211.5825 1.4955 1.5986 4.1259 -20.6359 1.1403 33.2648 1.1748 0.1135
