Pedestrian -1 -1 -1.3552 860.0891 180.1671 892.4943 250.8733 1.6925 0.6410 0.5928 6.5146 1.8773 17.7770 -1.0102 0.2080
Pedestrian -1 -1 -2.6323 399.0836 174.1581 425.0050 225.8815 1.7867 0.6720 0.6307 -6.9938 1.8336 25.3440 -2.8994 0.1659
Pedestrian -1 -1 -2.9033 757.8848 172.6138 790.2878 239.4743 1.6840 0.5272 0.7110 4.1755 1.6783 18.5634 -2.6863 0.1565
Cyclist -1 -1 -2.0418 786.4819 148.5424 842.1027 221.4328 1.7098 0.5801 1.7498 4.9717 1.1399 17.8382 -1.7747 0.1535
Car -1 -1 3.2619 9.7250 192.0315 289.0310 292.4343 1.5229 1.6522 4.0875 -8.1448 1.9152 13.1476 2.7159 0.9467
Car -1 -1 1.6594 408.9279 185.5138 481.9304 245.2755 1.4814 1.6878 4.2884 -4.7394 1.8907 21.0662 1.4401 0.9041
Car -1 -1 -1.6829 444.2472 177.1689 473.8045 199.8266 1.4924 1.5966 3.8471 -10.6056 1.8065 50.3906 -1.8896 0.4649
Car -1 -1 2.6275 668.3693 174.3128 763.7980 214.7973 1.6101 1.5991 3.6370 4.3934 1.6743 30.1993 2.7700 0.2566
Car -1 -1 -2.0706 539.3475 160.5244 606.6129 194.9162 2.1834 2.0206 5.7509 -2.6223 1.4010 48.7821 -2.1243 0.1634
Car -1 -1 -2.0286 622.1949 154.5199 670.3060 180.5756 1.5861 1.5763 3.7052 2.2298 0.4704 45.9326 -1.9806 0.1496
Car -1 -1 1.3921 420.8995 175.0446 448.6840 194.5696 1.5141 1.5456 3.7313 -14.2381 1.6980 58.4223 1.1538 0.1326
