Pedestrian -1 -1 -1.8559 768.1657 170.8407 806.7519 241.5972 1.6320 0.6753 0.8088 4.3536 1.3874 16.9845 -1.6140 0.8877
Pedestrian -1 -1 -1.4588 942.5973 161.1073 997.9104 283.5003 1.6084 0.6093 0.8078 5.0673 1.3418 9.9416 -1.0035 0.8680
Pedestrian -1 -1 -1.0338 194.7449 161.2607 326.8504 373.9860 1.8410 0.6524 1.1063 -3.2269 1.6672 6.7974 -1.4688 0.8609
Pedestrian -1 -1 -1.5670 774.1412 165.7234 871.3719 363.2067 1.5950 0.7638 0.6319 1.8473 1.4689 6.2069 -1.2952 0.8197
Pedestrian -1 -1 2.3426 479.8932 179.1421 508.3223 225.1668 1.8025 0.6836 0.9103 -4.3029 1.7112 28.6989 2.1898 0.6702
Pedestrian -1 -1 -0.5748 495.7240 173.4683 524.8884 217.4734 1.7890 0.6031 1.0386 -3.7908 1.4634 29.7667 -0.7056 0.4734
Pedestrian -1 -1 -2.1335 831.8889 157.6136 861.5594 214.1895 1.7889 0.6415 0.6713 7.8623 1.0347 23.1138 -1.8141 0.4276
Pedestrian -1 -1 -1.9670 598.2942 174.9864 618.3263 209.0501 1.7968 0.6973 1.1040 0.3599 1.4541 38.5315 -1.9629 0.3898
Pedestrian -1 -1 -0.5487 876.1104 160.1990 910.1329 225.1436 1.8100 0.6354 0.6569 8.2432 1.2175 20.3869 -0.1740 0.3514
Pedestrian -1 -1 2.8004 401.3369 175.0441 476.7304 249.7505 1.6835 0.8108 1.5524 -3.8625 1.5393 16.9443 2.5741 0.2820
Cyclist -1 -1 2.3620 399.4939 176.7163 478.3068 252.7428 1.6899 0.8077 1.7524 -3.8355 1.5847 16.9200 2.1369 0.4631
Cyclist -1 -1 -1.9670 598.2942 174.9864 618.3263 209.0501 1.7968 0.6973 1.1040 0.3599 1.4541 38.5315 -1.9629 0.1696
Cyclist -1 -1 -0.8434 495.1955 174.1619 524.9738 218.8954 1.8092 0.6219 1.1425 -3.7872 1.5134 29.6971 -0.9744 0.1620
Cyclist -1 -1 -1.0591 196.6345 165.2848 333.1587 374.0000 1.8131 0.6863 1.1694 -3.1962 1.6741 6.8257 -1.4890 0.1513
Car -1 -1 1.7016 550.3159 167.2764 601.9035 214.5636 2.1687 1.9123 5.2266 -1.1740 1.5173 35.6334 1.6638 0.5949
