Pedestrian -1 -1 -3.6495 1166.2333 155.4865 1242.0000 340.3538 1.6697 0.5140 0.6740 5.7354 1.5132 6.8242 -2.9723 0.3342
Car -1 -1 -1.9507 800.0678 191.2365 1189.7788 375.0000 1.3938 1.5968 4.2466 3.1135 1.6276 7.0207 -1.5500 0.9209
Car -1 -1 1.7258 448.4299 167.4653 518.7470 215.8593 1.4921 1.7059 4.1372 -4.2057 1.3263 24.3248 1.5559 0.9021
Car -1 -1 1.9332 136.2856 166.7959 420.0147 352.2498 1.6238 1.5950 3.7143 -3.4547 1.5711 8.1921 1.5448 0.8812
Car -1 -1 -1.8945 722.4844 176.1732 878.8418 280.0195 1.4959 1.5172 3.3295 3.0070 1.5605 12.2272 -1.6600 0.8721
Car -1 -1 -1.8243 670.2457 172.2767 764.8320 238.1040 1.5553 1.5873 3.4929 2.6572 1.5420 18.8722 -1.6874 0.8514
Car -1 -1 -1.7376 648.1614 169.8210 716.5907 219.6497 1.4880 1.5952 3.6908 2.2219 1.3978 23.4435 -1.6449 0.7902
Car -1 -1 2.2096 0.0000 0.0000 282.1320 375.0000 1.7398 1.6814 4.0565 -2.9187 1.3937 2.8499 1.4579 0.6396
Car -1 -1 -1.7397 630.6271 167.6341 688.1411 207.7733 1.5125 1.6217 4.2544 1.8887 1.3161 29.3863 -1.6767 0.6129
Car -1 -1 1.7344 475.4162 169.6286 528.9827 207.7246 1.4875 1.6014 3.8500 -4.4694 1.3619 30.1093 1.5878 0.5492
Car -1 -1 1.7917 607.4603 166.0218 636.3433 185.9402 1.6673 1.6747 3.9763 1.0444 1.0957 62.5219 1.8080 0.3097
