Pedestrian -1 -1 0.1690 1013.4532 118.6884 1140.1665 340.6345 1.7233 0.5500 0.8253 3.8935 1.2079 6.0566 0.7195 0.1997
Pedestrian -1 -1 -0.9726 0.0000 60.8105 218.1598 376.0000 1.6885 0.6013 1.8621 -2.6533 1.2721 3.3494 -1.6038 0.1173
Cyclist -1 -1 -0.9726 0.0000 60.8105 218.1598 376.0000 1.6885 0.6013 1.8621 -2.6533 1.2721 3.3494 -1.6038 0.4246
Car -1 -1 -1.1481 221.6582 183.7081 346.2275 251.7552 1.5276 1.5661 3.3259 -7.9242 1.4949 17.8041 -1.5615 0.8462
Car -1 -1 2.1636 0.0000 180.0258 208.1609 302.0719 1.4193 1.6234 4.2787 -7.8413 1.3601 10.5225 1.5354 0.8291
Car -1 -1 -1.6069 577.0324 178.1409 618.6788 216.3902 1.5625 1.6637 3.7304 -0.5188 1.2746 31.2683 -1.6238 0.7854
Car -1 -1 -1.1234 207.0573 182.8212 304.9345 230.3623 1.5332 1.5928 3.7267 -12.1699 1.4571 25.0437 -1.5719 0.5023
Car -1 -1 -0.7590 0.0000 0.0000 219.1512 376.0000 1.6479 1.5602 3.5574 -3.2849 1.2318 2.7722 -1.5809 0.4463
Car -1 -1 -1.3831 0.0000 147.1263 106.9811 213.0987 1.6257 1.6903 4.4596 -15.4526 0.6882 20.0837 -2.0323 0.3624
Car -1 -1 -1.6829 634.2391 174.3730 675.6453 206.5129 1.4861 1.5807 3.9238 2.2254 0.9859 35.2343 -1.6208 0.2371
