Pedestrian -1 -1 -2.1092 63.8403 142.9520 103.2135 205.4010 1.8465 0.6991 0.7057 -15.9445 0.9627 21.7925 -2.7351 0.4128
Pedestrian -1 -1 1.8418 489.1840 175.2399 519.3786 230.6077 1.6816 0.5649 1.4914 -3.3654 1.7598 22.7532 1.6960 0.1058
Cyclist -1 -1 1.7015 492.0909 175.4618 516.5080 231.9928 1.7092 0.5489 1.6780 -3.3624 1.7947 22.7331 1.5556 0.8614
Car -1 -1 -0.6192 970.4220 187.4567 1242.0000 357.6407 1.5284 1.6467 3.9023 6.0756 1.6994 7.5319 0.0398 0.8969
Car -1 -1 -0.3865 761.8982 188.3896 974.8599 262.2834 1.4603 1.6128 4.0141 5.4229 1.8157 15.5654 -0.0581 0.8491
Car -1 -1 -1.7162 629.2293 180.3439 680.9821 217.4550 1.4431 1.6183 4.1491 1.8291 1.7881 31.0555 -1.6586 0.8460
Car -1 -1 3.6308 0.0000 173.6285 317.8655 290.3957 1.6962 1.6877 3.9646 -7.0016 1.7099 11.4336 3.0913 0.8132
Car -1 -1 -0.3139 756.8266 174.2811 944.4024 241.7444 1.5820 1.6830 4.0657 5.7819 1.6193 17.8060 -0.0055 0.8039
Car -1 -1 -0.6785 907.2672 184.3055 1241.4226 302.1938 1.4613 1.6108 3.8444 6.3854 1.6402 10.1984 -0.1329 0.8035
Car -1 -1 2.5998 811.7022 187.5248 1080.2394 285.9119 1.5469 1.6513 4.0376 5.7735 1.8281 12.7345 3.0157 0.7833
Car -1 -1 -2.3539 0.0000 184.5660 171.1139 371.5868 1.5286 1.6322 3.9090 -6.6855 1.6553 6.8935 -3.1048 0.7219
Car -1 -1 3.3904 351.1903 179.7439 474.1022 223.4118 1.4634 1.5746 3.8805 -6.8823 1.7127 25.2513 3.1265 0.7095
Car -1 -1 -2.8204 382.2370 181.2264 492.8508 222.1919 1.5040 1.6116 3.8419 -6.6532 1.8389 27.8573 -3.0532 0.6813
Car -1 -1 0.4492 73.7591 160.0168 370.6427 269.2723 1.9558 1.8342 4.7171 -7.3197 1.7264 13.8969 -0.0281 0.5198
