Pedestrian -1 -1 1.5208 369.7656 133.0772 395.1859 201.7069 1.8770 0.6412 0.7869 -6.4261 0.7895 20.2110 1.2165 0.1921
Car -1 -1 1.8170 393.2833 178.3215 515.1058 264.8906 1.6162 1.6498 3.9745 -3.2858 1.7512 15.7437 1.6137 0.9232
Car -1 -1 -1.8369 722.6337 181.5481 847.9968 259.6963 1.4046 1.5781 3.8336 3.5170 1.6135 15.3514 -1.6168 0.9145
Car -1 -1 1.9962 0.0000 165.0791 384.0000 375.0000 1.7231 1.6785 4.3420 -3.5448 1.6761 6.6083 1.5196 0.8987
Car -1 -1 -1.8071 686.8333 161.7397 777.7931 230.7751 1.8472 1.6877 4.2119 3.4651 1.5502 21.4700 -1.6499 0.8745
Car -1 -1 1.6992 458.2561 175.2907 530.5189 237.4906 1.6059 1.5801 3.5902 -3.2551 1.6819 20.5846 1.5437 0.7952
Car -1 -1 1.6206 487.2425 179.8495 533.2250 221.3682 1.4438 1.5600 3.7472 -3.8081 1.7312 27.6737 1.4845 0.5698
Car -1 -1 2.4153 0.0000 196.8697 119.2927 375.0000 1.4503 1.5993 3.8659 -3.4476 1.5887 2.1316 1.4545 0.3273
Car -1 -1 1.3055 515.6524 179.1493 554.5729 204.0053 1.5356 1.5804 3.9328 -5.0304 1.9713 47.7672 1.2006 0.2144
Car -1 -1 -2.0711 456.2294 160.5343 502.1104 183.3568 1.6872 1.6731 4.1725 -10.1225 0.7768 55.4880 -2.2509 0.2100
