Pedestrian -1 -1 -2.2978 154.3719 143.4467 209.8526 230.5629 1.7176 0.5334 0.8569 -8.7117 1.1382 14.6096 -2.8277 0.3661
Pedestrian -1 -1 -3.2503 1197.6941 84.4425 1242.0000 210.7450 1.8339 0.7172 0.5922 9.2835 0.5505 10.9361 -2.5592 0.2471
Cyclist -1 -1 1.3534 798.5373 175.7394 819.2198 214.7991 1.7385 0.5567 1.6850 9.0706 1.8747 33.0938 1.6181 0.3894
Cyclist -1 -1 -1.6502 818.4373 169.2626 834.5124 210.3811 1.6197 0.4774 1.7755 8.7504 1.4786 29.3374 -1.3635 0.2299
Car -1 -1 -1.8931 865.9019 181.4498 1242.0000 375.0000 1.4427 1.5405 3.5477 3.0596 1.5315 5.5503 -1.4126 0.8757
Car -1 -1 1.7061 546.9392 177.6658 614.4204 226.3430 1.5259 1.7938 4.3105 -0.9759 1.7099 25.2891 1.6672 0.8594
Car -1 -1 1.5623 722.3937 175.8618 761.0232 214.7239 1.7513 1.7381 4.1622 6.3285 1.9070 35.0505 1.7388 0.7819
Car -1 -1 1.6094 610.2161 177.6931 642.8371 207.8292 1.6292 1.7337 4.3161 0.9735 1.9255 41.9203 1.6319 0.6660
Car -1 -1 -1.6767 808.7675 192.7334 952.4171 320.4246 1.5080 1.5829 3.8034 3.9387 1.8723 11.1799 -1.3475 0.3351
Car -1 -1 -1.6954 711.0182 178.7807 746.2200 206.6828 1.5151 1.5442 3.7896 6.8099 1.8755 41.9137 -1.5359 0.3040
Car -1 -1 -1.6746 529.5345 154.6165 559.6935 180.8220 1.6943 1.6262 3.9063 -4.4824 0.5155 48.7230 -1.7660 0.2056
