Car -1 -1 -0.3876 750.0915 186.7971 999.3665 283.0455 1.5051 1.6101 3.7040 4.3967 1.7637 12.4523 -0.0567 0.9014
Car -1 -1 3.5758 53.5351 187.4572 324.4073 271.9032 1.4457 1.6325 4.1336 -7.8429 1.7424 13.6638 3.0628 0.8849
Car -1 -1 0.7751 0.0000 193.7918 180.8515 337.4551 1.4716 1.6151 4.0544 -7.6450 1.7485 8.5949 0.0634 0.6985
Car -1 -1 0.8670 981.5411 187.8738 1047.3424 214.6952 1.6257 1.6514 3.9615 26.9034 2.6731 48.1928 1.3730 0.6477
Car -1 -1 -0.3848 715.0602 187.9672 924.0750 269.3389 1.5300 1.6310 3.8352 4.2164 1.8659 14.9813 -0.1166 0.6277
Car -1 -1 -1.4439 322.6427 169.9182 383.9869 219.0189 1.7884 1.7382 4.3557 -10.1156 1.6818 28.5890 -1.7814 0.5350
Car -1 -1 3.4360 174.7369 178.2625 354.3821 246.4435 1.6351 1.6794 3.8487 -8.8083 1.7830 18.5817 2.9985 0.5118
Car -1 -1 3.3657 114.8827 181.6515 318.5989 255.9167 1.4802 1.5829 3.6786 -8.5501 1.6898 15.9141 2.8793 0.4697
Car -1 -1 0.2941 224.1678 182.5396 382.9702 239.6919 1.5697 1.6292 3.9863 -8.9270 1.8678 21.1687 -0.1009 0.4651
Car -1 -1 -1.8119 451.0307 184.8996 486.9110 208.0434 1.5092 1.6132 3.9233 -10.1062 2.4027 51.3740 -2.0056 0.4154
Car -1 -1 -1.3170 1054.8901 190.5949 1124.6171 230.7377 1.5701 1.6613 3.8643 21.1517 2.3999 31.8203 -0.7352 0.3492
Car -1 -1 1.1311 148.8357 172.5858 216.3840 201.0967 1.5207 1.6331 4.1709 -23.9490 1.5067 40.3300 0.5980 0.2696
