Car -1 -1 -1.8748 695.1702 183.8887 835.9902 280.5275 1.4983 1.5424 3.4146 2.6755 1.7305 13.3741 -1.6828 0.9062
Car -1 -1 1.7483 399.1682 185.1236 493.8829 251.9667 1.4775 1.6880 4.0811 -4.1674 1.8324 18.7778 1.5322 0.8972
Car -1 -1 -2.0516 801.6589 187.6428 1175.6136 375.0000 1.4990 1.5141 3.3058 2.9986 1.6697 6.6048 -1.6434 0.8937
Car -1 -1 -1.7737 659.2783 178.4925 756.5699 250.7282 1.5650 1.6126 3.8131 2.2572 1.7206 17.9012 -1.6512 0.8670
Car -1 -1 -1.7510 635.5165 178.5257 708.2229 229.2939 1.4894 1.6122 4.3585 1.9008 1.6954 23.9177 -1.6734 0.8061
Car -1 -1 1.7268 438.7801 185.5745 506.6815 234.1443 1.4333 1.6272 4.1614 -4.6065 1.9026 24.4949 1.5422 0.6814
Car -1 -1 2.3645 0.0000 184.7409 195.3762 375.0000 1.4639 1.5807 3.8437 -3.3795 1.5404 2.6505 1.5073 0.6486
Car -1 -1 -1.6365 628.5572 176.5037 665.2839 209.1749 1.5090 1.5572 3.6770 1.7366 1.6987 35.5882 -1.5887 0.5644
Car -1 -1 1.4892 606.3931 175.5044 630.4229 195.2551 1.4962 1.5803 3.9668 0.6101 1.7143 57.2394 1.4994 0.4514
Car -1 -1 1.6903 483.1471 179.7715 525.6956 214.2655 1.5319 1.5795 3.8477 -5.0685 1.8842 34.7634 1.5461 0.3642
