Pedestrian -1 -1 -1.6797 570.9886 161.3765 601.0325 234.7474 1.8330 0.6535 1.0692 -0.4406 1.3315 18.5181 -1.7085 0.8395
Pedestrian -1 -1 -1.2969 836.5591 149.1220 953.6622 374.0000 1.7094 0.6387 1.0030 2.3075 1.4793 5.7248 -0.9353 0.8273
Pedestrian -1 -1 -2.6933 963.0527 123.4362 1099.0453 308.7993 1.8044 0.6500 1.0638 4.4818 1.2405 7.6121 -2.1815 0.7696
Pedestrian -1 -1 -1.7612 601.3235 161.8630 625.9537 213.3054 1.8559 0.7161 1.0471 0.4212 1.1485 26.4921 -1.7506 0.7375
Pedestrian -1 -1 1.7281 471.9322 164.7601 486.5266 203.9797 1.7450 0.5430 0.7332 -5.5093 1.0011 32.3293 1.5556 0.6790
Pedestrian -1 -1 -1.1938 613.7849 164.2269 644.6249 227.3262 1.6726 0.5759 0.8354 0.7298 1.2159 19.5361 -1.1622 0.6570
Pedestrian -1 -1 0.1551 488.5668 163.9490 522.9141 249.2379 1.7849 0.7420 0.6276 -2.0815 1.4189 15.4073 0.0176 0.5802
Pedestrian -1 -1 -1.9523 627.4455 162.5113 658.3005 230.8021 1.6992 0.5341 0.7657 1.0179 1.2279 18.3193 -1.9028 0.5736
Pedestrian -1 -1 -1.2437 651.8205 164.6543 679.3573 223.7148 1.6404 0.5344 0.8742 1.8028 1.1737 20.4562 -1.1621 0.4703
Pedestrian -1 -1 -1.4241 297.1628 196.9612 362.7616 331.2828 1.5879 0.6704 0.7426 -3.4377 1.7928 9.0229 -1.7848 0.4498
Pedestrian -1 -1 -1.2246 175.4758 210.2870 263.4195 374.0000 1.6007 0.5194 0.7485 -3.6883 1.8944 6.8865 -1.7073 0.4471
Cyclist -1 -1 -2.6040 958.2715 125.8317 1098.6892 313.4261 1.8162 0.6380 1.1039 4.4337 1.2786 7.5895 -2.0956 0.1025
Cyclist -1 -1 -1.4127 296.7035 196.1770 362.8313 331.6095 1.6013 0.6670 0.7580 -3.4401 1.7960 9.0238 -1.7736 0.1001
Car -1 -1 1.6528 544.2198 169.4471 572.4206 192.8256 1.5400 1.6266 4.0678 -2.9112 0.7467 49.3631 1.5893 0.6151
