Pedestrian -1 -1 -0.3853 1012.6251 159.6291 1079.3770 241.3675 1.7303 0.6514 1.0721 9.4027 1.4507 15.6716 0.1463 0.4122
Cyclist -1 -1 -0.3958 1008.1109 161.9288 1086.3682 243.0421 1.7181 0.6735 1.2954 9.4439 1.4870 15.7023 0.1368 0.2976
Car -1 -1 -1.9383 823.7884 192.0018 1100.8788 355.7585 1.4787 1.6047 4.0418 3.9672 1.7733 9.0375 -1.5379 0.9099
Car -1 -1 -1.7464 725.8413 182.4901 810.5949 245.3979 1.5175 1.6031 3.8056 4.2073 1.8096 19.9173 -1.5421 0.9035
Car -1 -1 -1.9017 751.8405 181.3134 887.8760 267.3419 1.5008 1.5490 3.5436 4.0819 1.6956 14.7625 -1.6380 0.9026
Car -1 -1 1.7814 453.6858 184.0593 525.9532 234.0685 1.5288 1.6553 4.0514 -4.1169 1.9501 25.0429 1.6194 0.8906
Car -1 -1 -1.7084 706.7946 180.1866 767.5569 228.9123 1.5491 1.5858 3.6830 4.3477 1.8261 25.3611 -1.5413 0.7444
Car -1 -1 -2.4530 1025.9139 189.8597 1242.0000 375.0000 1.4568 1.6031 3.9482 3.8597 1.5821 3.2769 -1.6302 0.6565
Car -1 -1 -1.6919 694.6578 178.8929 745.6312 219.2902 1.5644 1.6251 4.1709 4.5672 1.8391 30.6727 -1.5462 0.6402
Car -1 -1 1.7552 495.2277 182.9967 548.8516 223.1975 1.5515 1.5924 3.8479 -3.7278 2.0127 30.8093 1.6351 0.5390
Car -1 -1 1.6958 560.6743 181.1894 590.3814 203.2491 1.4874 1.6315 4.3855 -2.4970 2.1214 52.5972 1.6481 0.4952
Car -1 -1 1.6294 515.7448 182.6840 553.4222 216.2513 1.5142 1.6262 4.0298 -3.7261 2.0301 35.7946 1.5258 0.4250
