Pedestrian -1 -1 -1.8323 721.0344 167.3507 755.7610 239.3434 1.7051 0.4084 1.7191 3.1276 1.5751 17.9609 -1.6634 0.1846
Pedestrian -1 -1 -1.5173 730.0823 166.7843 765.8328 258.8569 1.7618 0.6379 1.6987 2.7798 1.6461 14.7045 -1.3351 0.1333
Cyclist -1 -1 -1.6596 730.5472 166.0681 769.9438 260.1479 1.7973 0.6146 1.7827 2.7814 1.6680 14.6974 -1.4773 0.9019
Cyclist -1 -1 -1.8323 721.0344 167.3507 755.7610 239.3434 1.7051 0.4084 1.7191 3.1276 1.5751 17.9609 -1.6634 0.4778
Car -1 -1 1.8325 475.4466 185.6957 564.5651 245.3572 1.4269 1.5444 3.6821 -2.4388 1.8180 20.0171 1.7120 0.8843
Car -1 -1 2.3192 0.0000 209.3155 225.8961 375.0000 1.4561 1.5918 3.9863 -4.2354 1.7770 4.3430 1.5766 0.7192
Car -1 -1 1.8035 627.6844 177.3066 669.4357 205.7572 1.6000 1.6547 3.8933 2.3299 1.8808 43.3340 1.8563 0.5897
Car -1 -1 1.6152 520.4761 173.1059 550.3461 200.7300 1.4641 1.4976 3.4780 -4.1391 1.4791 40.0512 1.5125 0.3278
Car -1 -1 1.5067 766.9056 172.8232 792.5592 193.7255 1.5110 1.6095 4.0528 12.7064 1.5091 54.2871 1.7350 0.2896
Car -1 -1 1.8172 674.6069 177.0846 706.6455 197.2515 1.4842 1.5703 3.9265 6.2784 1.8259 56.1014 1.9276 0.2543
Car -1 -1 1.7016 647.0417 176.4420 678.8208 200.6615 1.5062 1.5895 3.9908 3.5016 1.7539 47.6112 1.7741 0.2424
