Pedestrian -1 -1 1.7878 984.4067 96.4924 1032.0992 190.2928 1.7559 0.5184 1.5514 7.8357 0.3268 14.2612 2.2819 0.1533
Pedestrian -1 -1 -3.2092 857.8960 232.7223 916.1622 375.0000 1.6792 0.5974 0.5952 3.2206 2.4212 8.5665 -2.8633 0.1438
Pedestrian -1 -1 0.2745 855.2325 178.0800 873.3085 213.9832 1.7917 0.6570 0.7158 12.8684 2.0608 36.6178 0.6093 0.1431
Pedestrian -1 -1 -2.1644 296.0100 164.9627 325.9981 221.2103 1.8279 0.6558 0.6699 -9.9498 1.5718 23.9034 -2.5553 0.1337
Pedestrian -1 -1 0.8199 1093.3627 178.0162 1149.8651 274.4461 1.7416 0.6171 0.5934 9.4448 1.8403 13.4039 1.4226 0.1251
Pedestrian -1 -1 -1.3922 1000.0698 118.7870 1043.3429 217.2463 1.7110 0.5447 0.8603 7.3958 0.7718 13.0413 -0.8859 0.1241
Pedestrian -1 -1 -1.6051 330.0654 166.5070 343.0200 204.2713 1.8183 0.5630 0.8708 -13.4007 1.5130 35.2479 -1.9662 0.1190
Pedestrian -1 -1 -1.7014 209.1480 156.7791 231.0359 209.4752 1.8161 0.5837 0.7633 -13.7433 1.2624 25.3437 -2.1941 0.1178
Cyclist -1 -1 2.0732 972.7107 96.9196 1044.8307 189.5582 1.7453 0.5284 1.6562 7.8441 0.3151 14.2623 2.5677 0.3688
Cyclist -1 -1 -1.2519 841.1372 150.3128 882.4841 209.1803 1.7076 0.6490 1.8363 7.5970 1.0541 21.8550 -0.9218 0.1680
Car -1 -1 2.9887 526.9518 192.6773 601.4534 220.1224 1.4559 1.5995 4.0531 -2.6710 2.6233 41.2540 2.9237 0.7982
Car -1 -1 1.5539 521.3204 191.0716 541.4909 210.5928 1.5630 1.7030 4.1824 -7.0223 3.2350 64.0226 1.4446 0.2128
