Pedestrian -1 -1 1.6613 281.8380 177.3417 304.3737 231.8053 1.8534 0.6643 0.5811 -11.0174 2.0116 24.9949 1.2496 0.3075
Car -1 -1 1.9165 245.7393 194.2721 436.1773 320.6945 1.4935 1.5358 3.5156 -3.8819 1.8694 10.8847 1.5807 0.9049
Car -1 -1 -1.6387 658.6065 182.3407 709.6873 226.0869 1.4189 1.5620 3.8484 2.5789 1.7892 26.1899 -1.5424 0.8814
Car -1 -1 -0.3743 822.5425 163.8440 1023.0197 230.0407 1.6743 1.7318 4.5685 8.1319 1.4467 19.1602 0.0211 0.8515
Car -1 -1 2.1894 0.0000 206.4167 287.3206 375.0000 1.4541 1.5871 4.0266 -3.5124 1.7428 4.1428 1.5171 0.7885
Car -1 -1 2.8263 753.0518 167.5840 868.9218 211.4624 1.6718 1.6783 4.0758 7.8180 1.4714 28.4283 3.0916 0.7597
Car -1 -1 1.7186 406.3885 187.7262 467.3080 232.5420 1.4804 1.6303 4.3301 -6.5574 2.0942 27.5349 1.4864 0.7067
Car -1 -1 -3.4657 794.1765 158.6921 958.6655 216.6441 1.7112 1.7408 4.4240 8.0534 1.2934 22.2149 -3.1226 0.6702
Car -1 -1 1.7433 477.3005 184.2689 516.9449 213.0701 1.5243 1.6076 3.9819 -6.5166 2.2175 41.7806 1.5890 0.5171
Car -1 -1 1.8792 317.4865 192.0487 419.0042 255.1834 1.4533 1.5437 3.7011 -6.4825 2.0243 19.5917 1.5631 0.5138
