Pedestrian -1 -1 0.9993 568.4844 170.1784 616.4586 228.9217 1.7645 0.6833 1.7033 -0.6113 1.6845 22.5662 0.9717 0.1225
Cyclist -1 -1 1.5856 580.6915 169.6820 602.7144 230.2035 1.8174 0.6613 1.7494 -0.6071 1.7225 22.5426 1.5581 0.8571
Cyclist -1 -1 -1.8331 742.5153 184.9241 929.9542 354.1796 1.6369 1.4005 2.5813 2.4290 1.8004 8.4552 -1.5642 0.1057
Car -1 -1 1.7592 460.3841 171.7104 548.2438 243.7480 1.8512 1.7334 4.1047 -2.9471 1.8222 20.6303 1.6183 0.9371
Car -1 -1 -2.6454 112.4952 172.3549 374.4615 251.1093 1.4715 1.6602 4.4092 -7.2274 1.4625 14.3914 -3.1038 0.8777
Car -1 -1 -1.7271 693.9096 183.6063 814.5815 277.7631 1.4439 1.5704 3.6188 2.4560 1.6698 13.3049 -1.5496 0.8409
Car -1 -1 -1.8045 740.6499 190.6382 937.9636 360.5305 1.5511 1.4414 2.9873 2.4146 1.7965 8.4203 -1.5361 0.8010
Car -1 -1 -1.4167 515.0963 179.6049 570.3159 222.9040 1.5579 1.6054 3.8104 -2.6316 1.8434 28.5180 -1.5085 0.7709
Car -1 -1 1.5182 637.7342 176.2179 667.0673 202.0764 1.5397 1.6258 4.0111 2.6006 1.7615 45.4915 1.5745 0.6102
Car -1 -1 1.6902 632.8140 170.5400 656.8315 188.4211 1.5269 1.6408 4.1630 3.0901 1.3296 63.7978 1.7381 0.2444
Car -1 -1 1.7154 572.8912 172.1081 597.5123 190.3364 1.5657 1.6326 3.9586 -2.1895 1.5020 64.0313 1.6811 0.2048
