Pedestrian -1 -1 0.7071 817.9771 180.3510 887.5044 244.0326 1.6806 0.7940 1.7435 6.7279 1.9009 20.2137 1.0232 0.2123
Cyclist -1 -1 0.7470 817.6902 180.8001 888.0054 245.8348 1.7085 0.8157 1.7754 6.7121 1.9417 20.1648 1.0631 0.4091
Car -1 -1 2.0317 195.0088 191.5755 399.8621 292.0334 1.4973 1.7540 4.4574 -5.7637 1.9175 13.8911 1.6445 0.9162
Car -1 -1 -1.8108 725.6061 177.4944 869.8032 274.6315 1.5180 1.6168 4.0068 3.2553 1.6180 13.4757 -1.5798 0.8904
Car -1 -1 1.8767 348.6612 191.1385 448.5262 257.3997 1.5483 1.5642 3.7069 -5.7129 2.0970 19.7651 1.5982 0.8768
Car -1 -1 1.8922 431.4464 185.0484 505.9895 227.9296 1.5055 1.6625 4.2178 -5.5756 2.0294 28.7795 1.7019 0.8717
Car -1 -1 -1.9923 787.9781 189.6543 1115.2668 373.5223 1.4164 1.5644 4.0218 3.2743 1.6501 7.9740 -1.6168 0.8677
Car -1 -1 1.3812 685.2614 181.3214 753.3525 230.4279 1.4234 1.5148 3.5091 3.4062 1.7184 23.3172 1.5237 0.8198
Car -1 -1 2.2417 0.0000 209.3608 177.6927 375.0000 1.4600 1.5958 3.8453 -5.9263 1.8951 6.6375 1.5326 0.7957
Car -1 -1 -0.6509 1037.7997 151.6289 1242.0000 274.5724 1.5071 1.6296 3.9330 8.1719 1.2473 9.7214 0.0330 0.7520
Car -1 -1 1.4062 668.9515 178.5793 726.0885 220.7262 1.5563 1.6282 4.1057 3.4327 1.8058 29.2994 1.5210 0.7367
Car -1 -1 -1.6802 651.7077 178.0481 691.5056 211.1553 1.6137 1.6343 4.0162 3.1391 1.9011 37.8335 -1.5987 0.5558
Car -1 -1 1.7274 501.3167 180.2745 538.0961 207.2236 1.5196 1.6094 4.0256 -5.4696 1.9919 43.8449 1.6036 0.4118
Car -1 -1 -2.1123 890.6955 120.7997 1109.0780 231.3315 2.1601 1.9192 5.3034 8.6478 1.1432 16.8136 -1.6446 0.3940
Car -1 -1 0.7411 818.0865 180.0001 888.3778 244.2970 1.6948 0.8088 1.7810 6.7371 1.9049 20.2070 1.0577 0.1118
