Pedestrian -1 -1 -0.8815 968.9409 187.6971 1003.1160 247.1888 1.6877 0.5886 0.6796 10.9337 2.1299 21.0735 -0.4095 0.2012
Pedestrian -1 -1 -2.2726 534.6901 16.5445 644.6539 205.3227 1.7749 0.5774 1.0493 -0.2776 0.3056 7.3635 -2.3092 0.1851
Pedestrian -1 -1 -1.0232 806.6240 176.5342 834.1558 225.3645 1.7611 0.6580 0.7968 7.7166 1.8998 26.6094 -0.7446 0.1349
Pedestrian -1 -1 -2.8476 790.6586 175.3855 812.2500 225.3548 1.7586 0.6183 0.5965 6.8181 1.8512 25.8529 -2.5933 0.1196
Pedestrian -1 -1 -2.6182 921.4278 165.3065 952.2768 220.9672 1.8010 0.6413 0.7024 10.7424 1.5571 23.8159 -2.1996 0.1081
Cyclist -1 -1 -1.9533 548.2004 12.9055 640.9897 204.9290 1.7885 0.5767 1.0681 -0.2358 0.2991 7.3226 -1.9846 0.1262
Car -1 -1 1.8970 330.2555 182.9663 420.6091 235.4672 1.6241 1.7379 4.1929 -8.1212 2.0079 25.2424 1.5883 0.8980
Car -1 -1 2.1986 0.0000 182.7655 208.8569 312.6171 1.6315 1.5650 3.5805 -8.0421 1.8097 11.1387 1.5843 0.8881
Car -1 -1 -1.5650 585.1625 181.2644 619.4384 214.5641 1.5387 1.6358 4.3033 -0.4196 1.9907 36.5846 -1.5771 0.7937
Car -1 -1 1.6293 492.9401 180.9202 524.1269 209.3074 1.5016 1.5475 3.7259 -5.7839 1.9838 41.1753 1.4902 0.1778
Car -1 -1 -1.6421 656.0266 154.0424 689.8072 183.8083 1.5862 1.6022 3.8173 3.4399 0.5841 40.3657 -1.5579 0.1701
