Car -1 -1 -1.7087 654.8865 180.1657 718.6505 234.4894 1.6878 1.6744 3.5535 2.5076 1.9569 24.7101 -1.6096 0.9264
Car -1 -1 1.8399 257.7543 189.2974 493.5861 349.5731 1.5058 1.7009 4.3492 -2.7533 1.7704 9.4066 1.5615 0.9018
Car -1 -1 1.2956 730.7716 181.9547 913.6445 316.0236 1.5764 1.5499 3.5679 2.8193 1.7323 10.5262 1.5490 0.8661
Car -1 -1 1.6799 499.1552 186.9885 557.3690 239.0517 1.5616 1.5718 3.6043 -2.7391 2.0757 24.4221 1.5687 0.8347
Car -1 -1 1.0724 775.3098 203.2819 1242.0000 375.0000 1.4526 1.5874 3.7715 2.4690 1.7513 5.1323 1.4970 0.8233
Car -1 -1 -1.6497 644.1662 179.9852 685.2177 216.7636 1.6185 1.6274 4.0832 2.5255 1.9810 34.5907 -1.5781 0.6196
Car -1 -1 -1.6773 634.6473 177.1066 665.8112 202.4342 1.6171 1.6597 4.2164 2.6542 1.9186 48.9372 -1.6240 0.5790
Car -1 -1 1.4484 546.3454 185.3064 576.6031 209.9928 1.5289 1.5837 3.7507 -3.3400 2.4039 48.6850 1.3797 0.4167
Car -1 -1 -1.6790 647.9006 186.8384 694.6135 228.5713 1.5234 1.5011 3.5200 2.3903 2.1263 29.3092 -1.5992 0.2896
Car -1 -1 -1.7451 684.3406 167.8417 722.9188 193.8438 1.4779 1.5869 4.0796 5.5040 1.1934 43.0831 -1.6192 0.2563
