Pedestrian -1 -1 1.3137 593.8438 170.6130 623.4503 232.3218 1.7605 0.7226 0.6312 -0.0907 1.6969 20.9801 1.3085 0.8356
Pedestrian -1 -1 -0.3612 379.4169 161.5561 419.6528 215.3612 1.6862 0.5303 1.1254 -6.7982 1.3325 23.1589 -0.6440 0.2356
Pedestrian -1 -1 -1.5753 749.5233 154.8581 778.3669 241.7365 1.7366 0.5660 0.9435 3.1294 1.3772 14.9381 -1.3735 0.1981
Pedestrian -1 -1 1.7198 236.8683 124.6076 280.2682 235.6292 1.7524 0.5159 0.8624 -5.8226 0.9912 11.8741 1.2724 0.1401
Pedestrian -1 -1 -1.4200 300.4873 124.9094 335.5364 209.3849 1.8319 0.5890 0.9578 -6.5847 0.7925 16.1774 -1.8011 0.1202
Cyclist -1 -1 -0.6097 382.3776 163.6606 429.1198 216.8889 1.6663 0.4634 1.4473 -6.6263 1.3789 23.2912 -0.8843 0.2731
Car -1 -1 2.1887 0.0000 188.1127 334.9777 375.0000 1.5384 1.6239 4.0278 -3.7208 1.6947 5.3323 1.6020 0.9021
Car -1 -1 -1.5601 621.4741 176.4465 681.1387 231.5732 1.4341 1.5750 3.8427 1.1659 1.5488 20.9927 -1.5062 0.8019
Car -1 -1 -1.6147 611.4899 164.8055 635.7370 188.5693 1.7596 1.6750 4.1955 0.9872 1.1640 55.5420 -1.5973 0.2005
Car -1 -1 1.9196 366.5952 153.8437 424.0892 186.3361 1.5917 1.5922 3.9538 -11.0774 0.6608 37.3653 1.6332 0.1320
Car -1 -1 -2.0031 637.1510 153.9566 683.2869 179.9923 1.9644 1.8305 4.6820 3.8794 0.5389 56.9502 -1.9356 0.1194
