Car -1 -1 -1.8181 681.9588 180.0923 813.8616 265.6039 1.5012 1.6574 4.3179 2.6752 1.6769 15.2565 -1.6488 0.9370
Car -1 -1 0.4063 304.3763 183.7602 476.5092 244.0241 1.4731 1.6238 4.0362 -5.7770 1.7772 19.0493 0.1151 0.8773
Car -1 -1 -2.4156 0.0000 197.3395 266.5667 346.7109 1.4955 1.6180 3.7619 -6.3662 1.8194 8.5394 -3.0417 0.8762
Car -1 -1 -1.7039 665.7036 179.3814 725.1957 223.0270 1.4165 1.5791 4.0923 2.9630 1.6716 26.0941 -1.5928 0.8423
Car -1 -1 -2.1285 824.3589 191.1424 1242.0000 375.0000 1.4427 1.5406 3.5929 2.9867 1.6280 5.4423 -1.6504 0.8126
Car -1 -1 -2.5751 0.2121 185.7419 324.8014 296.2749 1.5151 1.6415 3.9454 -6.6876 1.7272 10.9710 -3.1121 0.7916
Car -1 -1 0.5983 136.1506 180.1590 384.5284 273.8312 1.5829 1.6588 3.9386 -6.5026 1.7312 13.4912 0.1564 0.7361
Car -1 -1 0.3410 326.0149 176.1206 464.7341 226.7371 1.4537 1.5537 3.6943 -6.4406 1.5563 21.7104 0.0554 0.6028
Car -1 -1 -1.6001 648.1470 174.9856 676.2769 200.7985 1.5372 1.6335 4.0598 3.2108 1.6777 45.3680 -1.5304 0.5758
Car -1 -1 -2.8389 340.0950 171.2979 472.1106 219.6440 1.5479 1.6345 3.9122 -6.7521 1.4985 23.9762 -3.1110 0.5181
Car -1 -1 -1.3823 463.1744 175.8042 518.4581 217.5484 1.6142 1.5973 3.7299 -4.9352 1.7452 30.0510 -1.5442 0.4875
Car -1 -1 -2.3028 0.0000 201.1979 130.6268 375.0000 1.4698 1.5857 3.7879 -6.5492 1.7468 6.1625 -3.0970 0.3854
