Cyclist -1 -1 1.6147 544.0189 168.7342 556.9970 205.1046 1.7930 0.5788 1.7728 -3.0363 1.5902 36.4643 1.5317 0.6917
Car -1 -1 -0.3935 858.9294 173.4442 1167.8870 275.2315 1.5184 1.6564 4.0810 6.3181 1.5292 11.7766 0.0879 0.9044
Car -1 -1 -1.9510 780.7036 193.0644 1143.0524 375.0000 1.3911 1.5653 3.8070 2.8143 1.6371 6.8594 -1.5780 0.8631
Car -1 -1 0.6745 0.0000 174.9626 323.1895 312.0511 1.5513 1.6653 4.1054 -6.0984 1.5817 9.2349 0.1037 0.7636
Car -1 -1 -2.7055 216.2500 175.3631 419.7274 244.9611 1.5049 1.6287 4.0315 -6.6702 1.5662 16.5978 -3.0826 0.7312
Car -1 -1 -2.5813 42.0654 168.4630 320.2692 265.1687 1.4660 1.5749 3.6394 -6.9253 1.3998 11.7932 -3.1027 0.7234
Car -1 -1 -0.3766 785.5822 177.8509 973.6329 246.1338 1.5275 1.6326 3.8544 6.2602 1.6527 17.1457 -0.0328 0.7193
Car -1 -1 2.7600 712.2610 177.3266 836.5406 219.9487 1.4089 1.5709 3.9250 5.6527 1.5721 25.1737 2.9778 0.7173
Car -1 -1 2.8027 731.6115 176.3471 876.1359 228.6357 1.5342 1.6446 3.9896 5.8782 1.6472 22.2886 3.0566 0.7132
Car -1 -1 0.3204 306.3034 170.0430 455.7470 225.0919 1.5476 1.6408 3.8519 -6.6740 1.4690 21.1368 0.0177 0.6820
Car -1 -1 3.5246 143.3664 177.8601 391.3918 259.1851 1.4531 1.6140 4.0059 -6.4988 1.5562 13.9013 3.0942 0.6643
Car -1 -1 -0.2825 715.5399 168.5737 830.9590 210.2084 1.5270 1.6264 3.9767 6.1033 1.3704 27.4040 -0.0661 0.6619
Car -1 -1 -0.4391 830.0500 174.6227 1061.3391 253.4990 1.4578 1.5964 3.8175 6.4404 1.4951 14.2107 -0.0220 0.6467
Car -1 -1 -2.8329 315.3867 161.5247 471.7599 217.7247 1.7800 1.7685 4.6186 -7.0899 1.4215 23.7841 -3.1200 0.6169
Car -1 -1 0.8478 0.0000 178.8007 208.7642 364.0608 1.4896 1.6111 3.9223 -6.2573 1.5558 6.9230 0.1318 0.4937
Car -1 -1 -1.7530 632.1443 175.2504 674.4208 205.1509 1.5806 1.6400 4.1382 2.3458 1.7231 40.6397 -1.6963 0.4873
Car -1 -1 0.4539 453.9326 172.4245 531.8804 201.3289 1.4569 1.5722 3.7012 -6.1361 1.4356 37.6538 0.2931 0.4680
